ticker,date,open,high,low,close
ABUS,2007-07-23,7.22,7.27,7.17,7.22
ABUS,2007-07-24,6.9,6.9,6.9,6.9
ABUS,2007-07-25,6.86,6.86,6.86,6.86
ABUS,2007-07-26,6.29,6.35,6.29,6.29
ABUS,2007-07-27,6.25,6.25,6.25,6.25
ABUS,2007-07-30,5.57,5.79,5.57,5.57
ABUS,2007-07-31,5.55,5.55,5.55,5.55
ABUS,2007-08-01,6.42,6.42,6.32,6.42
ABUS,2007-08-02,6.07,6.07,6.07,6.07
ABUS,2007-08-03,6.32,6.32,6.32,6.32
ABUS,2007-08-06,6.3,6.3,6.3,6.3
ABUS,2007-08-07,6.68,6.68,6.68,6.68
ABUS,2007-08-08,6.54,6.54,6.54,6.54
ABUS,2007-08-09,7.06,7.06,7.06,7.06
ABUS,2007-08-10,6.87,6.87,6.87,6.87
ABUS,2007-08-13,6.85,6.85,6.85,6.85
ABUS,2007-08-14,5.96,5.96,5.96,5.96
ABUS,2007-08-15,5.26,5.81,5.26,5.26
ABUS,2007-08-16,5.06,5.27,5.06,5.06
ABUS,2007-08-17,5.61,5.61,5.04,5.61
ABUS,2007-08-20,5.49,5.49,5.44,5.49
ABUS,2007-08-21,5.93,5.95,5.36,5.93
ABUS,2007-08-22,6.26,6.26,6.0,6.26
ABUS,2007-08-23,6.25,6.25,6.25,6.25
ABUS,2007-08-24,5.75,5.75,5.75,5.75
ABUS,2007-08-27,6.0,6.0,6.0,6.0
ABUS,2007-08-28,6.0,6.0,6.0,6.0
ABUS,2007-08-29,5.7,5.71,5.7,5.7
ABUS,2007-08-30,5.7,5.7,5.7,5.7
ABUS,2007-08-31,5.7,5.7,5.7,5.7
ABUS,2007-09-04,5.7,5.7,5.7,5.7
ABUS,2007-09-05,5.7,5.7,5.7,5.7
ABUS,2007-09-06,5.98,5.98,5.98,5.98
ABUS,2007-09-07,6.0,6.0,6.0,6.0
ABUS,2007-09-10,6.0,6.0,6.0,6.0
ABUS,2007-09-11,6.0,6.0,6.0,6.0
ABUS,2007-09-12,5.99,5.99,5.99,5.99
ABUS,2007-09-13,5.72,5.72,5.71,5.72
ABUS,2007-09-14,5.98,5.98,5.98,5.98
ABUS,2007-09-17,6.18,6.45,6.18,6.18
ABUS,2007-09-18,6.36,6.46,6.0,6.36
ABUS,2007-09-19,6.35,6.35,6.35,6.35
ABUS,2007-09-20,6.24,6.24,6.24,6.24
ABUS,2007-09-21,6.47,6.47,6.47,6.47
ABUS,2007-09-24,6.64,6.65,6.64,6.64
ABUS,2007-09-25,6.78,6.94,6.63,6.78
ABUS,2007-09-26,6.82,6.82,6.81,6.82
ABUS,2007-09-27,6.8,6.8,6.77,6.8
ABUS,2007-09-28,6.53,6.79,6.53,6.53
ABUS,2007-10-01,6.5,6.5,6.5,6.5
ABUS,2007-10-02,6.46,6.46,6.46,6.46
ABUS,2007-10-03,6.45,6.45,6.45,6.45
ABUS,2007-10-04,6.45,6.45,6.45,6.45
ABUS,2007-10-05,7.28,7.28,7.28,7.28
ABUS,2007-10-08,7.3,7.3,7.3,7.3
ABUS,2007-10-09,8.95,9.3,7.95,8.95
ABUS,2007-10-10,8.5,9.5,8.5,8.5
ABUS,2007-10-11,8.4,8.4,8.4,8.4
ABUS,2007-10-12,8.4,8.4,8.4,8.4
ABUS,2007-10-15,8.75,8.8,8.54,8.75
ABUS,2007-10-16,8.75,8.75,8.75,8.75
ABUS,2007-10-17,8.72,8.72,8.71,8.72
ABUS,2007-10-18,8.5,8.5,8.5,8.5
ABUS,2007-10-19,8.5,8.5,8.5,8.5
ABUS,2007-10-22,8.41,8.41,8.41,8.41
ABUS,2007-10-23,8.4,8.4,8.4,8.4
ABUS,2007-10-24,8.4,8.4,8.4,8.4
ABUS,2007-10-25,7.97,7.97,7.97,7.97
ABUS,2007-10-26,7.73,7.73,7.73,7.73
ABUS,2007-10-29,7.75,7.75,7.75,7.75
ABUS,2007-10-30,7.38,7.38,7.23,7.38
ABUS,2007-10-31,7.4,7.4,7.4,7.4
ABUS,2007-11-01,7.0,7.05,7.0,7.0
ABUS,2007-11-02,7.0,7.0,7.0,7.0
ABUS,2007-11-05,6.96,6.96,6.96,6.96
ABUS,2007-11-06,6.95,6.95,6.95,6.95
ABUS,2007-11-07,6.95,6.95,6.95,6.95
ABUS,2007-11-08,6.95,6.95,6.95,6.95
ABUS,2007-11-09,6.27,6.27,6.27,6.27
ABUS,2007-11-12,6.25,6.25,6.25,6.25
ABUS,2007-11-13,6.18,6.2,6.05,6.18
ABUS,2007-11-14,6.32,6.32,6.32,6.32
ABUS,2007-11-15,6.3,6.3,6.3,6.3
ABUS,2007-11-16,6.3,6.3,6.3,6.3
ABUS,2007-11-19,5.58,5.91,5.49,5.58
ABUS,2007-11-20,5.48,5.48,5.48,5.48
ABUS,2007-11-21,5.48,5.48,5.48,5.48
ABUS,2007-11-23,5.6,5.6,5.6,5.6
ABUS,2007-11-26,6.07,6.07,5.37,6.07
ABUS,2007-11-27,6.05,6.05,6.05,6.05
ABUS,2007-11-28,6.05,6.05,6.05,6.05
ABUS,2007-11-29,6.05,6.33,6.05,6.05
ABUS,2007-11-30,6.05,6.3,6.05,6.05
ABUS,2007-12-03,5.9,6.15,5.8,5.9
ABUS,2007-12-04,5.7,5.9,5.7,5.7
ABUS,2007-12-05,5.38,5.58,5.38,5.38
ABUS,2007-12-06,5.6,5.6,5.39,5.6
ABUS,2007-12-07,5.65,5.7,5.53,5.65
ABUS,2007-12-10,5.65,5.65,5.65,5.65
ABUS,2007-12-11,5.45,5.45,5.45,5.45
ABUS,2007-12-12,5.43,5.43,5.43,5.43
ABUS,2007-12-13,5.45,5.45,5.45,5.45
ABUS,2007-12-14,5.45,5.45,5.45,5.45
ABUS,2007-12-17,5.45,5.45,5.45,5.45
ABUS,2007-12-18,5.45,5.45,5.45,5.45
ABUS,2007-12-19,5.45,5.45,5.45,5.45
ABUS,2007-12-20,4.79,4.79,4.79,4.79
ABUS,2007-12-21,4.8,4.8,4.8,4.8
ABUS,2007-12-24,4.8,4.8,4.8,4.8
ABUS,2007-12-26,4.8,4.8,4.8,4.8
ABUS,2007-12-27,4.62,4.87,4.62,4.62
ABUS,2007-12-28,4.67,4.67,4.57,4.67
ABUS,2007-12-31,4.53,4.53,4.53,4.53
ABUS,2008-01-02,5.1,5.1,4.98,5.1
ABUS,2008-01-03,5.1,5.1,5.1,5.1
ABUS,2008-01-04,5.1,5.1,5.1,5.1
ABUS,2008-01-07,5.1,5.1,5.1,5.1
ABUS,2008-01-08,5.14,5.14,5.14,5.14
ABUS,2008-01-09,5.2,5.2,5.2,5.2
ABUS,2008-01-10,4.96,4.96,4.96,4.96
ABUS,2008-01-11,4.85,4.98,4.8,4.85
ABUS,2008-01-14,4.99,5.55,4.99,4.99
ABUS,2008-01-15,4.99,4.99,4.99,4.99
ABUS,2008-01-16,5.0,5.0,5.0,5.0
ABUS,2008-01-17,5.0,5.0,5.0,5.0
ABUS,2008-01-18,5.0,5.0,5.0,5.0
ABUS,2008-01-22,5.0,5.0,5.0,5.0
ABUS,2008-01-23,5.0,5.0,5.0,5.0
ABUS,2008-01-24,5.0,5.0,5.0,5.0
ABUS,2008-01-25,5.0,5.0,5.0,5.0
ABUS,2008-01-28,5.0,5.0,5.0,5.0
ABUS,2008-01-29,4.05,4.05,3.93,4.05
ABUS,2008-01-30,4.0,4.0,4.0,4.0
ABUS,2008-01-31,4.71,4.71,3.96,4.71
ABUS,2008-02-01,4.95,5.29,4.95,4.95
ABUS,2008-02-04,4.95,4.95,4.95,4.95
ABUS,2008-02-05,4.79,4.95,4.79,4.79
ABUS,2008-02-06,4.41,4.41,4.41,4.41
ABUS,2008-02-07,4.23,4.48,4.23,4.23
ABUS,2008-02-08,4.52,4.53,4.48,4.52
ABUS,2008-02-11,4.5,4.5,4.5,4.5
ABUS,2008-02-12,4.6,4.83,4.6,4.6
ABUS,2008-02-13,4.6,4.6,4.6,4.6
ABUS,2008-02-14,4.6,4.6,4.6,4.6
ABUS,2008-02-15,4.6,4.6,4.6,4.6
ABUS,2008-02-19,4.6,4.6,4.6,4.6
ABUS,2008-02-20,4.6,4.6,4.6,4.6
ABUS,2008-02-21,4.6,4.6,4.6,4.6
ABUS,2008-02-22,4.6,4.6,4.6,4.6
ABUS,2008-02-25,4.6,4.6,4.6,4.6
ABUS,2008-02-26,4.6,4.6,4.6,4.6
ABUS,2008-02-27,4.66,4.66,4.66,4.66
ABUS,2008-02-28,4.65,4.65,4.65,4.65
ABUS,2008-02-29,4.65,4.65,4.65,4.65
ABUS,2008-03-03,4.23,4.24,4.23,4.23
ABUS,2008-03-04,4.0,4.0,4.0,4.0
ABUS,2008-03-05,4.0,4.0,4.0,4.0
ABUS,2008-03-06,4.04,4.04,4.0,4.04
ABUS,2008-03-07,4.0,4.0,4.0,4.0
ABUS,2008-03-10,4.0,4.04,4.0,4.0
ABUS,2008-03-11,4.05,4.15,3.95,4.05
ABUS,2008-03-12,4.0,4.08,4.0,4.0
ABUS,2008-03-13,4.13,4.13,4.03,4.13
ABUS,2008-03-14,4.15,4.15,4.15,4.15
ABUS,2008-03-17,4.03,4.03,4.03,4.03
ABUS,2008-03-18,4.0,4.0,4.0,4.0
ABUS,2008-03-19,4.0,4.0,4.0,4.0
ABUS,2008-03-20,3.89,4.05,3.88,3.89
ABUS,2008-03-24,4.0,4.0,4.0,4.0
ABUS,2008-03-25,4.0,4.0,4.0,4.0
ABUS,2008-03-26,3.9,3.93,3.9,3.9
ABUS,2008-03-27,3.77,3.77,3.77,3.77
ABUS,2008-03-28,4.05,4.2,4.05,4.05
ABUS,2008-03-31,5.79,6.89,5.31,5.79
ABUS,2008-04-01,6.85,6.88,5.63,6.85
ABUS,2008-04-02,6.25,6.68,5.99,6.25
ABUS,2008-04-03,6.11,6.11,6.05,6.11
ABUS,2008-04-04,6.0,6.0,5.8,6.0
ABUS,2008-04-07,5.92,6.39,5.92,5.92
ABUS,2008-04-08,6.42,6.42,6.11,6.42
ABUS,2008-04-09,6.38,6.38,6.1,6.38
ABUS,2008-04-10,5.85,5.85,5.73,5.85
ABUS,2008-04-11,5.72,5.72,5.72,5.72
ABUS,2008-04-14,5.74,5.74,5.49,5.74
ABUS,2008-04-15,5.75,5.75,5.75,5.75
ABUS,2008-04-16,5.75,5.75,5.75,5.75
ABUS,2008-04-17,5.23,5.44,5.23,5.23
ABUS,2008-04-18,5.85,5.85,5.85,5.85
ABUS,2008-04-21,5.85,5.85,5.85,5.85
ABUS,2008-04-22,5.83,5.83,5.68,5.83
ABUS,2008-04-23,5.41,5.49,5.41,5.41
ABUS,2008-04-24,5.4,5.4,5.4,5.4
ABUS,2008-04-25,5.62,5.62,5.47,5.62
ABUS,2008-04-28,5.92,5.92,5.5,5.92
ABUS,2008-04-29,5.55,5.88,5.55,5.55
ABUS,2008-04-30,5.61,5.61,5.61,5.61
ABUS,2008-05-01,5.79,5.79,5.79,5.79
ABUS,2008-05-02,5.9,5.9,5.85,5.9
ABUS,2008-05-05,5.9,5.9,5.9,5.9
ABUS,2008-05-06,5.94,5.95,5.94,5.94
ABUS,2008-05-07,6.24,6.24,5.98,6.24
ABUS,2008-05-08,6.03,6.37,6.03,6.03
ABUS,2008-05-09,6.0,6.12,6.0,6.0
ABUS,2008-05-12,6.0,6.12,6.0,6.0
ABUS,2008-05-13,6.0,6.13,6.0,6.0
ABUS,2008-05-14,6.1,6.18,6.08,6.1
ABUS,2008-05-15,6.29,6.4,6.1,6.29
ABUS,2008-05-16,6.5,6.5,6.2,6.5
ABUS,2008-05-19,6.5,6.5,6.5,6.5
ABUS,2008-05-20,6.67,6.76,6.58,6.67
ABUS,2008-05-21,6.65,6.76,6.6,6.65
ABUS,2008-05-22,6.83,6.92,6.75,6.83
ABUS,2008-05-23,6.85,6.85,6.85,6.85
ABUS,2008-05-27,7.2,7.31,7.19,7.2
ABUS,2008-05-28,7.2,7.2,7.2,7.2
ABUS,2008-05-29,7.03,7.03,7.03,7.03
ABUS,2008-05-30,7.05,7.05,7.05,7.05
ABUS,2008-06-02,6.98,7.1,6.91,6.98
ABUS,2008-06-03,7.09,7.09,7.09,7.09
ABUS,2008-06-04,7.05,7.11,7.05,7.05
ABUS,2008-06-05,7.05,7.05,7.05,7.05
ABUS,2008-06-06,6.48,6.48,6.48,6.48
ABUS,2008-06-09,6.46,6.46,6.46,6.46
ABUS,2008-06-10,5.96,6.08,5.96,5.96
ABUS,2008-06-11,5.2,5.95,5.2,5.2
ABUS,2008-06-12,5.43,5.43,4.98,5.43
ABUS,2008-06-13,4.89,5.55,4.89,4.89
ABUS,2008-06-16,5.1,5.19,5.1,5.1
ABUS,2008-06-17,5.0,5.1,5.0,5.0
ABUS,2008-06-18,5.12,5.12,5.12,5.12
ABUS,2008-06-19,5.13,5.13,5.13,5.13
ABUS,2008-06-20,4.93,4.93,4.93,4.93
ABUS,2008-06-23,4.55,5.17,4.55,4.55
ABUS,2008-06-24,4.55,4.55,4.55,4.55
ABUS,2008-06-25,5.25,5.25,4.99,5.25
ABUS,2008-06-26,4.93,4.93,4.93,4.93
ABUS,2008-06-27,5.19,5.19,5.19,5.19
ABUS,2008-06-30,4.88,4.95,4.88,4.88
ABUS,2008-07-01,4.9,4.9,4.9,4.9
ABUS,2008-07-02,5.24,5.24,4.95,5.24
ABUS,2008-07-03,5.2,5.21,5.2,5.2
ABUS,2008-07-07,4.69,4.69,4.69,4.69
ABUS,2008-07-08,4.13,4.13,4.13,4.13
ABUS,2008-07-09,4.52,4.52,4.52,4.52
ABUS,2008-07-10,4.73,4.92,4.73,4.73
ABUS,2008-07-11,4.75,4.75,4.75,4.75
ABUS,2008-07-14,4.75,4.75,4.75,4.75
ABUS,2008-07-15,4.51,4.51,4.46,4.51
ABUS,2008-07-16,4.72,4.72,4.47,4.72
ABUS,2008-07-17,4.75,4.75,4.75,4.75
ABUS,2008-07-18,4.55,4.55,4.55,4.55
ABUS,2008-07-21,4.77,4.77,4.66,4.77
ABUS,2008-07-22,4.49,4.73,4.49,4.49
ABUS,2008-07-23,4.24,4.5,4.14,4.24
ABUS,2008-07-24,4.25,4.25,4.25,4.25
ABUS,2008-07-25,4.44,4.44,4.44,4.44
ABUS,2008-07-28,4.45,4.45,4.45,4.45
ABUS,2008-07-29,4.42,4.42,4.07,4.42
ABUS,2008-07-30,4.67,4.67,4.67,4.67
ABUS,2008-07-31,4.67,4.67,4.62,4.67
ABUS,2008-08-01,4.46,4.46,4.46,4.46
ABUS,2008-08-04,4.45,4.45,4.45,4.45
ABUS,2008-08-05,4.2,4.54,4.2,4.2
ABUS,2008-08-06,4.41,4.42,4.38,4.41
ABUS,2008-08-07,4.45,4.55,4.45,4.45
ABUS,2008-08-08,4.48,4.48,4.43,4.48
ABUS,2008-08-11,4.5,4.5,4.5,4.5
ABUS,2008-08-12,4.44,4.44,4.4,4.44
ABUS,2008-08-13,4.53,4.77,4.42,4.53
ABUS,2008-08-14,4.99,4.99,4.99,4.99
ABUS,2008-08-15,4.63,4.63,4.58,4.63
ABUS,2008-08-18,4.5,4.5,4.5,4.5
ABUS,2008-08-19,4.5,4.5,4.49,4.5
ABUS,2008-08-20,4.42,4.54,4.42,4.42
ABUS,2008-08-21,4.5,4.5,4.5,4.5
ABUS,2008-08-22,4.42,4.42,4.42,4.42
ABUS,2008-08-25,3.98,3.98,3.98,3.98
ABUS,2008-08-26,4.56,4.56,4.41,4.56
ABUS,2008-08-27,4.23,4.23,4.23,4.23
ABUS,2008-08-28,4.39,4.39,4.39,4.39
ABUS,2008-08-29,4.4,4.45,4.4,4.4
ABUS,2008-09-02,4.38,4.38,4.38,4.38
ABUS,2008-09-03,4.25,4.26,4.25,4.25
ABUS,2008-09-04,4.25,4.25,4.25,4.25
ABUS,2008-09-05,4.06,4.15,4.06,4.06
ABUS,2008-09-08,4.21,4.21,4.16,4.21
ABUS,2008-09-09,3.72,4.01,3.72,3.72
ABUS,2008-09-10,3.76,4.0,3.72,3.76
ABUS,2008-09-11,3.74,3.97,3.68,3.74
ABUS,2008-09-12,3.75,3.75,3.75,3.75
ABUS,2008-09-15,3.77,3.77,3.77,3.77
ABUS,2008-09-16,3.61,3.66,3.38,3.61
ABUS,2008-09-17,3.6,3.6,3.6,3.6
ABUS,2008-09-18,3.53,3.53,3.53,3.53
ABUS,2008-09-19,4.05,4.05,3.56,4.05
ABUS,2008-09-22,3.88,3.88,3.7,3.88
ABUS,2008-09-23,3.74,3.74,3.74,3.74
ABUS,2008-09-24,3.54,3.75,3.54,3.54
ABUS,2008-09-25,3.8,3.8,3.65,3.8
ABUS,2008-09-26,3.61,3.8,3.56,3.61
ABUS,2008-09-29,3.19,3.48,3.19,3.19
ABUS,2008-09-30,3.32,3.37,3.29,3.32
ABUS,2008-10-01,3.28,3.38,3.28,3.28
ABUS,2008-10-02,2.94,3.0,2.91,2.94
ABUS,2008-10-03,3.13,3.13,3.13,3.13
ABUS,2008-10-06,2.48,3.0,2.46,2.48
ABUS,2008-10-07,2.56,2.71,2.46,2.56
ABUS,2008-10-08,2.39,2.45,2.3,2.39
ABUS,2008-10-09,1.97,2.29,1.97,1.97
ABUS,2008-10-10,1.78,1.78,1.67,1.78
ABUS,2008-10-13,1.8,1.8,1.8,1.8
ABUS,2008-10-14,2.58,2.58,2.21,2.58
ABUS,2008-10-15,1.8,2.25,1.8,1.8
ABUS,2008-10-16,2.05,2.05,1.74,2.05
ABUS,2008-10-17,1.88,1.89,1.88,1.88
ABUS,2008-10-20,2.0,2.0,1.74,2.0
ABUS,2008-10-21,2.0,2.0,2.0,2.0
ABUS,2008-10-22,1.87,1.87,1.73,1.87
ABUS,2008-10-23,1.73,1.73,1.73,1.73
ABUS,2008-10-24,1.48,1.59,1.48,1.48
ABUS,2008-10-27,1.63,1.69,1.63,1.69
ABUS,2008-10-28,1.37,1.54,1.37,1.54
ABUS,2008-10-29,1.65,1.65,1.56,1.63
ABUS,2008-10-30,1.59,1.66,1.58,1.65
ABUS,2008-10-31,1.63,1.69,1.6,1.68
ABUS,2008-11-03,1.83,1.83,1.83,1.83
ABUS,2008-11-04,1.98,2.15,1.65,2.15
ABUS,2008-11-05,2.05,2.05,1.83,1.83
ABUS,2008-11-06,1.63,1.65,1.62,1.62
ABUS,2008-11-07,1.93,1.93,1.93,1.93
ABUS,2008-11-10,1.95,1.95,1.95,1.95
ABUS,2008-11-11,1.68,1.85,1.68,1.8
ABUS,2008-11-12,1.57,1.57,1.57,1.57
ABUS,2008-11-13,1.71,1.73,1.71,1.73
ABUS,2008-11-14,1.75,1.75,1.75,1.75
ABUS,2008-11-17,1.49,1.59,1.49,1.5
ABUS,2008-11-18,1.58,1.68,1.49,1.49
ABUS,2008-11-19,1.5,1.5,1.5,1.5
ABUS,2008-11-20,1.5,1.5,1.5,1.5
ABUS,2008-11-21,1.47,1.47,1.47,1.47
ABUS,2008-11-24,1.49,1.49,1.41,1.41
ABUS,2008-11-25,1.44,1.45,1.44,1.45
ABUS,2008-11-26,1.49,1.5,1.48,1.48
ABUS,2008-11-28,1.44,1.44,1.44,1.44
ABUS,2008-12-01,1.45,1.45,1.45,1.45
ABUS,2008-12-02,1.61,1.61,1.5,1.5
ABUS,2008-12-03,1.58,1.58,1.58,1.58
ABUS,2008-12-04,1.6,1.6,1.6,1.6
ABUS,2008-12-05,1.45,1.57,1.45,1.57
ABUS,2008-12-08,1.36,1.5,1.36,1.5
ABUS,2008-12-09,1.4,1.45,1.4,1.45
ABUS,2008-12-10,1.45,1.45,1.45,1.45
ABUS,2008-12-11,1.45,1.45,1.45,1.45
ABUS,2008-12-12,1.6,1.6,1.2,1.2
ABUS,2008-12-15,1.25,1.42,1.21,1.39
ABUS,2008-12-16,1.15,1.33,1.15,1.32
ABUS,2008-12-17,1.3,1.3,1.3,1.3
ABUS,2008-12-18,1.49,1.49,1.4,1.4
ABUS,2008-12-19,1.5,1.5,1.5,1.5
ABUS,2008-12-22,1.5,1.5,1.5,1.5
ABUS,2008-12-23,1.29,1.53,1.29,1.39
ABUS,2008-12-24,1.3,1.3,1.3,1.3
ABUS,2008-12-26,1.3,1.3,1.3,1.3
ABUS,2008-12-29,1.5,1.54,1.49,1.54
ABUS,2008-12-30,1.55,1.55,1.55,1.55
ABUS,2008-12-31,1.54,1.7,1.42,1.43
ABUS,2009-01-02,1.99,1.99,1.88,1.88
ABUS,2009-01-05,2.02,2.7,1.9,2.11
ABUS,2009-01-06,2.69,2.85,2.54,2.73
ABUS,2009-01-07,2.55,2.96,2.54,2.9
ABUS,2009-01-08,2.92,3.07,2.84,2.87
ABUS,2009-01-09,2.63,2.63,2.63,2.63
ABUS,2009-01-12,2.61,2.65,2.61,2.65
ABUS,2009-01-13,2.65,2.65,2.65,2.65
ABUS,2009-01-14,2.24,2.55,2.24,2.55
ABUS,2009-01-15,2.48,2.48,2.48,2.48
ABUS,2009-01-16,2.67,2.67,2.62,2.62
ABUS,2009-01-20,2.51,2.52,2.47,2.47
ABUS,2009-01-21,2.67,2.67,2.67,2.67
ABUS,2009-01-22,2.7,2.7,2.7,2.7
ABUS,2009-01-23,2.68,2.7,2.68,2.7
ABUS,2009-01-26,2.77,2.77,2.64,2.64
ABUS,2009-01-27,2.75,2.75,2.63,2.72
ABUS,2009-01-28,2.7,2.7,2.7,2.7
ABUS,2009-01-29,2.78,2.78,2.68,2.68
ABUS,2009-01-30,2.64,2.65,2.61,2.65
ABUS,2009-02-02,2.65,2.65,2.65,2.65
ABUS,2009-02-03,2.65,2.65,2.65,2.65
ABUS,2009-02-04,2.6,2.71,2.6,2.6
ABUS,2009-02-05,2.59,2.63,2.59,2.63
ABUS,2009-02-06,2.51,2.55,2.4,2.55
ABUS,2009-02-09,2.56,2.56,2.53,2.53
ABUS,2009-02-10,2.55,2.55,2.55,2.55
ABUS,2009-02-11,2.55,2.55,2.55,2.55
ABUS,2009-02-12,2.47,2.51,2.35,2.51
ABUS,2009-02-13,2.61,2.73,2.61,2.67
ABUS,2009-02-17,2.59,2.71,2.59,2.67
ABUS,2009-02-18,2.65,2.65,2.65,2.65
ABUS,2009-02-19,2.37,2.53,2.37,2.53
ABUS,2009-02-20,2.52,2.55,2.36,2.55
ABUS,2009-02-23,2.47,2.47,2.46,2.46
ABUS,2009-02-24,2.55,2.68,2.55,2.59
ABUS,2009-02-25,2.81,2.81,2.81,2.81
ABUS,2009-02-26,2.92,2.92,2.71,2.75
ABUS,2009-02-27,2.74,2.74,2.6,2.6
ABUS,2009-03-02,2.55,2.55,2.34,2.42
ABUS,2009-03-03,2.4,2.4,2.4,2.4
ABUS,2009-03-04,2.49,2.49,2.37,2.37
ABUS,2009-03-05,2.59,2.59,2.27,2.27
ABUS,2009-03-06,2.25,2.25,2.25,2.25
ABUS,2009-03-09,2.42,2.45,2.41,2.45
ABUS,2009-03-10,2.45,2.45,2.45,2.45
ABUS,2009-03-11,2.45,2.45,2.45,2.45
ABUS,2009-03-12,2.55,2.55,2.42,2.47
ABUS,2009-03-13,2.45,2.45,2.45,2.45
ABUS,2009-03-16,2.45,2.45,2.45,2.45
ABUS,2009-03-17,2.26,2.5,2.26,2.5
ABUS,2009-03-18,2.5,2.5,2.5,2.5
ABUS,2009-03-19,2.64,2.64,2.64,2.64
ABUS,2009-03-20,2.65,2.65,2.65,2.65
ABUS,2009-03-23,2.45,2.59,2.41,2.59
ABUS,2009-03-24,2.6,2.6,2.6,2.6
ABUS,2009-03-25,2.58,2.62,2.38,2.58
ABUS,2009-03-26,2.6,2.6,2.6,2.6
ABUS,2009-03-27,2.76,2.89,2.6,2.89
ABUS,2009-03-30,2.61,2.68,2.5,2.68
ABUS,2009-03-31,2.7,2.7,2.7,2.7
ABUS,2009-04-01,2.75,2.75,2.75,2.75
ABUS,2009-04-02,2.85,2.92,2.85,2.92
ABUS,2009-04-03,2.9,2.9,2.9,2.9
ABUS,2009-04-06,2.69,2.92,2.69,2.92
ABUS,2009-04-07,3.25,3.71,3.12,3.71
ABUS,2009-04-08,4.09,4.09,3.58,3.58
ABUS,2009-04-09,3.48,3.78,3.44,3.49
ABUS,2009-04-13,3.41,3.45,3.41,3.45
ABUS,2009-04-14,3.49,3.53,3.49,3.53
ABUS,2009-04-15,3.44,3.66,3.44,3.55
ABUS,2009-04-16,3.52,4.04,3.52,4.04
ABUS,2009-04-17,4.05,4.05,4.05,4.05
ABUS,2009-04-20,4.05,4.05,4.05,4.05
ABUS,2009-04-21,3.2,3.51,3.2,3.51
ABUS,2009-04-22,3.23,3.42,3.23,3.42
ABUS,2009-04-23,3.16,3.45,3.16,3.45
ABUS,2009-04-24,3.53,3.54,3.53,3.53
ABUS,2009-04-27,3.62,3.62,3.25,3.55
ABUS,2009-04-28,3.55,3.55,3.55,3.55
ABUS,2009-04-29,3.3,3.56,3.3,3.55
ABUS,2009-04-30,3.5,3.5,3.25,3.5
ABUS,2009-05-01,3.59,3.59,3.25,3.48
ABUS,2009-05-04,3.67,3.67,3.33,3.33
ABUS,2009-05-05,3.5,3.61,3.5,3.61
ABUS,2009-05-06,3.94,3.94,3.94,3.94
ABUS,2009-05-07,3.95,4.07,3.81,4.07
ABUS,2009-05-08,4.17,4.24,4.17,4.24
ABUS,2009-05-11,5.02,5.72,4.97,5.62
ABUS,2009-05-12,5.74,6.44,5.65,5.8
ABUS,2009-05-13,5.8,5.83,4.95,5.37
ABUS,2009-05-14,5.45,5.8,5.45,5.48
ABUS,2009-05-15,5.39,5.64,5.35,5.52
ABUS,2009-05-18,5.5,5.5,5.5,5.5
ABUS,2009-05-19,5.43,5.54,5.15,5.32
ABUS,2009-05-20,5.34,5.5,5.12,5.49
ABUS,2009-05-21,5.38,5.38,4.97,4.98
ABUS,2009-05-22,5.11,5.6,5.08,5.47
ABUS,2009-05-26,5.21,5.4,5.21,5.34
ABUS,2009-05-27,5.56,5.56,5.32,5.32
ABUS,2009-05-28,5.53,5.55,5.53,5.55
ABUS,2009-05-29,5.7,5.7,5.68,5.68
ABUS,2009-06-01,5.58,5.81,5.55,5.55
ABUS,2009-06-02,5.73,5.73,4.93,5.6
ABUS,2009-06-03,5.43,5.43,5.43,5.43
ABUS,2009-06-04,5.59,5.71,5.59,5.71
ABUS,2009-06-05,5.59,5.59,5.59,5.59
ABUS,2009-06-08,5.26,5.51,5.13,5.51
ABUS,2009-06-09,5.32,5.68,5.22,5.44
ABUS,2009-06-10,5.45,5.45,5.45,5.45
ABUS,2009-06-11,5.36,5.47,5.36,5.47
ABUS,2009-06-12,5.4,5.46,5.2,5.33
ABUS,2009-06-15,5.18,5.43,5.18,5.43
ABUS,2009-06-16,5.48,5.5,5.28,5.34
ABUS,2009-06-17,5.45,5.45,5.35,5.36
ABUS,2009-06-18,5.34,5.38,5.34,5.34
ABUS,2009-06-19,5.35,5.35,5.35,5.35
ABUS,2009-06-22,5.31,5.31,4.97,4.97
ABUS,2009-06-23,4.95,5.14,4.93,5.01
ABUS,2009-06-24,5.0,5.0,5.0,5.0
ABUS,2009-06-25,5.0,5.0,5.0,5.0
ABUS,2009-06-26,4.82,5.0,4.82,4.95
ABUS,2009-06-29,4.88,4.9,4.78,4.86
ABUS,2009-06-30,5.05,5.05,4.6,4.86
ABUS,2009-07-01,4.85,4.85,4.85,4.85
ABUS,2009-07-02,4.87,4.91,4.6,4.69
ABUS,2009-07-06,4.62,5.0,4.58,4.98
ABUS,2009-07-07,4.75,4.91,4.75,4.91
ABUS,2009-07-08,4.5,4.83,4.41,4.82
ABUS,2009-07-09,4.68,4.81,4.68,4.8
ABUS,2009-07-10,4.53,4.53,4.47,4.47
ABUS,2009-07-13,4.38,4.38,4.1,4.28
ABUS,2009-07-14,4.2,4.25,4.2,4.25
ABUS,2009-07-15,4.31,4.31,4.31,4.31
ABUS,2009-07-16,4.41,4.41,4.27,4.27
ABUS,2009-07-17,4.5,4.5,4.5,4.5
ABUS,2009-07-20,4.54,4.58,4.28,4.55
ABUS,2009-07-21,4.53,4.79,4.4,4.4
ABUS,2009-07-22,4.56,4.56,4.56,4.56
ABUS,2009-07-23,4.59,4.63,4.59,4.63
ABUS,2009-07-24,4.65,4.65,4.65,4.65
ABUS,2009-07-27,4.33,4.6,4.33,4.6
ABUS,2009-07-28,4.34,4.46,4.15,4.25
ABUS,2009-07-29,4.4,4.4,4.4,4.4
ABUS,2009-07-30,4.55,5.04,4.55,5.04
ABUS,2009-07-31,4.76,5.14,4.76,5.11
ABUS,2009-08-03,5.1,5.1,5.1,5.1
ABUS,2009-08-04,5.1,5.25,4.81,5.02
ABUS,2009-08-05,5.18,5.18,4.88,5.0
ABUS,2009-08-06,5.11,5.5,5.0,5.5
ABUS,2009-08-07,5.28,5.33,5.03,5.03
ABUS,2009-08-10,4.96,5.33,4.73,5.33
ABUS,2009-08-11,5.28,5.28,4.77,4.79
ABUS,2009-08-12,5.1,5.1,5.0,5.0
ABUS,2009-08-13,5.07,5.07,4.58,4.86
ABUS,2009-08-14,4.87,4.87,4.85,4.85
ABUS,2009-08-17,4.84,4.98,4.84,4.86
ABUS,2009-08-18,4.87,4.87,4.87,4.87
ABUS,2009-08-19,4.72,4.94,4.72,4.93
ABUS,2009-08-20,5.27,5.27,4.88,5.0
ABUS,2009-08-21,5.0,5.28,5.0,5.09
ABUS,2009-08-24,5.16,5.2,4.98,5.2
ABUS,2009-08-25,5.2,5.2,4.95,5.17
ABUS,2009-08-26,5.24,5.24,5.0,5.19
ABUS,2009-08-27,4.98,5.2,4.92,5.15
ABUS,2009-08-28,5.32,5.32,5.32,5.32
ABUS,2009-08-31,4.9,4.9,4.9,4.9
ABUS,2009-09-01,5.25,5.25,5.0,5.0
ABUS,2009-09-02,5.23,5.25,4.86,4.86
ABUS,2009-09-03,4.91,5.48,4.91,5.13
ABUS,2009-09-04,5.2,5.25,5.13,5.25
ABUS,2009-09-08,5.2,5.25,5.02,5.02
ABUS,2009-09-09,5.2,5.21,5.17,5.2
ABUS,2009-09-10,5.06,5.06,5.06,5.06
ABUS,2009-09-11,5.07,5.07,5.07,5.07
ABUS,2009-09-14,4.72,4.99,4.72,4.99
ABUS,2009-09-15,5.02,5.1,5.01,5.01
ABUS,2009-09-16,5.19,5.19,5.15,5.16
ABUS,2009-09-17,5.04,5.32,4.87,5.26
ABUS,2009-09-18,5.04,5.29,4.86,5.29
ABUS,2009-09-21,5.15,5.15,5.15,5.15
ABUS,2009-09-22,5.19,5.19,5.19,5.19
ABUS,2009-09-23,5.22,5.22,5.22,5.22
ABUS,2009-09-24,5.2,5.2,5.2,5.2
ABUS,2009-09-25,5.13,5.5,5.13,5.5
ABUS,2009-09-28,5.19,5.45,5.14,5.43
ABUS,2009-09-29,5.49,5.49,5.22,5.3
ABUS,2009-09-30,5.44,5.48,5.26,5.47
ABUS,2009-10-01,5.41,5.41,5.41,5.41
ABUS,2009-10-02,5.17,5.36,5.12,5.36
ABUS,2009-10-05,5.25,5.42,5.25,5.42
ABUS,2009-10-06,5.48,5.54,5.24,5.54
ABUS,2009-10-07,5.25,5.28,5.13,5.27
ABUS,2009-10-08,5.53,5.6,5.45,5.52
ABUS,2009-10-09,5.23,5.23,5.11,5.23
ABUS,2009-10-12,5.25,5.25,5.25,5.25
ABUS,2009-10-13,5.53,5.53,5.07,5.51
ABUS,2009-10-14,5.4,5.5,5.4,5.5
ABUS,2009-10-15,5.07,5.07,5.07,5.07
ABUS,2009-10-16,5.1,5.25,5.01,5.25
ABUS,2009-10-19,5.21,5.29,5.21,5.29
ABUS,2009-10-20,5.04,5.04,5.04,5.04
ABUS,2009-10-21,4.99,5.14,4.99,5.14
ABUS,2009-10-22,5.19,5.19,5.19,5.19
ABUS,2009-10-23,5.18,5.18,5.18,5.18
ABUS,2009-10-26,5.2,5.2,5.2,5.2
ABUS,2009-10-27,4.8,4.99,4.67,4.67
ABUS,2009-10-28,4.98,4.98,4.98,4.98
ABUS,2009-10-29,5.0,5.0,5.0,5.0
ABUS,2009-10-30,4.51,4.56,4.15,4.52
ABUS,2009-11-02,4.39,4.61,4.26,4.38
ABUS,2009-11-03,4.8,5.19,4.8,5.15
ABUS,2009-11-04,4.97,4.97,4.74,4.96
ABUS,2009-11-05,5.07,5.07,4.45,4.9
ABUS,2009-11-06,4.88,4.88,4.49,4.65
ABUS,2009-11-09,4.75,4.75,4.37,4.71
ABUS,2009-11-10,4.44,5.0,4.38,5.0
ABUS,2009-11-11,4.81,4.94,4.78,4.8
ABUS,2009-11-12,4.95,4.99,4.95,4.99
ABUS,2009-11-13,4.97,4.97,4.93,4.93
ABUS,2009-11-16,4.61,4.95,4.61,4.9
ABUS,2009-11-17,4.47,4.8,4.47,4.74
ABUS,2009-11-18,4.57,4.57,4.57,4.57
ABUS,2009-11-19,4.59,4.59,4.59,4.59
ABUS,2009-11-20,4.6,4.74,4.6,4.69
ABUS,2009-11-23,4.81,4.81,4.57,4.71
ABUS,2009-11-24,4.7,4.75,4.55,4.56
ABUS,2009-11-25,4.79,4.79,4.69,4.69
ABUS,2009-11-27,4.59,4.65,4.59,4.65
ABUS,2009-11-30,4.71,4.76,4.71,4.76
ABUS,2009-12-01,4.77,4.77,4.75,4.75
ABUS,2009-12-02,4.72,4.79,4.72,4.79
ABUS,2009-12-03,4.72,4.77,4.72,4.77
ABUS,2009-12-04,4.75,4.75,4.55,4.68
ABUS,2009-12-07,4.72,4.72,4.54,4.54
ABUS,2009-12-08,4.51,4.51,4.21,4.35
ABUS,2009-12-09,4.41,4.42,4.38,4.39
ABUS,2009-12-10,4.34,4.34,4.34,4.34
ABUS,2009-12-11,4.3,4.3,4.23,4.23
ABUS,2009-12-14,4.07,4.23,4.04,4.23
ABUS,2009-12-15,4.17,4.17,4.04,4.07
ABUS,2009-12-16,4.07,4.28,4.07,4.26
ABUS,2009-12-17,3.9,4.14,3.8,4.0
ABUS,2009-12-18,3.77,4.15,3.77,4.01
ABUS,2009-12-21,4.08,4.17,4.08,4.17
ABUS,2009-12-22,4.12,4.24,4.12,4.18
ABUS,2009-12-23,4.3,4.6,4.25,4.6
ABUS,2009-12-24,4.66,4.66,4.66,4.66
ABUS,2009-12-28,4.65,4.65,4.65,4.65
ABUS,2009-12-29,4.84,4.84,4.58,4.78
ABUS,2009-12-30,4.59,4.59,4.54,4.54
ABUS,2009-12-31,4.55,4.61,4.55,4.61
ABUS,2010-01-04,4.6,4.6,4.6,4.6
ABUS,2010-01-05,4.41,4.55,4.41,4.55
ABUS,2010-01-06,4.37,4.66,4.37,4.62
ABUS,2010-01-07,4.53,4.62,4.48,4.62
ABUS,2010-01-08,4.43,4.43,3.5,3.95
ABUS,2010-01-11,3.95,4.1,3.95,4.1
ABUS,2010-01-12,3.98,3.98,3.92,3.92
ABUS,2010-01-13,3.83,3.96,3.83,3.96
ABUS,2010-01-14,3.77,3.82,3.63,3.63
ABUS,2010-01-15,3.62,3.76,3.61,3.76
ABUS,2010-01-19,4.19,4.34,4.0,4.34
ABUS,2010-01-20,4.03,4.18,4.03,4.18
ABUS,2010-01-21,3.98,3.98,3.69,3.69
ABUS,2010-01-22,3.71,3.71,3.71,3.71
ABUS,2010-01-25,3.75,3.75,3.33,3.57
ABUS,2010-01-26,3.79,3.79,3.79,3.79
ABUS,2010-01-27,3.8,3.8,3.8,3.8
ABUS,2010-01-28,3.66,3.66,3.45,3.45
ABUS,2010-01-29,3.73,3.73,3.73,3.73
ABUS,2010-02-01,3.63,3.65,3.4,3.64
ABUS,2010-02-02,3.75,3.75,3.75,3.75
ABUS,2010-02-03,3.7,3.84,3.7,3.84
ABUS,2010-02-04,3.73,3.73,3.73,3.73
ABUS,2010-02-05,3.57,3.57,3.57,3.57
ABUS,2010-02-08,3.63,3.63,3.43,3.62
ABUS,2010-02-09,3.67,3.67,3.67,3.67
ABUS,2010-02-10,3.53,3.67,3.53,3.65
ABUS,2010-02-11,3.79,3.79,3.64,3.64
ABUS,2010-02-12,3.49,3.68,3.49,3.68
ABUS,2010-02-16,3.77,3.77,3.42,3.67
ABUS,2010-02-17,3.65,3.65,3.65,3.65
ABUS,2010-02-18,3.53,3.53,3.43,3.53
ABUS,2010-02-19,3.66,3.66,3.66,3.66
ABUS,2010-02-22,3.63,3.67,3.35,3.67
ABUS,2010-02-23,3.57,3.76,3.53,3.76
ABUS,2010-02-24,3.77,3.77,3.67,3.67
ABUS,2010-02-25,3.53,3.66,3.26,3.66
ABUS,2010-02-26,3.65,3.65,3.65,3.65
ABUS,2010-03-01,3.61,3.61,3.61,3.61
ABUS,2010-03-02,3.34,3.5,3.34,3.5
ABUS,2010-03-03,3.35,3.56,3.35,3.56
ABUS,2010-03-04,3.57,3.57,3.57,3.57
ABUS,2010-03-05,3.42,3.57,3.37,3.57
ABUS,2010-03-08,3.53,3.63,3.35,3.58
ABUS,2010-03-09,3.54,3.58,3.54,3.58
ABUS,2010-03-10,3.54,3.54,3.44,3.44
ABUS,2010-03-11,3.42,3.54,3.42,3.54
ABUS,2010-03-12,3.52,3.57,3.36,3.46
ABUS,2010-03-15,3.45,3.55,3.45,3.55
ABUS,2010-03-16,3.91,4.32,3.91,4.32
ABUS,2010-03-17,4.33,4.33,4.08,4.23
ABUS,2010-03-18,4.23,4.63,4.02,4.42
ABUS,2010-03-19,4.39,4.39,3.96,4.16
ABUS,2010-03-22,4.32,4.39,4.16,4.39
ABUS,2010-03-23,4.39,4.45,4.25,4.45
ABUS,2010-03-24,4.38,4.42,4.3,4.42
ABUS,2010-03-25,4.54,4.54,4.38,4.49
ABUS,2010-03-26,4.45,4.46,4.25,4.41
ABUS,2010-03-29,4.43,4.58,4.2,4.24
ABUS,2010-03-30,4.35,4.45,4.2,4.39
ABUS,2010-03-31,4.31,4.46,4.21,4.46
ABUS,2010-04-01,4.47,4.56,4.28,4.56
ABUS,2010-04-05,4.71,4.81,4.56,4.76
ABUS,2010-04-06,4.57,4.83,4.5,4.67
ABUS,2010-04-07,4.56,4.71,4.56,4.71
ABUS,2010-04-08,4.48,4.66,4.28,4.66
ABUS,2010-04-09,4.45,4.68,4.3,4.68
ABUS,2010-04-12,4.62,4.69,4.62,4.69
ABUS,2010-04-13,4.36,4.53,4.36,4.53
ABUS,2010-04-14,4.38,4.6,4.38,4.6
ABUS,2010-04-15,4.33,4.64,4.28,4.64
ABUS,2010-04-16,4.45,4.65,4.41,4.47
ABUS,2010-04-19,4.44,4.52,4.36,4.52
ABUS,2010-04-20,4.66,4.66,4.66,4.66
ABUS,2010-04-21,4.63,4.71,4.57,4.7
ABUS,2010-04-22,4.68,4.7,4.43,4.7
ABUS,2010-04-23,4.67,4.73,4.67,4.73
ABUS,2010-04-26,4.65,4.75,4.46,4.69
ABUS,2010-04-27,4.59,4.6,4.59,4.59
ABUS,2010-04-28,4.57,4.79,4.57,4.78
ABUS,2010-04-29,4.75,4.78,4.75,4.78
ABUS,2010-04-30,4.46,4.46,4.42,4.42
ABUS,2010-05-03,4.46,4.71,4.41,4.7
ABUS,2010-05-04,4.68,4.69,4.51,4.66
ABUS,2010-05-05,4.43,4.67,4.42,4.58
ABUS,2010-05-06,4.57,4.57,4.5,4.5
ABUS,2010-05-07,4.53,4.64,4.44,4.53
ABUS,2010-05-10,4.71,4.74,4.55,4.71
ABUS,2010-05-11,4.71,4.76,4.57,4.73
ABUS,2010-05-12,4.75,5.0,4.73,4.91
ABUS,2010-05-13,4.99,6.11,4.99,6.08
ABUS,2010-05-14,6.18,6.18,5.81,5.92
ABUS,2010-05-17,6.1,6.67,5.91,6.1
ABUS,2010-05-18,6.05,6.07,5.69,5.69
ABUS,2010-05-19,5.8,5.8,5.42,5.6
ABUS,2010-05-20,5.59,5.59,4.47,4.99
ABUS,2010-05-21,5.17,5.46,4.88,5.04
ABUS,2010-05-24,5.05,5.05,5.05,5.05
ABUS,2010-05-25,4.69,4.95,4.45,4.74
ABUS,2010-05-26,4.76,5.4,4.76,5.2
ABUS,2010-05-27,5.51,5.52,5.1,5.52
ABUS,2010-05-28,6.3,6.64,5.91,6.09
ABUS,2010-06-01,6.59,7.46,6.46,7.37
ABUS,2010-06-02,7.45,7.46,6.5,6.83
ABUS,2010-06-03,7.27,7.27,6.55,6.95
ABUS,2010-06-04,6.63,7.11,6.53,7.11
ABUS,2010-06-07,6.94,6.94,6.74,6.74
ABUS,2010-06-08,6.55,6.7,6.46,6.55
ABUS,2010-06-09,6.97,6.97,6.69,6.87
ABUS,2010-06-10,6.73,6.98,6.7,6.93
ABUS,2010-06-11,6.99,7.43,6.95,7.41
ABUS,2010-06-14,7.42,7.47,7.07,7.46
ABUS,2010-06-15,7.64,8.99,7.64,8.68
ABUS,2010-06-16,8.51,8.67,7.56,7.91
ABUS,2010-06-17,7.86,7.86,7.5,7.75
ABUS,2010-06-18,7.95,8.79,7.95,8.09
ABUS,2010-06-21,7.97,8.3,7.95,8.25
ABUS,2010-06-22,8.13,8.33,7.73,7.73
ABUS,2010-06-23,7.85,7.86,7.5,7.67
ABUS,2010-06-24,7.49,7.53,5.2,7.0
ABUS,2010-06-25,7.04,7.32,6.61,7.3
ABUS,2010-06-28,6.82,6.82,6.39,6.81
ABUS,2010-06-29,6.29,6.58,5.87,6.58
ABUS,2010-06-30,6.24,6.61,6.24,6.54
ABUS,2010-07-01,6.55,6.55,6.55,6.55
ABUS,2010-07-02,6.35,6.6,6.26,6.35
ABUS,2010-07-06,6.22,6.5,6.2,6.49
ABUS,2010-07-07,6.46,6.47,6.05,6.44
ABUS,2010-07-08,6.05,6.54,6.05,6.32
ABUS,2010-07-09,6.61,6.61,6.2,6.53
ABUS,2010-07-12,6.53,6.75,6.28,6.5
ABUS,2010-07-13,6.6,6.64,6.5,6.53
ABUS,2010-07-14,6.58,6.63,6.48,6.53
ABUS,2010-07-15,6.55,6.55,6.55,6.55
ABUS,2010-07-16,8.64,9.2,8.34,8.64
ABUS,2010-07-19,8.73,8.98,8.1,8.1
ABUS,2010-07-20,8.14,8.43,8.05,8.43
ABUS,2010-07-21,8.47,8.47,7.85,8.26
ABUS,2010-07-22,8.41,8.41,7.88,7.88
ABUS,2010-07-23,8.16,8.16,8.0,8.12
ABUS,2010-07-26,8.28,8.28,7.95,8.19
ABUS,2010-07-27,8.1,8.21,7.9,8.21
ABUS,2010-07-28,7.97,8.07,7.9,8.02
ABUS,2010-07-29,8.03,8.07,7.95,8.07
ABUS,2010-07-30,7.92,8.12,7.87,7.98
ABUS,2010-08-02,8.0,8.0,8.0,8.0
ABUS,2010-08-03,7.91,8.07,7.87,8.07
ABUS,2010-08-04,8.11,8.16,8.05,8.06
ABUS,2010-08-05,7.89,8.14,7.75,7.92
ABUS,2010-08-06,7.79,8.08,7.79,8.08
ABUS,2010-08-09,8.09,8.17,7.79,7.85
ABUS,2010-08-10,8.01,8.15,7.76,8.06
ABUS,2010-08-11,7.95,8.42,7.94,8.42
ABUS,2010-08-12,8.05,8.19,8.0,8.0
ABUS,2010-08-13,8.0,8.08,7.8,7.98
ABUS,2010-08-16,7.81,8.05,7.71,8.04
ABUS,2010-08-17,8.03,8.13,7.8,8.13
ABUS,2010-08-18,8.05,8.22,8.0,8.13
ABUS,2010-08-19,8.0,8.05,7.99,8.04
ABUS,2010-08-20,8.02,8.02,7.67,8.01
ABUS,2010-08-23,7.84,7.98,7.7,7.8
ABUS,2010-08-24,7.75,7.88,7.74,7.88
ABUS,2010-08-25,7.61,7.71,7.48,7.5
ABUS,2010-08-26,7.43,7.54,7.38,7.39
ABUS,2010-08-27,7.6,7.6,6.86,7.56
ABUS,2010-08-30,7.53,7.7,7.52,7.64
ABUS,2010-08-31,7.51,7.6,6.95,7.6
ABUS,2010-09-01,7.67,7.7,7.67,7.7
ABUS,2010-09-02,7.7,7.84,7.45,7.64
ABUS,2010-09-03,7.63,7.98,7.52,7.94
ABUS,2010-09-07,8.12,8.12,7.63,7.63
ABUS,2010-09-08,8.07,8.24,7.96,8.15
ABUS,2010-09-09,8.15,8.15,8.0,8.1
ABUS,2010-09-10,7.69,7.7,7.01,7.09
ABUS,2010-09-13,7.34,7.45,7.09,7.33
ABUS,2010-09-14,7.2,7.2,6.92,6.92
ABUS,2010-09-15,6.95,7.01,6.67,6.8
ABUS,2010-09-16,7.45,7.45,7.09,7.09
ABUS,2010-09-17,6.82,7.18,6.72,6.89
ABUS,2010-09-20,7.17,7.25,7.04,7.25
ABUS,2010-09-21,7.24,7.24,6.75,7.01
ABUS,2010-09-22,6.72,7.13,6.72,7.13
ABUS,2010-09-23,7.2,7.2,6.78,7.06
ABUS,2010-09-24,7.18,7.18,7.18,7.18
ABUS,2010-09-27,7.18,7.18,6.76,6.85
ABUS,2010-09-28,6.82,6.82,6.66,6.66
ABUS,2010-09-29,6.66,6.72,6.51,6.51
ABUS,2010-09-30,6.68,6.68,6.01,6.01
ABUS,2010-10-01,6.39,6.58,6.39,6.57
ABUS,2010-10-04,6.52,6.6,6.29,6.31
ABUS,2010-10-05,6.24,6.43,5.84,6.0
ABUS,2010-10-06,6.04,6.19,6.04,6.19
ABUS,2010-10-07,6.33,6.45,6.15,6.43
ABUS,2010-10-08,6.45,6.64,6.45,6.51
ABUS,2010-10-11,6.5,6.5,6.5,6.5
ABUS,2010-10-12,6.21,6.29,6.08,6.24
ABUS,2010-10-13,6.53,6.53,6.1,6.1
ABUS,2010-10-14,6.67,6.67,6.1,6.17
ABUS,2010-10-15,6.59,6.66,6.26,6.53
ABUS,2010-10-18,6.58,6.6,6.58,6.6
ABUS,2010-10-19,6.33,6.51,6.3,6.3
ABUS,2010-10-20,6.21,6.3,6.16,6.3
ABUS,2010-10-21,6.57,6.71,6.37,6.37
ABUS,2010-10-22,6.43,6.57,6.43,6.57
ABUS,2010-10-25,6.27,6.43,5.84,5.99
ABUS,2010-10-26,6.06,6.12,5.85,5.85
ABUS,2010-10-27,6.12,6.17,5.94,6.17
ABUS,2010-10-28,6.33,6.33,5.88,6.03
ABUS,2010-10-29,5.99,6.0,5.84,6.0
ABUS,2010-11-01,6.0,6.01,5.8,5.85
ABUS,2010-11-02,5.95,5.95,5.69,5.69
ABUS,2010-11-03,5.84,5.96,5.59,5.67
ABUS,2010-11-04,6.06,6.2,6.06,6.2
ABUS,2010-11-05,6.08,6.28,6.08,6.26
ABUS,2010-11-08,7.22,8.74,7.22,7.71
ABUS,2010-11-09,7.6,7.6,7.59,7.59
ABUS,2010-11-10,7.2,7.38,7.2,7.33
ABUS,2010-11-11,7.45,7.55,7.45,7.49
ABUS,2010-11-12,7.4,7.4,7.22,7.22
ABUS,2010-11-15,7.26,7.55,6.89,7.04
ABUS,2010-11-16,6.91,7.2,6.85,6.99
ABUS,2010-11-17,5.86,6.26,5.8,6.03
ABUS,2010-11-18,6.0,6.0,5.5,5.51
ABUS,2010-11-19,5.63,5.63,5.18,5.2
ABUS,2010-11-22,5.2,5.5,5.2,5.44
ABUS,2010-11-23,5.47,5.47,5.38,5.38
ABUS,2010-11-24,5.47,5.51,5.25,5.34
ABUS,2010-11-26,5.25,5.34,5.22,5.22
ABUS,2010-11-29,5.21,5.25,5.21,5.21
ABUS,2010-11-30,5.2,5.2,5.02,5.07
ABUS,2010-12-01,5.15,5.15,5.01,5.01
ABUS,2010-12-02,4.95,5.09,4.82,4.94
ABUS,2010-12-03,4.86,4.86,4.71,4.76
ABUS,2010-12-06,5.07,6.25,4.74,4.74
ABUS,2010-12-07,4.98,5.07,4.89,4.93
ABUS,2010-12-08,5.0,5.0,4.85,4.85
ABUS,2010-12-09,4.79,4.8,4.78,4.8
ABUS,2010-12-10,4.85,4.85,4.65,4.71
ABUS,2010-12-13,4.79,4.81,4.61,4.71
ABUS,2010-12-14,4.65,4.75,4.65,4.75
ABUS,2010-12-15,4.63,4.7,4.62,4.7
ABUS,2010-12-16,4.6,4.74,4.6,4.69
ABUS,2010-12-17,4.66,4.66,4.6,4.66
ABUS,2010-12-20,4.6,4.6,4.5,4.5
ABUS,2010-12-21,4.67,4.67,4.51,4.52
ABUS,2010-12-22,4.66,4.67,4.57,4.57
ABUS,2010-12-23,4.6,4.72,4.48,4.67
ABUS,2010-12-27,5.78,5.78,4.57,4.72
ABUS,2010-12-28,4.72,4.77,4.72,4.77
ABUS,2010-12-29,4.66,4.8,4.62,4.64
ABUS,2010-12-30,4.56,4.56,4.55,4.55
ABUS,2010-12-31,4.61,4.71,4.54,4.7
ABUS,2011-01-03,4.58,4.63,4.5,4.63
ABUS,2011-01-04,4.6,4.78,4.6,4.75
ABUS,2011-01-05,4.75,4.75,4.62,4.65
ABUS,2011-01-06,4.88,4.98,4.73,4.85
ABUS,2011-01-07,5.07,5.15,5.07,5.15
ABUS,2011-01-10,5.37,5.58,5.24,5.37
ABUS,2011-01-11,6.25,6.25,5.61,5.75
ABUS,2011-01-12,5.92,5.92,5.55,5.55
ABUS,2011-01-13,5.52,5.98,5.52,5.92
ABUS,2011-01-14,5.99,6.15,5.85,6.01
ABUS,2011-01-18,7.28,7.49,6.31,6.85
ABUS,2011-01-19,7.19,7.65,6.85,7.35
ABUS,2011-01-20,7.94,7.94,6.62,6.7
ABUS,2011-01-21,6.63,6.91,6.63,6.66
ABUS,2011-01-24,6.76,6.98,6.61,6.9
ABUS,2011-01-25,6.87,7.09,6.83,6.95
ABUS,2011-01-26,7.0,7.0,6.8,6.9
ABUS,2011-01-27,6.89,6.9,6.52,6.61
ABUS,2011-01-28,6.73,6.73,6.0,6.07
ABUS,2011-01-31,6.0,6.09,5.9,5.92
ABUS,2011-02-01,5.89,6.26,5.89,6.07
ABUS,2011-02-02,5.96,6.0,5.89,5.93
ABUS,2011-02-03,5.88,5.88,5.52,5.57
ABUS,2011-02-04,5.57,5.64,5.44,5.49
ABUS,2011-02-07,5.31,5.36,4.5,5.14
ABUS,2011-02-08,5.12,5.12,4.98,5.09
ABUS,2011-02-09,5.0,5.33,5.0,5.33
ABUS,2011-02-10,5.2,5.35,5.11,5.28
ABUS,2011-02-11,5.28,5.3,5.14,5.17
ABUS,2011-02-14,5.25,5.28,5.15,5.25
ABUS,2011-02-15,5.25,5.25,5.16,5.2
ABUS,2011-02-16,5.23,5.25,5.1,5.22
ABUS,2011-02-17,5.22,5.25,5.19,5.19
ABUS,2011-02-18,5.19,5.25,5.14,5.25
ABUS,2011-02-22,5.25,5.25,4.96,5.05
ABUS,2011-02-23,5.05,5.19,4.9,5.0
ABUS,2011-02-24,4.97,4.99,4.86,4.96
ABUS,2011-02-25,4.92,4.99,4.9,4.99
ABUS,2011-02-28,4.99,5.0,4.89,4.95
ABUS,2011-03-01,4.95,5.04,4.92,4.92
ABUS,2011-03-02,4.91,4.91,4.71,4.81
ABUS,2011-03-03,4.64,4.9,4.64,4.85
ABUS,2011-03-04,4.88,4.9,4.67,4.84
ABUS,2011-03-07,4.87,4.87,4.64,4.68
ABUS,2011-03-08,4.68,4.7,4.67,4.69
ABUS,2011-03-09,4.66,4.78,4.66,4.73
ABUS,2011-03-10,4.71,4.75,4.64,4.75
ABUS,2011-03-11,5.0,5.0,4.87,4.87
ABUS,2011-03-14,4.6,4.79,4.59,4.74
ABUS,2011-03-15,4.6,4.6,4.57,4.57
ABUS,2011-03-16,4.45,4.66,4.0,4.29
ABUS,2011-03-17,4.2,4.22,3.67,3.94
ABUS,2011-03-18,4.1,4.1,3.58,3.71
ABUS,2011-03-21,3.62,3.76,3.58,3.63
ABUS,2011-03-22,3.58,3.6,3.48,3.58
ABUS,2011-03-23,3.47,3.58,3.45,3.5
ABUS,2011-03-24,3.57,3.59,3.34,3.4
ABUS,2011-03-25,3.3,3.34,3.22,3.24
ABUS,2011-03-28,3.2,3.28,2.94,2.96
ABUS,2011-03-29,3.0,3.08,2.97,3.0
ABUS,2011-03-30,3.0,3.14,2.99,3.11
ABUS,2011-03-31,3.18,3.25,3.06,3.15
ABUS,2011-04-01,3.15,3.23,3.14,3.16
ABUS,2011-04-04,3.23,3.23,3.11,3.15
ABUS,2011-04-05,3.12,3.16,3.07,3.12
ABUS,2011-04-06,3.08,3.21,3.06,3.1
ABUS,2011-04-07,3.1,3.2,3.03,3.03
ABUS,2011-04-08,3.06,3.07,2.99,3.06
ABUS,2011-04-11,2.99,3.1,2.99,3.1
ABUS,2011-04-12,3.03,3.05,3.0,3.0
ABUS,2011-04-13,3.1,3.13,3.01,3.08
ABUS,2011-04-14,3.1,3.1,2.95,2.97
ABUS,2011-04-15,2.93,2.99,2.93,2.96
ABUS,2011-04-18,2.85,2.85,2.69,2.7
ABUS,2011-04-19,2.7,2.72,2.7,2.72
ABUS,2011-04-20,2.75,2.86,2.72,2.72
ABUS,2011-04-21,2.81,2.99,2.71,2.9
ABUS,2011-04-25,3.07,3.25,3.03,3.1
ABUS,2011-04-26,3.13,3.14,3.11,3.13
ABUS,2011-04-27,3.13,3.14,3.1,3.13
ABUS,2011-04-28,2.99,3.11,2.92,2.97
ABUS,2011-04-29,3.04,3.13,2.95,3.01
ABUS,2011-05-02,3.02,3.09,2.98,3.09
ABUS,2011-05-03,3.12,3.12,2.92,2.97
ABUS,2011-05-04,3.13,3.13,2.97,3.07
ABUS,2011-05-05,3.0,3.0,2.79,2.84
ABUS,2011-05-06,2.84,2.94,2.73,2.89
ABUS,2011-05-09,2.71,2.97,2.71,2.94
ABUS,2011-05-10,2.97,2.97,2.69,2.94
ABUS,2011-05-11,2.94,2.94,2.82,2.82
ABUS,2011-05-12,2.82,2.82,2.7,2.74
ABUS,2011-05-13,2.99,2.99,2.74,2.93
ABUS,2011-05-16,2.82,2.87,2.82,2.84
ABUS,2011-05-17,2.89,2.9,2.77,2.77
ABUS,2011-05-18,2.82,2.9,2.75,2.76
ABUS,2011-05-19,2.86,2.86,2.78,2.86
ABUS,2011-05-20,2.77,2.89,2.75,2.89
ABUS,2011-05-23,2.78,2.78,2.71,2.72
ABUS,2011-05-24,2.87,2.87,2.76,2.8
ABUS,2011-05-25,2.89,2.9,2.89,2.9
ABUS,2011-05-26,2.88,2.89,2.8,2.84
ABUS,2011-05-27,3.0,3.19,2.77,3.19
ABUS,2011-05-31,3.32,3.4,3.25,3.33
ABUS,2011-06-01,3.34,3.37,3.27,3.27
ABUS,2011-06-02,3.3,3.52,3.3,3.3
ABUS,2011-06-03,3.21,3.21,2.92,3.07
ABUS,2011-06-06,3.24,3.24,3.22,3.22
ABUS,2011-06-07,3.18,3.19,2.85,2.98
ABUS,2011-06-08,2.99,3.0,2.95,2.95
ABUS,2011-06-09,2.85,2.9,2.79,2.84
ABUS,2011-06-10,2.86,2.88,2.58,2.66
ABUS,2011-06-13,2.71,2.86,2.7,2.7
ABUS,2011-06-14,2.75,2.8,2.7,2.79
ABUS,2011-06-15,2.8,2.97,2.75,2.82
ABUS,2011-06-16,2.75,2.76,2.75,2.75
ABUS,2011-06-17,2.65,2.73,2.6,2.62
ABUS,2011-06-20,2.61,2.72,2.61,2.67
ABUS,2011-06-21,2.6,2.7,2.6,2.63
ABUS,2011-06-22,2.6,2.65,2.51,2.55
ABUS,2011-06-23,2.5,2.58,2.47,2.58
ABUS,2011-06-24,2.58,2.58,2.44,2.5
ABUS,2011-06-27,2.49,2.58,2.45,2.54
ABUS,2011-06-28,2.6,2.6,2.44,2.5
ABUS,2011-06-29,2.5,2.65,2.5,2.6
ABUS,2011-06-30,2.64,2.64,2.5,2.51
ABUS,2011-07-01,2.45,2.45,2.3,2.4
ABUS,2011-07-05,2.43,2.54,2.4,2.46
ABUS,2011-07-06,2.47,2.47,2.47,2.47
ABUS,2011-07-07,2.4,2.52,2.35,2.52
ABUS,2011-07-08,2.36,2.45,2.27,2.45
ABUS,2011-07-11,2.3,2.45,2.25,2.45
ABUS,2011-07-12,2.35,2.38,2.35,2.37
ABUS,2011-07-13,2.3,2.41,2.3,2.4
ABUS,2011-07-14,2.36,2.4,2.35,2.4
ABUS,2011-07-15,2.3,2.4,2.25,2.25
ABUS,2011-07-18,2.32,2.32,2.3,2.3
ABUS,2011-07-19,2.4,2.4,2.27,2.27
ABUS,2011-07-20,2.4,2.46,2.35,2.46
ABUS,2011-07-21,2.46,2.63,2.46,2.5
ABUS,2011-07-22,2.5,2.63,2.5,2.62
ABUS,2011-07-25,2.6,2.6,2.56,2.56
ABUS,2011-07-26,2.51,2.55,2.51,2.55
ABUS,2011-07-27,2.42,2.42,2.4,2.4
ABUS,2011-07-28,2.35,2.41,2.23,2.38
ABUS,2011-07-29,2.37,2.41,2.37,2.41
ABUS,2011-08-01,2.4,2.41,2.4,2.41
ABUS,2011-08-02,2.32,2.33,2.23,2.3
ABUS,2011-08-03,2.25,2.3,2.2,2.22
ABUS,2011-08-04,2.21,2.21,2.0,2.17
ABUS,2011-08-05,2.1,2.21,1.81,2.07
ABUS,2011-08-08,1.97,1.98,1.92,1.92
ABUS,2011-08-09,2.03,2.45,1.73,2.45
ABUS,2011-08-10,2.37,2.37,2.11,2.31
ABUS,2011-08-11,2.39,2.39,2.14,2.34
ABUS,2011-08-12,2.31,2.31,2.31,2.31
ABUS,2011-08-15,2.3,2.31,2.12,2.12
ABUS,2011-08-16,2.14,2.35,2.14,2.35
ABUS,2011-08-17,2.36,2.36,2.15,2.16
ABUS,2011-08-18,1.9,2.34,1.9,2.06
ABUS,2011-08-19,1.96,1.99,1.96,1.96
ABUS,2011-08-22,1.95,1.95,1.9,1.95
ABUS,2011-08-23,2.2,2.25,1.95,1.95
ABUS,2011-08-24,1.9,1.95,1.8,1.9
ABUS,2011-08-25,1.97,1.97,1.8,1.89
ABUS,2011-08-26,1.9,1.95,1.9,1.95
ABUS,2011-08-29,1.84,1.91,1.72,1.81
ABUS,2011-08-30,1.76,1.85,1.75,1.83
ABUS,2011-08-31,1.9,1.95,1.9,1.91
ABUS,2011-09-01,1.94,2.03,1.92,2.01
ABUS,2011-09-02,2.02,2.03,1.91,1.91
ABUS,2011-09-06,1.93,2.01,1.91,2.01
ABUS,2011-09-07,2.02,2.02,1.91,2.01
ABUS,2011-09-08,2.01,2.03,2.0,2.0
ABUS,2011-09-09,1.91,2.01,1.86,2.01
ABUS,2011-09-12,1.94,2.04,1.9,2.0
ABUS,2011-09-13,2.06,2.06,2.06,2.06
ABUS,2011-09-14,2.12,2.14,1.85,2.06
ABUS,2011-09-15,2.0,2.0,2.0,2.0
ABUS,2011-09-16,2.0,2.0,2.0,2.0
ABUS,2011-09-19,1.87,2.08,1.87,2.08
ABUS,2011-09-20,2.09,2.25,2.09,2.17
ABUS,2011-09-21,2.17,2.17,2.17,2.17
ABUS,2011-09-22,2.1,2.1,2.1,2.1
ABUS,2011-09-23,1.8,2.05,1.8,2.05
ABUS,2011-09-26,1.93,2.04,1.9,1.9
ABUS,2011-09-27,2.1,2.1,1.86,1.86
ABUS,2011-09-28,2.01,2.01,1.97,1.97
ABUS,2011-09-29,1.85,1.95,1.63,1.95
ABUS,2011-09-30,2.0,2.0,1.8,1.8
ABUS,2011-10-03,1.71,1.79,1.7,1.75
ABUS,2011-10-04,1.76,1.8,1.55,1.67
ABUS,2011-10-05,1.61,1.84,1.6,1.83
ABUS,2011-10-06,1.8,1.85,1.8,1.8
ABUS,2011-10-07,1.84,1.84,1.8,1.8
ABUS,2011-10-10,1.86,1.86,1.86,1.86
ABUS,2011-10-11,1.85,1.85,1.85,1.85
ABUS,2011-10-12,1.85,1.96,1.66,1.8
ABUS,2011-10-13,1.8,1.8,1.8,1.8
ABUS,2011-10-14,1.85,1.85,1.7,1.8
ABUS,2011-10-17,2.05,2.05,1.74,1.78
ABUS,2011-10-18,1.78,1.78,1.68,1.74
ABUS,2011-10-19,1.61,1.7,1.6,1.7
ABUS,2011-10-20,1.89,1.92,1.65,1.74
ABUS,2011-10-21,1.61,1.75,1.6,1.75
ABUS,2011-10-24,1.7,1.75,1.69,1.7
ABUS,2011-10-25,1.7,1.7,1.67,1.7
ABUS,2011-10-26,1.7,1.7,1.7,1.7
ABUS,2011-10-27,1.7,1.7,1.61,1.7
ABUS,2011-10-28,1.7,1.7,1.6,1.7
ABUS,2011-10-31,1.63,1.7,1.63,1.7
ABUS,2011-11-01,1.64,1.64,1.6,1.6
ABUS,2011-11-02,1.6,1.6,1.6,1.6
ABUS,2011-11-03,1.62,1.7,1.53,1.7
ABUS,2011-11-04,1.7,1.7,1.68,1.7
ABUS,2011-11-07,1.56,1.66,1.56,1.66
ABUS,2011-11-08,1.62,1.7,1.62,1.7
ABUS,2011-11-09,1.62,1.69,1.62,1.65
ABUS,2011-11-10,1.59,1.71,1.59,1.71
ABUS,2011-11-11,1.68,1.68,1.68,1.68
ABUS,2011-11-14,1.62,1.68,1.62,1.68
ABUS,2011-11-15,1.65,1.65,1.65,1.65
ABUS,2011-11-16,1.65,1.7,1.65,1.7
ABUS,2011-11-17,1.69,1.73,1.58,1.62
ABUS,2011-11-18,1.6,1.68,1.48,1.6
ABUS,2011-11-21,1.47,1.68,1.47,1.55
ABUS,2011-11-22,1.6,1.6,1.46,1.54
ABUS,2011-11-23,1.5,1.51,1.43,1.45
ABUS,2011-11-25,1.4,1.4,1.29,1.4
ABUS,2011-11-28,1.45,1.6,1.45,1.59
ABUS,2011-11-29,1.59,1.67,1.59,1.65
ABUS,2011-11-30,1.58,1.7,1.58,1.7
ABUS,2011-12-01,1.61,1.61,1.61,1.61
ABUS,2011-12-02,1.64,1.7,1.64,1.7
ABUS,2011-12-05,1.64,1.69,1.64,1.69
ABUS,2011-12-06,1.69,1.7,1.64,1.64
ABUS,2011-12-07,1.64,1.65,1.64,1.65
ABUS,2011-12-08,1.64,1.64,1.61,1.61
ABUS,2011-12-09,1.69,1.69,1.62,1.66
ABUS,2011-12-12,1.66,1.66,1.61,1.61
ABUS,2011-12-13,1.61,1.61,1.61,1.61
ABUS,2011-12-14,1.6,1.61,1.58,1.61
ABUS,2011-12-15,1.62,1.67,1.6,1.6
ABUS,2011-12-16,1.61,1.7,1.57,1.62
ABUS,2011-12-19,1.59,1.59,1.4,1.55
ABUS,2011-12-20,1.6,1.6,1.51,1.52
ABUS,2011-12-21,1.51,1.65,1.51,1.65
ABUS,2011-12-22,1.64,1.69,1.64,1.65
ABUS,2011-12-23,1.65,1.65,1.62,1.62
ABUS,2011-12-27,1.61,1.61,1.53,1.53
ABUS,2011-12-28,1.5,1.62,1.5,1.52
ABUS,2011-12-29,1.51,1.58,1.5,1.5
ABUS,2011-12-30,1.49,1.55,1.49,1.5
ABUS,2012-01-03,1.61,1.61,1.52,1.59
ABUS,2012-01-04,1.58,1.62,1.52,1.62
ABUS,2012-01-05,1.65,1.65,1.62,1.62
ABUS,2012-01-06,1.63,1.74,1.63,1.63
ABUS,2012-01-09,1.63,1.65,1.63,1.65
ABUS,2012-01-10,1.64,1.69,1.64,1.69
ABUS,2012-01-11,1.7,1.75,1.65,1.75
ABUS,2012-01-12,1.8,1.95,1.8,1.95
ABUS,2012-01-13,1.98,2.15,1.98,2.15
ABUS,2012-01-17,2.28,2.45,2.15,2.42
ABUS,2012-01-18,2.27,2.45,2.27,2.45
ABUS,2012-01-19,2.41,2.53,2.23,2.5
ABUS,2012-01-20,2.59,2.66,2.5,2.66
ABUS,2012-01-23,2.55,2.55,2.5,2.54
ABUS,2012-01-24,2.5,2.5,2.36,2.46
ABUS,2012-01-25,2.4,2.4,2.3,2.4
ABUS,2012-01-26,2.35,2.42,2.35,2.42
ABUS,2012-01-27,2.21,2.41,2.21,2.35
ABUS,2012-01-30,2.11,2.21,2.11,2.15
ABUS,2012-01-31,2.17,2.2,2.0,2.08
ABUS,2012-02-01,1.93,2.1,1.92,2.09
ABUS,2012-02-02,2.11,2.5,2.11,2.5
ABUS,2012-02-03,2.13,2.2,2.0,2.2
ABUS,2012-02-06,1.97,2.08,1.96,2.08
ABUS,2012-02-07,2.02,2.1,2.0,2.0
ABUS,2012-02-08,2.15,2.15,2.02,2.12
ABUS,2012-02-09,2.12,2.5,2.12,2.37
ABUS,2012-02-10,2.46,2.49,2.34,2.34
ABUS,2012-02-13,2.44,2.44,2.29,2.37
ABUS,2012-02-14,2.32,2.5,2.32,2.36
ABUS,2012-02-15,2.5,2.5,2.32,2.39
ABUS,2012-02-16,2.26,2.34,2.26,2.32
ABUS,2012-02-17,2.36,2.36,2.36,2.36
ABUS,2012-02-21,2.31,2.33,2.31,2.32
ABUS,2012-02-22,2.33,2.45,2.33,2.45
ABUS,2012-02-23,2.37,2.4,2.37,2.4
ABUS,2012-02-24,2.38,2.45,2.38,2.4
ABUS,2012-02-27,2.45,2.45,2.45,2.45
ABUS,2012-02-28,2.45,2.45,2.4,2.4
ABUS,2012-02-29,2.45,2.56,2.38,2.56
ABUS,2012-03-01,2.8,2.91,2.66,2.77
ABUS,2012-03-02,2.78,2.78,2.52,2.52
ABUS,2012-03-05,2.52,2.52,2.25,2.44
ABUS,2012-03-06,2.74,2.74,2.25,2.25
ABUS,2012-03-07,2.31,2.58,2.3,2.31
ABUS,2012-03-08,2.39,2.39,2.3,2.31
ABUS,2012-03-09,2.39,2.42,2.22,2.4
ABUS,2012-03-12,2.5,2.5,2.32,2.43
ABUS,2012-03-13,2.38,2.68,2.1,2.35
ABUS,2012-03-14,2.38,2.38,2.28,2.3
ABUS,2012-03-15,2.25,2.29,2.11,2.28
ABUS,2012-03-16,2.22,2.24,2.15,2.22
ABUS,2012-03-19,2.21,2.3,2.17,2.23
ABUS,2012-03-20,2.75,2.75,2.3,2.39
ABUS,2012-03-21,2.35,2.4,2.3,2.36
ABUS,2012-03-22,2.38,2.38,2.17,2.17
ABUS,2012-03-23,2.21,2.35,2.21,2.3
ABUS,2012-03-26,2.4,2.44,2.36,2.44
ABUS,2012-03-27,2.5,2.58,2.49,2.58
ABUS,2012-03-28,2.75,2.75,2.51,2.51
ABUS,2012-03-29,2.64,2.65,2.62,2.64
ABUS,2012-03-30,2.55,2.65,2.5102,2.6
ABUS,2012-04-02,2.64,2.67,2.51,2.64
ABUS,2012-04-03,2.64,2.64,2.61,2.64
ABUS,2012-04-04,2.6,2.8,2.54,2.64
ABUS,2012-04-05,2.64,2.64,2.64,2.64
ABUS,2012-04-09,2.53,2.62,2.28,2.51
ABUS,2012-04-10,2.3,2.47,2.18,2.23
ABUS,2012-04-11,2.45,2.45,2.36,2.36
ABUS,2012-04-12,2.33,2.37,2.25,2.33
ABUS,2012-04-13,2.35,2.42,2.26,2.3
ABUS,2012-04-16,2.38,2.43,2.38,2.43
ABUS,2012-04-17,2.4,2.4,2.4,2.4
ABUS,2012-04-18,2.4,2.4,2.4,2.4
ABUS,2012-04-19,2.4,2.4,2.4,2.4
ABUS,2012-04-20,2.4,2.41,2.4,2.41
ABUS,2012-04-23,2.32,2.35,2.19,2.19
ABUS,2012-04-24,2.29,2.29,2.26,2.26
ABUS,2012-04-25,2.35,2.44,2.28,2.44
ABUS,2012-04-26,2.41,2.45,2.41,2.45
ABUS,2012-04-27,2.5,2.5,2.49,2.5
ABUS,2012-04-30,2.45,2.49,2.34,2.418
ABUS,2012-05-01,2.42,2.5,2.42,2.49
ABUS,2012-05-02,2.64,2.75,2.39,2.39
ABUS,2012-05-03,2.37,2.49,2.27,2.49
ABUS,2012-05-04,2.48,2.48,2.29,2.39
ABUS,2012-05-07,2.35,2.35,2.32,2.32
ABUS,2012-05-08,2.29,2.36,2.29,2.36
ABUS,2012-05-09,2.27,2.3,2.25,2.3
ABUS,2012-05-10,2.28,2.29,2.24,2.24
ABUS,2012-05-11,2.28,2.28,2.23,2.23
ABUS,2012-05-14,2.2,2.2,2.13,2.16
ABUS,2012-05-15,2.2,2.2,1.89,1.96
ABUS,2012-05-16,2.0,2.5,2.0,2.05
ABUS,2012-05-17,2.16,2.16,2.05,2.13
ABUS,2012-05-18,2.12,2.13,2.0,2.0
ABUS,2012-05-21,2.13,2.13,2.02,2.13
ABUS,2012-05-22,2.05,2.13,1.92,2.12
ABUS,2012-05-23,1.99,1.99,1.95,1.96
ABUS,2012-05-24,1.98,2.13,1.88,2.01
ABUS,2012-05-25,2.11,2.34,2.06,2.06
ABUS,2012-05-29,2.01,2.15,2.0,2.15
ABUS,2012-05-30,2.16,2.17,2.16,2.17
ABUS,2012-05-31,2.1,2.15,2.045,2.1492
ABUS,2012-06-01,2.03,2.04,1.77,1.95
ABUS,2012-06-04,2.0,2.0,1.88,1.88
ABUS,2012-06-05,1.9,1.95,1.86,1.92
ABUS,2012-06-06,1.99,1.99,1.93,1.99
ABUS,2012-06-07,2.0,2.0,1.96,1.96
ABUS,2012-06-08,1.97,1.99,1.97,1.99
ABUS,2012-06-11,2.0,2.06,2.0,2.0
ABUS,2012-06-12,1.99,2.07,1.98,2.07
ABUS,2012-06-13,1.97,1.97,1.94,1.95
ABUS,2012-06-14,2.12,2.12,2.12,2.12
ABUS,2012-06-15,2.0,2.0,1.93,1.98
ABUS,2012-06-18,1.98,2.06,1.98,2.06
ABUS,2012-06-19,2.07,2.07,1.93,1.99
ABUS,2012-06-20,1.99,2.0,1.86,1.98
ABUS,2012-06-21,1.98,2.02,1.98,2.01
ABUS,2012-06-22,2.0,2.08,2.0,2.08
ABUS,2012-06-25,2.0,2.0,1.96,1.97
ABUS,2012-06-26,1.99,1.99,1.99,1.99
ABUS,2012-06-27,2.0,2.05,2.0,2.05
ABUS,2012-06-28,2.05,2.05,1.98,2.05
ABUS,2012-06-29,2.0501,2.11,2.0501,2.11
ABUS,2012-07-02,2.05,2.11,2.05,2.11
ABUS,2012-07-03,2.06,2.1395,2.06,2.0601
ABUS,2012-07-05,2.04,2.14,2.04,2.14
ABUS,2012-07-06,2.05,2.1,2.05,2.1
ABUS,2012-07-09,2.1,2.15,2.1,2.1
ABUS,2012-07-10,2.15,2.19,2.15,2.15
ABUS,2012-07-11,2.15,2.16,2.05,2.12
ABUS,2012-07-12,2.1,2.15,2.1,2.15
ABUS,2012-07-13,2.1999,2.24,2.1999,2.2399
ABUS,2012-07-16,2.29,3.2,2.29,2.77
ABUS,2012-07-17,3.08,3.12,2.391,2.4
ABUS,2012-07-18,2.55,2.59,2.4,2.42
ABUS,2012-07-19,2.46,2.77,2.46,2.56
ABUS,2012-07-20,2.52,2.72,2.52,2.6
ABUS,2012-07-23,2.65,2.8,2.65,2.77
ABUS,2012-07-24,2.8,2.81,2.6924,2.72
ABUS,2012-07-25,2.7,2.96,2.69,2.87
ABUS,2012-07-26,2.95,3.34,2.79,2.93
ABUS,2012-07-27,2.95,3.1,2.95,3.07
ABUS,2012-07-30,3.26,3.4,3.13,3.37
ABUS,2012-07-31,3.37,3.59,3.37,3.51
ABUS,2012-08-01,3.52,3.74,3.37,3.68
ABUS,2012-08-02,3.75,3.81,3.21,3.29
ABUS,2012-08-03,3.29,3.29,3.06,3.28
ABUS,2012-08-06,3.0,3.65,2.77,3.3
ABUS,2012-08-07,3.3033,3.465,3.25,3.4
ABUS,2012-08-08,3.45,3.59,3.41,3.49
ABUS,2012-08-09,3.6,3.75,3.41,3.7
ABUS,2012-08-10,3.7,3.88,3.7,3.79
ABUS,2012-08-13,3.85,3.85,3.7414,3.7999
ABUS,2012-08-14,3.71,3.7799,3.678,3.678
ABUS,2012-08-15,3.79,3.84,3.72,3.79
ABUS,2012-08-16,3.81,3.84,3.7105,3.782
ABUS,2012-08-17,3.8,3.8,3.75,3.75
ABUS,2012-08-20,3.72,3.75,3.4501,3.57
ABUS,2012-08-21,3.59,3.73,3.52,3.52
ABUS,2012-08-22,3.78,3.78,3.34,3.5
ABUS,2012-08-23,3.64,3.67,3.37,3.39
ABUS,2012-08-24,3.48,3.5,3.45,3.45
ABUS,2012-08-27,3.38,3.38,3.33,3.33
ABUS,2012-08-28,3.4,3.42,3.34,3.35
ABUS,2012-08-29,3.35,3.4099,3.35,3.4
ABUS,2012-08-30,3.38,3.4,3.32,3.32
ABUS,2012-08-31,3.36,3.451,3.34,3.34
ABUS,2012-09-04,3.3,3.301,3.22,3.23
ABUS,2012-09-05,3.25,3.27,3.221,3.221
ABUS,2012-09-06,3.2,3.4083,3.2,3.3
ABUS,2012-09-07,3.35,3.4,3.27,3.27
ABUS,2012-09-10,3.25,3.25,3.25,3.25
ABUS,2012-09-11,3.2201,3.308,3.2201,3.308
ABUS,2012-09-12,3.31,3.31,3.25,3.25
ABUS,2012-09-13,3.25,3.3001,3.23,3.2601
ABUS,2012-09-14,3.3,3.76,3.3,3.63
ABUS,2012-09-17,3.7,3.75,3.65,3.66
ABUS,2012-09-18,3.68,3.81,3.63,3.63
ABUS,2012-09-19,3.87,3.99,3.7,3.8
ABUS,2012-09-20,3.825,4.13,3.825,4.13
ABUS,2012-09-21,4.18,4.22,4.0,4.11
ABUS,2012-09-24,4.04,4.04,3.9801,3.9801
ABUS,2012-09-25,4.0,4.0,3.96,3.98
ABUS,2012-09-26,3.86,3.93,3.75,3.84
ABUS,2012-09-27,3.81,3.87,3.67,3.7
ABUS,2012-09-28,3.76,3.76,3.5205,3.63
ABUS,2012-10-01,3.47,3.51,3.22,3.3199
ABUS,2012-10-02,3.34,3.34,3.28,3.3299
ABUS,2012-10-03,3.72,3.72,3.486,3.6
ABUS,2012-10-04,3.63,3.7,3.63,3.63
ABUS,2012-10-05,4.35,4.35,3.6,3.6
ABUS,2012-10-08,3.79,3.83,3.76,3.83
ABUS,2012-10-09,3.79,3.81,3.46,3.68
ABUS,2012-10-10,3.63,3.77,3.56,3.74
ABUS,2012-10-11,3.81,3.936,3.81,3.91
ABUS,2012-10-12,3.91,3.91,3.88,3.88
ABUS,2012-10-15,4.12,4.12,3.9556,3.98
ABUS,2012-10-16,3.97,3.97,3.94,3.94
ABUS,2012-10-17,3.98,3.98,3.93,3.95
ABUS,2012-10-18,3.88,3.91,3.88,3.88
ABUS,2012-10-19,3.87,3.87,3.79,3.84
ABUS,2012-10-22,3.8239,3.89,3.8239,3.89
ABUS,2012-10-23,4.0151,4.0151,3.92,3.99
ABUS,2012-10-24,3.9501,3.9501,3.8069,3.95
ABUS,2012-10-25,3.95,3.9501,3.8999,3.95
ABUS,2012-10-26,3.85,3.99,3.8,3.99
ABUS,2012-10-31,3.99,4.09,3.82,4.04
ABUS,2012-11-01,4.09,4.23,4.09,4.22
ABUS,2012-11-02,4.09,4.23,4.09,4.23
ABUS,2012-11-05,4.66,4.66,4.17,4.19
ABUS,2012-11-06,4.32,4.55,4.2,4.23
ABUS,2012-11-07,4.2,4.55,4.18,4.47
ABUS,2012-11-08,4.63,5.19,4.5,5.19
ABUS,2012-11-09,5.41,5.44,4.8136,5.0
ABUS,2012-11-12,5.1,5.25,4.95,5.12
ABUS,2012-11-13,6.49,6.78,5.56,5.6
ABUS,2012-11-14,5.84,5.9,5.47,5.48
ABUS,2012-11-15,5.82,5.82,5.25,5.32
ABUS,2012-11-16,5.33,5.41,5.22,5.22
ABUS,2012-11-19,5.17,5.359,5.17,5.25
ABUS,2012-11-20,5.3,5.37,5.14,5.2
ABUS,2012-11-21,5.15,5.16,4.91,5.0801
ABUS,2012-11-23,5.06,5.2,4.9501,5.19
ABUS,2012-11-26,5.3,5.68,5.24,5.58
ABUS,2012-11-27,5.51,5.78,5.273,5.28
ABUS,2012-11-28,5.24,5.27,5.081,5.15
ABUS,2012-11-29,5.25,5.25,5.04,5.09
ABUS,2012-11-30,5.05,5.17,4.9,4.99
ABUS,2012-12-03,4.98,4.99,4.76,4.83
ABUS,2012-12-04,4.87,4.87,4.74,4.84
ABUS,2012-12-05,4.91,4.91,4.72,4.83
ABUS,2012-12-06,4.7401,4.83,4.7369,4.83
ABUS,2012-12-07,4.83,5.22,4.8196,5.21
ABUS,2012-12-10,5.25,5.25,4.99,5.16
ABUS,2012-12-11,5.21,5.21,4.93,4.99
ABUS,2012-12-12,4.99,5.0,4.83,4.86
ABUS,2012-12-13,4.9,4.95,4.87,4.91
ABUS,2012-12-14,4.9,4.9,4.84,4.84
ABUS,2012-12-17,4.9,5.09,4.841,5.09
ABUS,2012-12-18,5.03,5.2199,5.03,5.15
ABUS,2012-12-19,5.15,5.15,4.95,4.95
ABUS,2012-12-20,5.04,5.35,4.979,5.01
ABUS,2012-12-21,5.0,5.0,4.93,4.948
ABUS,2012-12-24,4.99,5.0,4.96,5.0
ABUS,2012-12-26,4.99,5.075,4.97,4.97
ABUS,2012-12-27,4.99,4.99,4.9162,4.9201
ABUS,2012-12-28,4.92,4.92,4.81,4.81
ABUS,2012-12-31,4.96,5.02,4.9,4.96
ABUS,2013-01-02,5.05,5.09,4.99,5.06
ABUS,2013-01-03,5.0586,5.0586,4.91,4.95
ABUS,2013-01-04,4.89,5.07,4.89,5.07
ABUS,2013-01-07,5.07,5.07,4.97,4.98
ABUS,2013-01-08,4.99,5.03,4.97,5.03
ABUS,2013-01-09,5.0,5.03,4.94,4.96
ABUS,2013-01-10,5.0,5.5,5.0,5.44
ABUS,2013-01-11,5.48,5.53,5.26,5.4
ABUS,2013-01-14,5.38,5.43,5.3001,5.36
ABUS,2013-01-15,5.3234,5.41,5.3234,5.33
ABUS,2013-01-16,5.37,5.37,5.14,5.22
ABUS,2013-01-17,5.14,5.141,5.03,5.14
ABUS,2013-01-18,5.14,5.212,4.81,5.0
ABUS,2013-01-22,4.99,5.0,4.91,4.98
ABUS,2013-01-23,4.94,4.98,4.76,4.92
ABUS,2013-01-24,4.88,4.88,4.68,4.8
ABUS,2013-01-25,4.81,4.82,4.68,4.7
ABUS,2013-01-28,4.68,4.72,4.631,4.631
ABUS,2013-01-29,4.67,4.67,4.52,4.63
ABUS,2013-01-30,4.688,4.85,4.609,4.83
ABUS,2013-01-31,4.85,4.94,4.54,4.7
ABUS,2013-02-01,4.75,4.77,4.6,4.7
ABUS,2013-02-04,4.67,4.8,4.67,4.7
ABUS,2013-02-05,4.71,4.77,4.7,4.71
ABUS,2013-02-06,4.72,4.7393,4.6635,4.73
ABUS,2013-02-07,4.7,4.73,4.67,4.72
ABUS,2013-02-08,4.68,4.76,4.62,4.63
ABUS,2013-02-11,4.69,4.78,4.61,4.75
ABUS,2013-02-12,4.7,4.83,4.7,4.81
ABUS,2013-02-13,4.82,4.87,4.79,4.85
ABUS,2013-02-14,4.78,4.805,4.74,4.74
ABUS,2013-02-15,4.7399,4.7399,4.6,4.62
ABUS,2013-02-19,4.74,4.74,4.58,4.659
ABUS,2013-02-20,4.59,4.6215,4.5199,4.52
ABUS,2013-02-21,4.5,4.58,4.47,4.47
ABUS,2013-02-22,4.58,4.58,4.4815,4.49
ABUS,2013-02-25,4.47,4.49,4.44,4.44
ABUS,2013-02-26,4.51,4.51,4.4222,4.5
ABUS,2013-02-27,4.44,4.5,4.39,4.5
ABUS,2013-02-28,4.42,4.44,4.3071,4.4204
ABUS,2013-03-01,4.42,4.51,4.39,4.48
ABUS,2013-03-04,4.5,4.5,4.42,4.49
ABUS,2013-03-05,4.45,4.5,4.42,4.422
ABUS,2013-03-06,4.44,4.46,4.41,4.41
ABUS,2013-03-07,4.44,4.459,4.39,4.44
ABUS,2013-03-08,4.42,4.48,4.4,4.43
ABUS,2013-03-11,4.42,4.42,4.328,4.38
ABUS,2013-03-12,4.36,4.4,4.18,4.37
ABUS,2013-03-13,4.44,4.47,4.33,4.46
ABUS,2013-03-14,4.49,4.49,4.42,4.45
ABUS,2013-03-15,4.4,4.48,4.3,4.35
ABUS,2013-03-18,4.18,4.48,4.18,4.48
ABUS,2013-03-19,4.48,4.53,4.46,4.49
ABUS,2013-03-20,4.5,4.55,4.458,4.4899
ABUS,2013-03-21,4.7,4.86,4.53,4.68
ABUS,2013-03-22,4.74,4.7899,4.67,4.7
ABUS,2013-03-25,4.75,4.8,4.67,4.71
ABUS,2013-03-26,4.74,4.76,4.66,4.68
ABUS,2013-03-27,4.7,4.73,4.63,4.66
ABUS,2013-03-28,4.65,4.76,4.65,4.71
ABUS,2013-04-01,4.76,4.76,4.63,4.67
ABUS,2013-04-02,4.6,4.646,4.52,4.63
ABUS,2013-04-03,4.51,4.6,4.35,4.4022
ABUS,2013-04-04,4.44,4.58,4.39,4.55
ABUS,2013-04-05,4.61,4.75,4.55,4.7
ABUS,2013-04-08,4.72,4.84,4.61,4.84
ABUS,2013-04-09,4.96,4.96,4.45,4.58
ABUS,2013-04-10,4.47,4.49,4.28,4.28
ABUS,2013-04-11,4.25,4.53,4.25,4.53
ABUS,2013-04-12,4.51,4.84,4.51,4.68
ABUS,2013-04-15,4.7,4.7,4.46,4.6
ABUS,2013-04-16,4.6,4.67,4.56,4.56
ABUS,2013-04-17,4.55,4.6001,4.488,4.59
ABUS,2013-04-18,4.52,4.59,4.46,4.47
ABUS,2013-04-19,4.47,4.6799,4.47,4.65
ABUS,2013-04-22,4.6686,4.78,4.621,4.7
ABUS,2013-04-23,4.69,4.86,4.66,4.84
ABUS,2013-04-24,4.87,5.13,4.83,5.05
ABUS,2013-04-25,5.12,5.25,4.93,5.05
ABUS,2013-04-26,5.104,5.104,4.76,4.82
ABUS,2013-04-29,4.79,4.92,4.78,4.84
ABUS,2013-04-30,4.87,4.87,4.64,4.77
ABUS,2013-05-01,4.7,4.74,4.65,4.69
ABUS,2013-05-02,4.8,4.8,4.66,4.6999
ABUS,2013-05-03,4.66,4.77,4.65,4.77
ABUS,2013-05-06,4.7,4.79,4.62,4.73
ABUS,2013-05-07,4.67,4.73,4.58,4.73
ABUS,2013-05-08,4.73,4.73,4.66,4.69
ABUS,2013-05-09,4.63,4.64,4.59,4.6
ABUS,2013-05-10,4.61,4.71,4.61,4.7
ABUS,2013-05-13,4.7,4.87,4.6999,4.87
ABUS,2013-05-14,4.85,4.92,4.6621,4.8852
ABUS,2013-05-15,4.89,4.96,4.77,4.83
ABUS,2013-05-16,4.72,4.88,4.72,4.74
ABUS,2013-05-17,4.69,4.74,4.65,4.73
ABUS,2013-05-20,4.73,4.84,4.65,4.7
ABUS,2013-05-21,4.75,4.82,4.681,4.82
ABUS,2013-05-22,4.82,4.82,4.67,4.73
ABUS,2013-05-23,4.67,4.75,4.61,4.748
ABUS,2013-05-24,4.71,4.75,4.63,4.71
ABUS,2013-05-28,4.76,4.76,4.63,4.75
ABUS,2013-05-29,4.74,4.81,4.68,4.81
ABUS,2013-05-30,4.75,4.91,4.69,4.91
ABUS,2013-05-31,4.91,5.02,4.9,5.0
ABUS,2013-06-03,5.01,5.07,4.9014,5.03
ABUS,2013-06-04,4.88,4.94,4.82,4.88
ABUS,2013-06-05,4.88,4.89,4.82,4.84
ABUS,2013-06-06,4.87,4.87,4.76,4.79
ABUS,2013-06-07,4.84,4.86,4.74,4.75
ABUS,2013-06-10,4.76,4.87,4.76,4.78
ABUS,2013-06-11,4.8,4.8,4.74,4.75
ABUS,2013-06-12,4.785,4.79,4.7001,4.74
ABUS,2013-06-13,4.7,4.83,4.7,4.75
ABUS,2013-06-14,4.79,4.839,4.787,4.8199
ABUS,2013-06-17,4.87,4.87,4.77,4.8
ABUS,2013-06-18,4.8,4.8,4.7,4.78
ABUS,2013-06-19,4.75,4.78,4.68,4.76
ABUS,2013-06-20,4.85,4.85,4.63,4.7
ABUS,2013-06-21,4.65,4.74,4.65,4.67
ABUS,2013-06-24,4.66,4.67,4.61,4.64
ABUS,2013-06-25,4.71,4.71,4.6699,4.71
ABUS,2013-06-26,4.7505,4.772,4.6701,4.772
ABUS,2013-06-27,4.8,4.8,4.72,4.76
ABUS,2013-06-28,4.74,4.824,4.61,4.7
ABUS,2013-07-01,4.91,5.0,4.7,4.93
ABUS,2013-07-02,4.99,4.99,4.75,4.76
ABUS,2013-07-03,4.76,4.8,4.75,4.8
ABUS,2013-07-05,4.75,4.92,4.71,4.91
ABUS,2013-07-08,4.81,4.95,4.81,4.9
ABUS,2013-07-09,4.83,4.9699,4.83,4.92
ABUS,2013-07-10,4.92,5.01,4.88,4.92
ABUS,2013-07-11,4.82,4.99,4.81,4.89
ABUS,2013-07-12,4.89,4.98,4.87,4.94
ABUS,2013-07-15,5.03,5.32,4.9,5.32
ABUS,2013-07-16,5.45,5.45,4.93,5.13
ABUS,2013-07-17,5.16,5.18,5.05,5.18
ABUS,2013-07-18,5.2,5.255,5.1,5.15
ABUS,2013-07-19,5.15,5.2,5.1,5.16
ABUS,2013-07-22,5.09,5.14,4.99,5.09
ABUS,2013-07-23,5.16,5.16,4.91,4.93
ABUS,2013-07-24,5.0,5.0,4.85,4.9
ABUS,2013-07-25,4.85,5.23,4.85,5.2299
ABUS,2013-07-26,5.19,5.28,5.13,5.25
ABUS,2013-07-29,5.19,5.22,5.1,5.17
ABUS,2013-07-30,5.2,5.2808,5.1164,5.16
ABUS,2013-07-31,5.13,5.46,5.13,5.46
ABUS,2013-08-01,5.5,5.68,5.36,5.68
ABUS,2013-08-02,5.62,5.9594,5.62,5.7899
ABUS,2013-08-05,5.99,6.07,5.8101,5.91
ABUS,2013-08-06,6.09,6.09,5.6503,5.71
ABUS,2013-08-07,5.759,5.759,5.41,5.42
ABUS,2013-08-08,5.4401,5.6141,5.43,5.59
ABUS,2013-08-09,5.59,5.6599,5.48,5.57
ABUS,2013-08-12,5.5,5.63,5.47,5.63
ABUS,2013-08-13,5.47,5.4912,5.2,5.4
ABUS,2013-08-14,5.4,5.4,5.24,5.27
ABUS,2013-08-15,5.23,5.33,5.19,5.19
ABUS,2013-08-16,5.19,5.34,5.19,5.19
ABUS,2013-08-19,5.3,5.3187,5.18,5.18
ABUS,2013-08-20,5.19,5.27,5.18,5.25
ABUS,2013-08-21,5.244,5.244,5.17,5.217
ABUS,2013-08-22,5.2,5.236,5.2,5.236
ABUS,2013-08-23,5.24,5.24,5.15,5.2
ABUS,2013-08-26,5.3,5.3,5.21,5.25
ABUS,2013-08-27,5.1601,5.2032,5.1,5.1
ABUS,2013-08-28,5.17,5.1899,5.1,5.114
ABUS,2013-08-29,5.14,5.26,5.08,5.19
ABUS,2013-08-30,5.29,5.44,5.1507,5.43
ABUS,2013-09-03,5.48,5.51,5.33,5.39
ABUS,2013-09-04,5.59,5.64,5.4,5.53
ABUS,2013-09-05,5.61,5.63,5.54,5.6
ABUS,2013-09-06,5.62,5.64,5.5275,5.5275
ABUS,2013-09-09,5.55,5.66,5.55,5.65
ABUS,2013-09-10,5.68,5.68,5.47,5.47
ABUS,2013-09-11,5.5244,5.54,5.47,5.509
ABUS,2013-09-12,5.52,5.6286,5.43,5.43
ABUS,2013-09-13,5.48,5.54,5.45,5.51
ABUS,2013-09-16,5.57,5.96,5.49,5.96
ABUS,2013-09-17,6.0,6.18,5.92,6.13
ABUS,2013-09-18,6.17,6.48,6.09,6.38
ABUS,2013-09-19,6.47,6.47,6.181,6.352
ABUS,2013-09-20,6.35,6.35,6.21,6.26
ABUS,2013-09-23,6.3,6.3,5.93,6.09
ABUS,2013-09-24,6.25,7.14,6.15,6.88
ABUS,2013-09-25,7.2,7.66,6.76,7.16
ABUS,2013-09-26,7.23,7.69,7.05,7.64
ABUS,2013-09-27,7.72,7.72,7.26,7.36
ABUS,2013-09-30,7.35,7.35,6.93,6.95
ABUS,2013-10-01,6.93,7.29,6.93,7.25
ABUS,2013-10-02,7.24,7.47,7.14,7.26
ABUS,2013-10-03,7.36,8.29,7.12,8.23
ABUS,2013-10-04,8.98,9.65,8.68,8.92
ABUS,2013-10-07,9.85,10.66,9.58,10.54
ABUS,2013-10-08,11.42,11.42,9.5,10.08
ABUS,2013-10-09,9.91,9.99,8.42,8.77
ABUS,2013-10-10,9.49,10.0,9.01,9.62
ABUS,2013-10-11,10.25,10.25,9.46,9.66
ABUS,2013-10-14,9.65,9.89,9.37,9.89
ABUS,2013-10-15,9.88,9.88,9.11,9.2
ABUS,2013-10-16,9.2,9.49,8.81,8.82
ABUS,2013-10-17,8.38,8.77,8.12,8.53
ABUS,2013-10-18,8.64,9.24,8.5,9.01
ABUS,2013-10-21,9.25,9.38,8.7,8.75
ABUS,2013-10-22,8.79,8.93,8.3,8.73
ABUS,2013-10-23,8.73,8.75,8.48,8.64
ABUS,2013-10-24,8.72,9.32,8.68,9.14
ABUS,2013-10-25,9.27,9.76,9.22,9.54
ABUS,2013-10-28,9.64,9.64,8.67,8.96
ABUS,2013-10-29,9.0,9.1,8.95,9.02
ABUS,2013-10-30,9.15,9.15,8.81,8.94
ABUS,2013-10-31,8.894,9.1651,8.45,8.95
ABUS,2013-11-01,8.9,9.07,8.86,9.04
ABUS,2013-11-04,8.92,9.06,8.76,8.97
ABUS,2013-11-05,8.94,9.03,8.6,8.79
ABUS,2013-11-06,8.81,8.88,8.2,8.25
ABUS,2013-11-07,8.44,8.48,7.65,7.73
ABUS,2013-11-08,7.46,7.83,7.19,7.76
ABUS,2013-11-11,7.88,8.34,7.88,8.21
ABUS,2013-11-12,8.06,8.26,7.7,7.84
ABUS,2013-11-13,7.93,7.94,7.44,7.67
ABUS,2013-11-14,7.75,8.27,7.63,8.08
ABUS,2013-11-15,8.17,8.2,7.94,7.97
ABUS,2013-11-18,8.0,8.14,7.8,7.86
ABUS,2013-11-19,7.83,7.95,7.67,7.72
ABUS,2013-11-20,7.81,7.91,7.75,7.83
ABUS,2013-11-21,7.89,8.03,7.7,7.82
ABUS,2013-11-22,7.92,8.01,7.75,7.96
ABUS,2013-11-25,7.88,7.96,7.81,7.81
ABUS,2013-11-26,7.82,8.09,7.8,8.09
ABUS,2013-11-27,8.04,8.09,7.88,7.99
ABUS,2013-11-29,8.02,8.4,8.01,8.15
ABUS,2013-12-02,8.15,8.64,8.15,8.61
ABUS,2013-12-03,8.44,8.69,8.3,8.39
ABUS,2013-12-04,8.32,8.4,8.02,8.18
ABUS,2013-12-05,8.01,8.2,8.0,8.07
ABUS,2013-12-06,8.12,8.1358,7.8,8.05
ABUS,2013-12-09,8.03,8.03,7.66,7.75
ABUS,2013-12-10,7.7018,7.7018,7.305,7.6
ABUS,2013-12-11,7.58,7.58,7.17,7.22
ABUS,2013-12-12,7.34,7.49,7.2,7.4
ABUS,2013-12-13,7.33,7.3999,7.27,7.31
ABUS,2013-12-16,7.26,7.59,7.26,7.54
ABUS,2013-12-17,7.58,7.59,7.48,7.52
ABUS,2013-12-18,7.64,7.64,7.5,7.59
ABUS,2013-12-19,7.6,7.68,7.5322,7.67
ABUS,2013-12-20,7.74,7.8,7.56,7.75
ABUS,2013-12-23,7.75,8.38,7.75,8.35
ABUS,2013-12-24,8.35,8.35,8.1001,8.28
ABUS,2013-12-26,8.36,8.58,8.25,8.35
ABUS,2013-12-27,8.43,8.43,7.74,7.78
ABUS,2013-12-30,7.8,7.8,7.46,7.74
ABUS,2013-12-31,7.66,7.98,7.66,7.97
ABUS,2014-01-02,7.95,8.0,7.65,7.77
ABUS,2014-01-03,7.75,7.949,7.735,7.8
ABUS,2014-01-06,7.87,7.87,7.66,7.76
ABUS,2014-01-07,7.75,8.0,7.66,7.88
ABUS,2014-01-08,7.98,8.57,7.98,8.52
ABUS,2014-01-09,8.64,9.51,8.501,9.36
ABUS,2014-01-10,9.25,10.16,9.11,9.88
ABUS,2014-01-13,12.75,13.35,11.56,12.04
ABUS,2014-01-14,12.06,12.37,11.03,11.35
ABUS,2014-01-15,11.25,11.5,10.94,11.45
ABUS,2014-01-16,11.45,12.23,11.2,12.08
ABUS,2014-01-17,12.28,12.82,12.22,12.73
ABUS,2014-01-21,12.91,12.92,12.05,12.44
ABUS,2014-01-22,12.4,12.44,12.1,12.43
ABUS,2014-01-23,12.43,12.49,12.01,12.36
ABUS,2014-01-24,12.22,12.3,12.03,12.15
ABUS,2014-01-27,12.11,12.11,11.02,11.75
ABUS,2014-01-28,11.65,12.08,11.57,12.06
ABUS,2014-01-29,12.0,12.5,11.81,12.05
ABUS,2014-01-30,12.22,13.04,12.07,13.0
ABUS,2014-01-31,13.41,14.85,13.3,13.96
ABUS,2014-02-03,13.83,14.963,13.83,14.4
ABUS,2014-02-04,14.29,15.45,14.25,15.28
ABUS,2014-02-05,15.37,16.0,14.25,14.82
ABUS,2014-02-06,14.98,15.13,14.26,14.35
ABUS,2014-02-07,14.47,14.71,13.66,14.64
ABUS,2014-02-10,14.81,15.616,14.67,14.84
ABUS,2014-02-11,15.01,15.75,14.79,15.74
ABUS,2014-02-12,15.75,15.75,15.44,15.75
ABUS,2014-02-13,15.7,17.15,15.25,16.52
ABUS,2014-02-14,16.66,18.2,16.6,17.85
ABUS,2014-02-18,18.25,19.51,18.11,18.3
ABUS,2014-02-19,18.3,19.43,18.01,18.92
ABUS,2014-02-20,18.81,20.64,18.81,20.46
ABUS,2014-02-21,21.55,22.14,18.5,19.15
ABUS,2014-02-24,20.48,22.0,19.962,21.63
ABUS,2014-02-25,23.58,24.88,22.74,23.15
ABUS,2014-02-26,23.26,23.55,20.7,21.86
ABUS,2014-02-27,21.57,22.149,21.16,21.9
ABUS,2014-02-28,22.0,22.71,20.5,20.65
ABUS,2014-03-03,19.81,20.3,18.53,18.98
ABUS,2014-03-04,18.98,19.86,18.942,19.21
ABUS,2014-03-05,19.85,25.4,19.51,24.92
ABUS,2014-03-06,26.94,28.5,25.24,26.26
ABUS,2014-03-07,27.08,28.75,25.5,28.43
ABUS,2014-03-10,28.36,30.75,27.5,29.74
ABUS,2014-03-11,29.39,31.18,29.1,30.94
ABUS,2014-03-12,30.6,31.0,28.77,29.96
ABUS,2014-03-13,31.14,31.48,26.77,28.02
ABUS,2014-03-14,27.14,27.77,26.06,26.88
ABUS,2014-03-17,26.94,27.42,23.71,24.32
ABUS,2014-03-18,24.94,26.9,23.88,26.82
ABUS,2014-03-19,27.0,28.016,25.851,26.0
ABUS,2014-03-20,25.67,26.54,24.6,24.9
ABUS,2014-03-21,25.0,26.73,23.49,25.91
ABUS,2014-03-24,25.97,26.03,20.747,22.41
ABUS,2014-03-25,22.58,24.527,22.58,24.01
ABUS,2014-03-26,24.2,24.97,23.31,23.5
ABUS,2014-03-27,23.5,24.47,21.84,22.81
ABUS,2014-03-28,22.78,23.31,19.32,19.495
ABUS,2014-03-31,19.99,21.73,19.5,21.49
ABUS,2014-04-01,21.55,22.86,21.55,22.41
ABUS,2014-04-02,22.75,24.469,22.59,23.04
ABUS,2014-04-03,23.0,23.4,20.45,20.82
ABUS,2014-04-04,21.44,21.85,19.41,20.1
ABUS,2014-04-07,20.0,20.28,18.7,19.01
ABUS,2014-04-08,18.8,20.88,18.15,20.56
ABUS,2014-04-09,20.76,22.48,20.33,21.9
ABUS,2014-04-10,22.21,22.25,19.28,19.84
ABUS,2014-04-11,19.2,20.13,18.31,18.42
ABUS,2014-04-14,18.37,18.87,14.84,14.87
ABUS,2014-04-15,14.5,15.38,11.36,12.75
ABUS,2014-04-16,13.25,14.4,12.99,13.98
ABUS,2014-04-17,13.76,14.2,12.82,13.05
ABUS,2014-04-21,12.82,14.72,12.79,14.64
ABUS,2014-04-22,14.81,15.769,14.77,15.26
ABUS,2014-04-23,15.3,15.74,14.75,14.84
ABUS,2014-04-24,15.0,15.4,14.33,14.78
ABUS,2014-04-25,14.61,14.61,13.68,13.89
ABUS,2014-04-28,13.75,14.21,12.92,13.52
ABUS,2014-04-29,13.46,13.97,13.3,13.44
ABUS,2014-04-30,13.31,13.38,12.67,13.29
ABUS,2014-05-01,13.5,14.54,13.11,13.91
ABUS,2014-05-02,13.63,14.25,13.22,13.7
ABUS,2014-05-05,13.7,13.9,13.28,13.54
ABUS,2014-05-06,13.55,13.75,12.79,13.02
ABUS,2014-05-07,12.95,13.18,11.56,12.3
ABUS,2014-05-08,12.5,12.67,11.5,11.605
ABUS,2014-05-09,11.58,12.07,11.083,11.93
ABUS,2014-05-12,11.81,12.27,11.4,11.82
ABUS,2014-05-13,11.87,12.43,11.55,12.295
ABUS,2014-05-14,12.5,12.57,11.82,12.02
ABUS,2014-05-15,12.07,12.07,11.31,11.67
ABUS,2014-05-16,11.58,11.68,11.035,11.2
ABUS,2014-05-19,11.08,11.79,10.85,11.78
ABUS,2014-05-20,11.9,11.9,10.91,11.04
ABUS,2014-05-21,11.1,11.49,10.31,10.72
ABUS,2014-05-22,10.58,10.81,10.22,10.59
ABUS,2014-05-23,10.52,11.32,10.2,11.23
ABUS,2014-05-27,11.32,13.07,11.32,12.89
ABUS,2014-05-28,12.93,13.37,12.19,13.18
ABUS,2014-05-29,13.27,13.58,12.78,13.31
ABUS,2014-05-30,13.29,13.3,12.37,12.7
ABUS,2014-06-02,12.84,12.84,11.95,12.12
ABUS,2014-06-03,12.07,12.47,11.6,11.69
ABUS,2014-06-04,11.6,12.53,11.35,12.3
ABUS,2014-06-05,12.33,12.69,12.003,12.65
ABUS,2014-06-06,12.66,13.72,12.6,13.55
ABUS,2014-06-09,13.55,15.0,13.55,14.32
ABUS,2014-06-10,14.21,14.78,14.0,14.76
ABUS,2014-06-11,14.76,14.84,14.08,14.46
ABUS,2014-06-12,14.5,15.32,14.4,14.79
ABUS,2014-06-13,14.95,15.03,12.87,13.23
ABUS,2014-06-16,13.3,13.47,12.66,13.02
ABUS,2014-06-17,12.9,13.62,12.9,13.51
ABUS,2014-06-18,13.61,13.85,13.52,13.77
ABUS,2014-06-19,13.95,14.347,13.32,13.6
ABUS,2014-06-20,13.55,13.89,13.34,13.82
ABUS,2014-06-23,13.76,14.04,13.556,13.58
ABUS,2014-06-24,13.55,14.11,13.12,13.34
ABUS,2014-06-25,13.5,13.73,13.01,13.69
ABUS,2014-06-26,13.64,13.68,13.295,13.46
ABUS,2014-06-27,13.26,14.12,13.26,13.62
ABUS,2014-06-30,13.44,13.88,13.0,13.06
ABUS,2014-07-01,13.15,13.78,13.15,13.75
ABUS,2014-07-02,13.65,13.8,13.22,13.77
ABUS,2014-07-03,11.21,12.12,11.1,11.63
ABUS,2014-07-07,11.63,12.38,11.43,11.45
ABUS,2014-07-08,11.32,11.56,10.62,10.7
ABUS,2014-07-09,10.7,11.04,10.54,10.59
ABUS,2014-07-10,10.58,10.769,10.21,10.64
ABUS,2014-07-11,10.6,10.88,10.12,10.37
ABUS,2014-07-14,10.46,10.49,10.04,10.18
ABUS,2014-07-15,10.2,10.22,9.72,9.77
ABUS,2014-07-16,9.92,9.92,9.29,9.46
ABUS,2014-07-17,9.27,9.5,8.86,8.98
ABUS,2014-07-18,8.91,9.44,8.91,9.34
ABUS,2014-07-21,9.15,9.65,9.09,9.57
ABUS,2014-07-22,9.5,10.14,9.5,10.02
ABUS,2014-07-23,10.05,10.29,10.05,10.24
ABUS,2014-07-24,10.3,10.492,10.0,10.02
ABUS,2014-07-25,10.0,10.44,9.85,10.29
ABUS,2014-07-28,10.55,11.0,10.07,10.13
ABUS,2014-07-29,10.5,11.44,10.23,11.09
ABUS,2014-07-30,11.49,13.1,11.39,12.73
ABUS,2014-07-31,13.43,13.9,12.53,12.81
ABUS,2014-08-01,13.2,14.65,12.85,14.26
ABUS,2014-08-04,15.87,16.87,12.82,13.26
ABUS,2014-08-05,13.39,14.64,13.11,13.84
ABUS,2014-08-06,13.92,14.25,13.21,13.38
ABUS,2014-08-07,13.9,14.77,13.25,14.27
ABUS,2014-08-08,17.2,20.73,16.52,20.7
ABUS,2014-08-11,23.64,26.05,22.23,23.8
ABUS,2014-08-12,21.88,22.0,18.51,18.61
ABUS,2014-08-13,17.97,20.31,17.3,18.6
ABUS,2014-08-14,17.1,18.94,16.1,16.5
ABUS,2014-08-15,16.99,19.28,16.04,18.08
ABUS,2014-08-18,19.8,20.68,18.81,19.45
ABUS,2014-08-19,19.95,20.05,18.38,18.81
ABUS,2014-08-20,18.47,18.9,17.6,17.74
ABUS,2014-08-21,18.7,19.2,18.07,18.37
ABUS,2014-08-22,18.12,18.35,17.5,17.75
ABUS,2014-08-25,17.64,18.25,17.64,18.02
ABUS,2014-08-26,18.21,19.35,18.0,19.13
ABUS,2014-08-27,19.1,20.25,18.56,19.75
ABUS,2014-08-28,21.48,22.26,20.31,20.76
ABUS,2014-08-29,20.4,21.75,19.76,21.4
ABUS,2014-09-02,20.86,21.3,20.05,20.12
ABUS,2014-09-03,20.13,20.25,18.65,19.23
ABUS,2014-09-04,18.94,19.84,18.75,18.87
ABUS,2014-09-05,18.87,19.15,18.52,18.56
ABUS,2014-09-08,18.42,19.15,17.83,18.63
ABUS,2014-09-09,19.02,19.54,18.43,18.48
ABUS,2014-09-10,18.49,19.25,18.49,19.13
ABUS,2014-09-11,19.08,20.65,18.76,19.85
ABUS,2014-09-12,20.22,20.73,19.75,20.12
ABUS,2014-09-15,20.39,20.5,18.91,19.15
ABUS,2014-09-16,19.46,20.65,19.32,20.09
ABUS,2014-09-17,20.35,21.5,20.01,21.12
ABUS,2014-09-18,21.3,22.19,20.86,21.0
ABUS,2014-09-19,20.91,20.91,19.85,20.16
ABUS,2014-09-22,21.6,24.57,20.79,23.61
ABUS,2014-09-23,25.15,25.8,23.8,24.3
ABUS,2014-09-24,24.86,24.98,22.16,23.01
ABUS,2014-09-25,22.84,23.29,21.1,22.05
ABUS,2014-09-26,21.83,22.5,21.33,21.71
ABUS,2014-09-29,21.17,21.5,20.6,20.68
ABUS,2014-09-30,20.9,21.67,20.74,21.14
ABUS,2014-10-01,26.19,27.45,24.33,24.99
ABUS,2014-10-02,24.93,26.94,23.1,25.47
ABUS,2014-10-03,26.6,29.93,26.07,29.53
ABUS,2014-10-06,27.05,27.18,23.65,24.0
ABUS,2014-10-07,25.02,25.45,22.4,22.74
ABUS,2014-10-08,22.81,24.48,20.75,23.86
ABUS,2014-10-09,23.76,24.75,22.31,23.82
ABUS,2014-10-10,22.87,23.75,22.4,22.8
ABUS,2014-10-13,24.13,24.3,22.9,23.69
ABUS,2014-10-14,23.65,24.28,22.75,23.6
ABUS,2014-10-15,23.95,24.72,22.75,23.9
ABUS,2014-10-16,23.69,23.78,22.52,22.81
ABUS,2014-10-17,23.15,23.27,21.46,21.76
ABUS,2014-10-20,20.5,20.95,18.29,18.61
ABUS,2014-10-21,17.86,19.25,17.59,17.98
ABUS,2014-10-22,19.87,20.1,18.8,19.27
ABUS,2014-10-23,19.46,20.06,18.5,19.82
ABUS,2014-10-24,20.5,20.5,18.55,18.68
ABUS,2014-10-27,18.24,18.55,17.7,18.27
ABUS,2014-10-28,18.03,18.68,17.8,18.33
ABUS,2014-10-29,18.17,18.2,16.8,16.87
ABUS,2014-10-30,16.76,17.35,16.5,16.94
ABUS,2014-10-31,17.36,17.5,16.5,16.68
ABUS,2014-11-03,16.62,16.87,15.13,15.99
ABUS,2014-11-04,15.65,16.38,15.5,16.25
ABUS,2014-11-05,16.03,16.2,14.9,15.12
ABUS,2014-11-06,14.83,16.69,14.66,15.76
ABUS,2014-11-07,17.06,17.06,16.22,16.75
ABUS,2014-11-10,16.7,17.04,15.68,16.48
ABUS,2014-11-11,15.75,16.3,15.53,16.05
ABUS,2014-11-12,15.87,16.3,15.75,16.1
ABUS,2014-11-13,15.81,16.86,15.79,16.27
ABUS,2014-11-14,16.22,16.47,16.05,16.41
ABUS,2014-11-17,16.85,17.44,16.71,17.24
ABUS,2014-11-18,17.44,17.48,16.24,16.37
ABUS,2014-11-19,16.38,16.8,16.05,16.12
ABUS,2014-11-20,15.99,16.39,15.91,16.11
ABUS,2014-11-21,16.24,16.3,15.97,16.0
ABUS,2014-11-24,16.4,16.65,16.15,16.46
ABUS,2014-11-25,16.5,16.8,16.01,16.31
ABUS,2014-11-26,16.31,16.64,16.0,16.13
ABUS,2014-11-28,15.53,16.23,15.05,15.18
ABUS,2014-12-01,15.02,15.15,13.7,13.77
ABUS,2014-12-02,13.55,14.49,13.4,14.09
ABUS,2014-12-03,14.08,14.08,13.53,13.57
ABUS,2014-12-04,13.6,13.67,12.88,13.01
ABUS,2014-12-05,12.91,13.25,12.55,12.83
ABUS,2014-12-08,12.72,13.14,12.61,12.9
ABUS,2014-12-09,12.69,14.2,12.54,14.15
ABUS,2014-12-10,14.32,15.92,14.19,14.7
ABUS,2014-12-11,14.89,15.1,13.95,14.09
ABUS,2014-12-12,14.09,14.7,13.94,14.28
ABUS,2014-12-15,14.34,14.43,13.27,13.31
ABUS,2014-12-16,13.31,13.77,13.0,13.12
ABUS,2014-12-17,13.32,13.95,13.04,13.9
ABUS,2014-12-18,14.2,14.3,13.69,13.82
ABUS,2014-12-19,13.7,13.84,13.02,13.32
ABUS,2014-12-22,13.32,13.562,12.92,13.19
ABUS,2014-12-23,13.64,14.63,13.12,13.83
ABUS,2014-12-24,13.59,14.02,13.51,13.97
ABUS,2014-12-26,14.03,14.32,13.92,14.29
ABUS,2014-12-29,14.28,14.28,13.57,13.86
ABUS,2014-12-30,13.98,14.2,13.82,13.9
ABUS,2014-12-31,13.9,17.15,13.9,15.15
ABUS,2015-01-02,15.3,15.6,14.54,14.76
ABUS,2015-01-05,14.55,15.17,14.5,15.01
ABUS,2015-01-06,15.12,15.8,14.56,14.76
ABUS,2015-01-07,14.82,15.24,14.65,14.87
ABUS,2015-01-08,14.98,15.2,14.76,14.94
ABUS,2015-01-09,14.99,15.93,14.89,15.7
ABUS,2015-01-12,24.05,25.2,20.8,24.68
ABUS,2015-01-13,25.0,25.4,21.9,22.95
ABUS,2015-01-14,22.11,23.88,21.9,23.53
ABUS,2015-01-15,24.3,24.5,23.21,23.25
ABUS,2015-01-16,22.98,24.3,22.78,24.2
ABUS,2015-01-20,24.45,24.78,22.53,23.61
ABUS,2015-01-21,24.0,24.37,23.67,24.25
ABUS,2015-01-22,24.38,24.79,23.02,24.48
ABUS,2015-01-23,24.39,26.03,24.05,25.17
ABUS,2015-01-26,25.64,25.67,24.37,25.52
ABUS,2015-01-27,24.78,26.45,24.78,26.26
ABUS,2015-01-28,26.22,26.25,25.29,25.58
ABUS,2015-01-29,25.11,26.73,25.1,26.26
ABUS,2015-01-30,26.02,26.47,25.3,25.61
ABUS,2015-02-02,25.23,25.49,24.17,24.82
ABUS,2015-02-03,24.5,24.688,23.12,24.23
ABUS,2015-02-04,23.75,23.79,22.62,23.19
ABUS,2015-02-05,22.73,23.95,22.7,23.73
ABUS,2015-02-06,23.59,23.94,22.69,23.09
ABUS,2015-02-09,22.79,23.56,22.65,22.99
ABUS,2015-02-10,22.9,23.35,22.5,22.66
ABUS,2015-02-11,22.53,22.77,21.7,21.95
ABUS,2015-02-12,22.0,22.28,21.62,21.67
ABUS,2015-02-13,21.6,21.96,21.21,21.45
ABUS,2015-02-17,21.35,21.87,21.04,21.23
ABUS,2015-02-18,21.11,21.2,20.42,20.45
ABUS,2015-02-19,20.5,20.52,19.96,19.98
ABUS,2015-02-20,20.04,20.16,19.26,19.89
ABUS,2015-02-23,20.17,20.47,19.79,19.9
ABUS,2015-02-24,19.99,20.32,19.68,19.73
ABUS,2015-02-25,19.75,20.04,19.21,19.43
ABUS,2015-02-26,19.39,19.42,18.12,18.39
ABUS,2015-02-27,18.21,18.32,17.5,18.17
ABUS,2015-03-02,18.06,18.11,17.6,17.93
ABUS,2015-03-03,17.99,18.77,17.4,18.26
ABUS,2015-03-04,18.6,20.17,18.28,19.78
ABUS,2015-03-05,20.0,20.72,19.29,19.69
ABUS,2015-03-06,19.98,20.0,18.5,18.76
ABUS,2015-03-09,18.71,18.94,17.77,17.85
ABUS,2015-03-10,17.6,18.73,17.19,18.09
ABUS,2015-03-11,17.98,18.7,17.56,18.45
ABUS,2015-03-12,18.6,18.69,17.73,17.85
ABUS,2015-03-13,17.67,18.18,17.5,17.78
ABUS,2015-03-16,17.99,18.48,17.56,18.44
ABUS,2015-03-17,18.47,20.77,18.47,20.0
ABUS,2015-03-18,19.56,20.1,19.21,19.76
ABUS,2015-03-19,19.17,20.92,19.15,20.49
ABUS,2015-03-20,21.0,21.37,19.36,19.48
ABUS,2015-03-23,19.36,19.65,18.06,18.21
ABUS,2015-03-24,18.17,18.78,18.0,18.64
ABUS,2015-03-25,19.04,19.04,17.38,17.56
ABUS,2015-03-26,17.84,17.86,17.17,17.45
ABUS,2015-03-27,17.61,17.93,17.3,17.57
ABUS,2015-03-30,18.06,18.18,17.28,17.68
ABUS,2015-03-31,17.69,17.706,17.27,17.46
ABUS,2015-04-01,17.34,17.64,16.87,17.55
ABUS,2015-04-02,17.5,17.65,17.02,17.4
ABUS,2015-04-06,17.3,17.48,17.0,17.07
ABUS,2015-04-07,17.09,17.74,17.03,17.11
ABUS,2015-04-08,17.06,17.63,16.9,17.61
ABUS,2015-04-09,17.68,17.94,17.355,17.6
ABUS,2015-04-10,17.75,18.65,17.4,18.19
ABUS,2015-04-13,18.22,19.0,18.22,18.87
ABUS,2015-04-14,18.98,19.43,18.73,19.15
ABUS,2015-04-15,19.2,19.47,18.93,19.24
ABUS,2015-04-16,19.091,19.6,19.077,19.4
ABUS,2015-04-17,19.15,19.4,18.83,18.97
ABUS,2015-04-20,18.95,19.0,18.0,18.26
ABUS,2015-04-21,18.69,18.98,18.5,18.52
ABUS,2015-04-22,18.52,18.6,17.89,18.38
ABUS,2015-04-23,18.84,19.61,18.61,19.0
ABUS,2015-04-24,19.11,19.54,18.63,18.75
ABUS,2015-04-27,18.72,18.87,17.28,17.32
ABUS,2015-04-28,17.35,17.51,16.5,16.61
ABUS,2015-04-29,16.61,16.8,16.29,16.36
ABUS,2015-04-30,16.35,16.41,15.31,15.47
ABUS,2015-05-01,15.96,15.96,13.84,14.67
ABUS,2015-05-04,15.21,15.37,14.58,14.61
ABUS,2015-05-05,14.5,14.57,13.92,14.22
ABUS,2015-05-06,14.33,14.55,14.01,14.42
ABUS,2015-05-07,14.15,14.6,13.52,13.87
ABUS,2015-05-08,13.98,14.6,13.87,14.17
ABUS,2015-05-11,14.23,14.65,14.2,14.38
ABUS,2015-05-12,14.35,14.492,13.96,14.26
ABUS,2015-05-13,14.21,14.53,13.76,13.93
ABUS,2015-05-14,14.0,14.04,13.55,13.85
ABUS,2015-05-15,13.89,14.2,13.62,13.94
ABUS,2015-05-18,13.91,14.0,13.66,13.82
ABUS,2015-05-19,13.83,14.0,13.66,13.88
ABUS,2015-05-20,13.96,14.36,13.77,14.25
ABUS,2015-05-21,14.6,14.6,13.74,13.89
ABUS,2015-05-22,13.79,14.01,13.45,13.65
ABUS,2015-05-26,13.56,13.83,13.42,13.55
ABUS,2015-05-27,13.63,14.07,13.58,13.85
ABUS,2015-05-28,13.85,14.36,13.58,14.24
ABUS,2015-05-29,14.29,14.35,13.72,13.97
ABUS,2015-06-01,14.02,14.12,13.48,13.66
ABUS,2015-06-02,13.51,13.64,13.3,13.55
ABUS,2015-06-03,13.74,14.02,13.4,13.9
ABUS,2015-06-04,13.88,13.94,13.6,13.83
ABUS,2015-06-05,13.85,13.91,13.57,13.72
ABUS,2015-06-08,13.61,13.92,13.48,13.67
ABUS,2015-06-09,13.61,13.87,13.41,13.85
ABUS,2015-06-10,13.8,13.97,13.58,13.69
ABUS,2015-06-11,13.66,14.87,13.66,14.82
ABUS,2015-06-12,14.75,15.13,14.45,14.9
ABUS,2015-06-15,14.79,14.99,14.21,14.93
ABUS,2015-06-16,14.84,14.9,14.28,14.39
ABUS,2015-06-17,14.38,15.09,14.12,15.04
ABUS,2015-06-18,15.16,15.63,14.9,15.02
ABUS,2015-06-19,13.82,14.62,13.06,13.28
ABUS,2015-06-22,12.88,13.22,12.66,13.17
ABUS,2015-06-23,13.13,13.17,12.9,13.1
ABUS,2015-06-24,13.02,14.18,12.82,13.06
ABUS,2015-06-25,13.05,13.2,12.55,12.74
ABUS,2015-06-26,12.7,12.82,12.07,12.49
ABUS,2015-06-29,12.29,12.58,11.5,11.81
ABUS,2015-06-30,11.8,12.07,11.69,11.86
ABUS,2015-07-01,11.86,12.14,11.62,11.71
ABUS,2015-07-02,11.69,11.96,11.5,11.63
ABUS,2015-07-06,11.25,11.92,11.25,11.57
ABUS,2015-07-07,11.53,11.86,11.43,11.82
ABUS,2015-07-08,11.6,11.8,11.2,11.35
ABUS,2015-07-09,11.38,11.59,11.2,11.25
ABUS,2015-07-10,11.24,11.79,11.22,11.71
ABUS,2015-07-13,11.7,12.22,11.48,12.2
ABUS,2015-07-14,12.14,12.46,12.04,12.12
ABUS,2015-07-15,12.07,12.32,11.18,11.21
ABUS,2015-07-16,11.1,11.68,11.09,11.3
ABUS,2015-07-17,11.22,11.4,11.17,11.28
ABUS,2015-07-20,11.1,11.55,11.1,11.18
ABUS,2015-07-21,11.17,11.3,10.77,10.83
ABUS,2015-07-22,10.63,10.63,10.02,10.34
ABUS,2015-07-23,10.31,11.25,10.28,10.73
ABUS,2015-07-24,10.67,10.88,10.24,10.3
ABUS,2015-07-27,10.19,10.41,10.1,10.3
ABUS,2015-07-28,10.26,10.56,10.2,10.27
ABUS,2015-07-29,10.25,10.45,10.2,10.3
ABUS,2015-07-30,10.3,10.45,10.21,10.25
ABUS,2015-07-31,10.25,11.03,10.07,10.83
ABUS,2015-08-03,10.78,11.2,10.22,10.5
ABUS,2015-08-04,10.22,11.5,10.15,10.48
ABUS,2015-08-05,10.2,10.5,10.03,10.33
ABUS,2015-08-06,10.05,10.33,9.67,9.95
ABUS,2015-08-07,9.93,10.32,9.53,10.11
ABUS,2015-08-10,9.97,10.41,9.9,10.02
ABUS,2015-08-11,9.71,10.1,8.9601,9.11
ABUS,2015-08-12,8.91,9.53,8.64,9.1
ABUS,2015-08-13,8.9,9.44,8.86,8.95
ABUS,2015-08-14,8.69,8.88,8.27,8.49
ABUS,2015-08-17,8.49,8.82,8.0,8.77
ABUS,2015-08-18,8.58,8.77,7.99,8.23
ABUS,2015-08-19,8.23,8.23,7.52,7.64
ABUS,2015-08-20,7.5,7.78,7.23,7.28
ABUS,2015-08-21,7.25,7.48,6.89,7.21
ABUS,2015-08-24,6.66,7.18,6.23,6.93
ABUS,2015-08-25,7.07,7.27,6.72,6.98
ABUS,2015-08-26,7.12,7.39,6.42,7.0
ABUS,2015-08-27,7.1,7.39,6.89,7.27
ABUS,2015-08-28,7.15,7.48,7.15,7.36
ABUS,2015-08-31,7.34,7.57,7.04,7.11
ABUS,2015-09-01,7.02,7.08,6.67,6.76
ABUS,2015-09-02,6.92,7.18,6.85,6.99
ABUS,2015-09-03,7.06,7.16,6.83,6.93
ABUS,2015-09-04,6.85,7.14,6.85,7.0
ABUS,2015-09-08,7.11,7.22,6.98,7.05
ABUS,2015-09-09,7.06,7.13,6.75,6.83
ABUS,2015-09-10,6.82,6.99,6.76,6.97
ABUS,2015-09-11,7.0,7.05,6.62,6.89
ABUS,2015-09-14,6.99,7.06,6.8,7.0
ABUS,2015-09-15,7.0,7.14,6.85,6.97
ABUS,2015-09-16,6.97,7.13,6.86,7.11
ABUS,2015-09-17,7.04,7.72,7.01,7.56
ABUS,2015-09-18,7.5,7.65,7.26,7.31
ABUS,2015-09-21,7.32,7.32,6.76,6.86
ABUS,2015-09-22,6.73,7.04,6.62,6.81
ABUS,2015-09-23,6.68,6.91,6.5,6.57
ABUS,2015-09-24,6.8,7.34,6.67,7.3
ABUS,2015-09-25,7.33,7.49,6.52,6.62
ABUS,2015-09-28,6.63,6.74,6.35,6.58
ABUS,2015-09-29,6.63,6.82,5.9,6.01
ABUS,2015-09-30,6.11,6.17,5.75,6.09
ABUS,2015-10-01,6.07,6.26,5.98,6.22
ABUS,2015-10-02,6.15,6.54,6.14,6.2
ABUS,2015-10-05,6.26,6.45,6.05,6.3
ABUS,2015-10-06,6.44,6.47,5.85,6.12
ABUS,2015-10-07,6.11,6.27,5.6,6.06
ABUS,2015-10-08,6.02,6.36,5.91,6.26
ABUS,2015-10-09,6.25,6.41,6.01,6.12
ABUS,2015-10-12,6.1,6.1,5.85,5.93
ABUS,2015-10-13,5.9,5.97,5.55,5.59
ABUS,2015-10-14,5.62,5.89,5.5,5.61
ABUS,2015-10-15,5.6,6.16,5.6,6.04
ABUS,2015-10-16,6.04,6.55,6.01,6.46
ABUS,2015-10-19,6.38,6.74,6.26,6.42
ABUS,2015-10-20,6.39,6.4,6.02,6.25
ABUS,2015-10-21,6.28,6.39,5.81,5.93
ABUS,2015-10-22,5.96,6.03,5.45,5.78
ABUS,2015-10-23,5.84,5.97,5.61,5.87
ABUS,2015-10-26,5.87,6.09,5.68,6.01
ABUS,2015-10-27,5.99,6.26,5.92,6.04
ABUS,2015-10-28,6.04,6.25,5.87,5.99
ABUS,2015-10-29,5.98,6.01,5.47,5.65
ABUS,2015-10-30,5.83,5.94,5.41,5.5
ABUS,2015-11-02,5.5,5.9,5.46,5.83
ABUS,2015-11-03,5.74,6.12,5.67,5.87
ABUS,2015-11-04,5.86,6.1199,5.78,6.07
ABUS,2015-11-05,6.04,6.12,5.75,5.77
ABUS,2015-11-06,5.67,5.96,5.45,5.93
ABUS,2015-11-09,5.92,6.12,5.83,6.08
ABUS,2015-11-10,6.06,6.06,5.69,5.89
ABUS,2015-11-11,5.93,5.93,5.65,5.67
ABUS,2015-11-12,5.72,5.72,5.47,5.51
ABUS,2015-11-13,5.5,5.72,5.36,5.59
ABUS,2015-11-16,5.52,5.68,5.26,5.38
ABUS,2015-11-17,5.41,5.67,5.25,5.27
ABUS,2015-11-18,5.31,5.6,5.22,5.58
ABUS,2015-11-19,5.73,5.88,5.55,5.65
ABUS,2015-11-20,5.66,5.66,5.4,5.47
ABUS,2015-11-23,5.53,5.54,5.38,5.42
ABUS,2015-11-24,5.38,5.5,5.38,5.44
ABUS,2015-11-25,5.42,5.52,5.42,5.47
ABUS,2015-11-27,5.47,5.55,5.39,5.51
ABUS,2015-11-30,5.5,5.79,5.45,5.58
ABUS,2015-12-01,5.64,5.6734,5.45,5.59
ABUS,2015-12-02,5.56,5.7,5.51,5.58
ABUS,2015-12-03,5.59,5.66,5.39,5.41
ABUS,2015-12-04,5.38,5.44,5.25,5.29
ABUS,2015-12-07,5.23,5.29,4.92,4.94
ABUS,2015-12-08,4.86,5.11,4.86,4.88
ABUS,2015-12-09,4.9,5.02,4.82,4.84
ABUS,2015-12-10,4.79,4.89,4.55,4.67
ABUS,2015-12-11,4.62,4.68,4.44,4.55
ABUS,2015-12-14,4.52,4.666,4.25,4.34
ABUS,2015-12-15,4.37,4.59,4.25,4.56
ABUS,2015-12-16,4.6,4.72,4.55,4.71
ABUS,2015-12-17,4.68,4.79,4.57,4.66
ABUS,2015-12-18,4.68,4.94,4.64,4.75
ABUS,2015-12-21,4.76,4.79,4.52,4.62
ABUS,2015-12-22,4.6,4.65,4.475,4.53
ABUS,2015-12-23,4.49,4.75,4.49,4.7
ABUS,2015-12-24,4.68,4.77,4.61,4.74
ABUS,2015-12-28,4.69,4.69,4.53,4.57
ABUS,2015-12-29,4.56,4.63,4.48,4.57
ABUS,2015-12-30,4.52,4.69,4.41,4.51
ABUS,2015-12-31,4.5,4.53,4.412,4.45
ABUS,2016-01-04,4.39,4.62,4.39,4.52
ABUS,2016-01-05,4.56,4.71,4.45,4.51
ABUS,2016-01-06,4.46,4.46,4.25,4.3
ABUS,2016-01-07,4.15,4.26,4.0135,4.1
ABUS,2016-01-08,4.15,4.33,3.98,4.02
ABUS,2016-01-11,4.06,4.06,3.69,3.84
ABUS,2016-01-12,3.87,4.04,3.745,3.81
ABUS,2016-01-13,3.82,3.99,3.6,3.72
ABUS,2016-01-14,3.7,3.92,3.5764,3.81
ABUS,2016-01-15,3.72,3.79,3.61,3.7
ABUS,2016-01-19,3.8,3.91,3.4,3.48
ABUS,2016-01-20,3.4,3.58,3.22,3.51
ABUS,2016-01-21,3.54,3.8,3.436,3.52
ABUS,2016-01-22,3.6,3.7799,3.56,3.59
ABUS,2016-01-25,3.58,3.88,3.49,3.64
ABUS,2016-01-26,3.7,3.7,3.46,3.58
ABUS,2016-01-27,3.59,3.72,3.39,3.4
ABUS,2016-01-28,3.46,3.46,3.192,3.25
ABUS,2016-01-29,3.25,3.43,3.12,3.14
ABUS,2016-02-01,3.15,3.29,2.98,3.13
ABUS,2016-02-02,3.1,3.23,3.0201,3.08
ABUS,2016-02-03,3.11,3.2199,2.96,3.12
ABUS,2016-02-04,3.15,3.23,3.05,3.17
ABUS,2016-02-05,3.17,3.21,3.06,3.13
ABUS,2016-02-08,3.12,3.269,2.86,2.9001
ABUS,2016-02-09,2.85,3.04,2.72,3.0
ABUS,2016-02-10,3.02,3.07,2.84,2.89
ABUS,2016-02-11,2.88,2.99,2.8,2.95
ABUS,2016-02-12,3.0,3.03,2.8951,3.0
ABUS,2016-02-16,3.01,3.1299,2.92,3.07
ABUS,2016-02-17,3.13,3.18,3.01,3.15
ABUS,2016-02-18,3.14,3.19,3.05,3.11
ABUS,2016-02-19,3.1,3.22,3.06,3.13
ABUS,2016-02-22,3.2,3.29,3.1328,3.21
ABUS,2016-02-23,3.22,3.29,3.12,3.17
ABUS,2016-02-24,3.15,3.19,2.99,3.08
ABUS,2016-02-25,3.1,3.13,2.97,2.99
ABUS,2016-02-26,3.0,3.22,2.97,3.09
ABUS,2016-02-29,3.16,3.22,3.11,3.14
ABUS,2016-03-01,3.18,3.24,3.1,3.15
ABUS,2016-03-02,3.16,3.61,3.14,3.6
ABUS,2016-03-03,3.67,3.68,3.57,3.59
ABUS,2016-03-04,3.59,4.0,3.5,3.91
ABUS,2016-03-07,4.0,4.3,3.99,4.01
ABUS,2016-03-08,3.98,4.17,3.92,3.96
ABUS,2016-03-09,3.97,3.98,3.73,3.88
ABUS,2016-03-10,3.9,3.97,3.71,3.74
ABUS,2016-03-11,3.79,3.9115,3.7,3.85
ABUS,2016-03-14,3.86,3.98,3.7666,3.94
ABUS,2016-03-15,3.97,3.97,3.6,3.69
ABUS,2016-03-16,3.7,3.74,3.57,3.69
ABUS,2016-03-17,3.73,3.75,3.5,3.64
ABUS,2016-03-18,3.64,3.98,3.5825,3.96
ABUS,2016-03-21,3.98,4.3,3.98,4.13
ABUS,2016-03-22,4.15,4.4,4.11,4.34
ABUS,2016-03-23,4.3,4.31,3.82,3.89
ABUS,2016-03-24,3.88,4.065,3.7101,3.99
ABUS,2016-03-28,4.0,4.0,3.73,3.81
ABUS,2016-03-29,3.81,4.18,3.64,4.09
ABUS,2016-03-30,4.15,4.22,3.85,3.94
ABUS,2016-03-31,3.98,4.185,3.98,4.13
ABUS,2016-04-01,4.09,4.28,4.04,4.17
ABUS,2016-04-04,4.11,4.28,4.035,4.15
ABUS,2016-04-05,4.1,4.4,4.07,4.35
ABUS,2016-04-06,4.39,4.72,4.35,4.7
ABUS,2016-04-07,4.75,5.14,4.5,5.06
ABUS,2016-04-08,5.13,5.45,4.79,5.05
ABUS,2016-04-11,5.11,5.2299,4.53,4.72
ABUS,2016-04-12,4.74,5.02,4.66,4.92
ABUS,2016-04-13,5.19,5.19,4.84,5.09
ABUS,2016-04-14,5.1,5.17,4.84,4.94
ABUS,2016-04-15,4.96,4.96,4.7,4.85
ABUS,2016-04-18,4.76,5.13,4.7486,4.98
ABUS,2016-04-19,5.02,5.052,4.85,4.9
ABUS,2016-04-20,4.91,4.99,4.8252,4.96
ABUS,2016-04-21,4.95,5.1,4.94,5.05
ABUS,2016-04-22,5.02,5.4797,5.0,5.33
ABUS,2016-04-25,5.44,5.48,5.25,5.29
ABUS,2016-04-26,5.3,5.37,5.1,5.27
ABUS,2016-04-27,5.3,5.3399,5.1,5.2
ABUS,2016-04-28,5.2,5.3,5.1005,5.17
ABUS,2016-04-29,5.15,5.1634,4.8,4.96
ABUS,2016-05-02,4.96,4.96,4.71,4.82
ABUS,2016-05-03,4.75,4.9,4.65,4.69
ABUS,2016-05-04,4.88,4.88,4.58,4.64
ABUS,2016-05-05,4.1,4.62,4.05,4.5
ABUS,2016-05-06,4.46,4.57,4.1,4.15
ABUS,2016-05-09,4.05,4.44,4.05,4.29
ABUS,2016-05-10,4.34,4.5,4.22,4.5
ABUS,2016-05-11,4.5,4.58,4.28,4.31
ABUS,2016-05-12,4.32,4.33,4.19,4.19
ABUS,2016-05-13,4.19,4.42,4.12,4.35
ABUS,2016-05-16,4.15,4.3,3.9,4.16
ABUS,2016-05-17,4.15,4.15,3.9,3.92
ABUS,2016-05-18,3.9,4.06,3.9,4.01
ABUS,2016-05-19,4.0,4.06,3.82,3.89
ABUS,2016-05-20,3.91,4.09,3.91,4.08
ABUS,2016-05-23,4.08,4.17,3.98,4.03
ABUS,2016-05-24,4.02,4.14,3.97,4.06
ABUS,2016-05-25,4.1,4.33,4.05,4.2
ABUS,2016-05-26,4.25,4.27,4.135,4.26
ABUS,2016-05-27,4.25,4.3,4.07,4.1
ABUS,2016-05-31,4.15,4.2,4.04,4.13
ABUS,2016-06-01,4.13,4.13,3.87,3.98
ABUS,2016-06-02,3.99,4.1,3.94,3.97
ABUS,2016-06-03,4.01,4.1,3.85,3.95
ABUS,2016-06-06,3.93,4.15,3.86,4.14
ABUS,2016-06-07,4.11,4.15,4.03,4.07
ABUS,2016-06-08,4.04,4.14,3.96,4.02
ABUS,2016-06-09,4.02,4.03,3.87,3.93
ABUS,2016-06-10,3.87,3.91,3.55,3.6
ABUS,2016-06-13,3.5,3.5301,3.17,3.35
ABUS,2016-06-14,3.39,3.4,3.21,3.29
ABUS,2016-06-15,3.25,3.39,3.12,3.22
ABUS,2016-06-16,3.26,3.37,3.15,3.28
ABUS,2016-06-17,3.3,3.34,3.19,3.31
ABUS,2016-06-20,3.31,3.34,3.23,3.26
ABUS,2016-06-21,3.26,3.29,3.15,3.17
ABUS,2016-06-22,3.15,3.32,3.09,3.31
ABUS,2016-06-23,3.36,3.59,3.3143,3.54
ABUS,2016-06-24,3.37,3.61,3.3,3.36
ABUS,2016-06-27,3.36,3.49,3.17,3.34
ABUS,2016-06-28,3.38,3.5,3.35,3.37
ABUS,2016-06-29,3.42,3.58,3.37,3.51
ABUS,2016-06-30,3.54,3.65,3.45,3.48
ABUS,2016-07-01,3.45,3.82,3.4001,3.77
ABUS,2016-07-05,3.75,3.83,3.64,3.78
ABUS,2016-07-06,3.78,3.9099,3.72,3.85
ABUS,2016-07-07,3.89,4.05,3.85,3.99
ABUS,2016-07-08,3.71,3.98,3.71,3.91
ABUS,2016-07-11,3.95,4.04,3.91,3.9901
ABUS,2016-07-12,4.05,4.21,3.916,4.15
ABUS,2016-07-13,4.13,4.25,4.01,4.05
ABUS,2016-07-14,4.07,4.15,3.99,4.05
ABUS,2016-07-15,4.05,4.25,4.05,4.21
ABUS,2016-07-18,4.16,4.25,4.15,4.2
ABUS,2016-07-19,4.14,4.25,4.05,4.07
ABUS,2016-07-20,4.15,4.3,4.14,4.18
ABUS,2016-07-21,4.21,4.279,4.14,4.21
ABUS,2016-07-22,4.21,4.23,4.08,4.2
ABUS,2016-07-25,4.25,4.26,4.12,4.21
ABUS,2016-07-26,4.18,4.2,4.05,4.1
ABUS,2016-07-27,4.14,4.24,4.13,4.22
ABUS,2016-07-28,4.23,4.23,4.07,4.13
ABUS,2016-07-29,4.09,4.2,4.055,4.09
ABUS,2016-08-01,4.09,4.26,4.07,4.17
ABUS,2016-08-02,4.19,4.24,4.06,4.1
ABUS,2016-08-03,4.06,4.43,4.06,4.4
ABUS,2016-08-04,4.49,4.49,4.3,4.37
ABUS,2016-08-05,3.95,4.04,3.76,4.02
ABUS,2016-08-08,3.99,4.1,3.9,3.94
ABUS,2016-08-09,3.8,3.98,3.75,3.8
ABUS,2016-08-10,3.81,3.85,3.535,3.62
ABUS,2016-08-11,3.6,3.72,3.56,3.68
ABUS,2016-08-12,3.73,3.84,3.61,3.8
ABUS,2016-08-15,3.77,3.9,3.77,3.81
ABUS,2016-08-16,3.82,3.84,3.74,3.75
ABUS,2016-08-17,3.7,3.74,3.59,3.6
ABUS,2016-08-18,3.61,3.78,3.61,3.72
ABUS,2016-08-19,3.79,3.79,3.63,3.74
ABUS,2016-08-22,3.73,3.97,3.651,3.94
ABUS,2016-08-23,3.9,4.04,3.9,3.96
ABUS,2016-08-24,3.98,4.0399,3.75,3.79
ABUS,2016-08-25,3.81,3.85,3.6,3.66
ABUS,2016-08-26,3.62,3.79,3.62,3.69
ABUS,2016-08-29,3.74,3.865,3.66,3.82
ABUS,2016-08-30,3.82,3.9,3.82,3.8895
ABUS,2016-08-31,3.9,3.9,3.8,3.81
ABUS,2016-09-01,3.865,3.865,3.72,3.79
ABUS,2016-09-02,3.82,3.84,3.6973,3.76
ABUS,2016-09-06,3.76,3.83,3.59,3.72
ABUS,2016-09-07,3.67,3.77,3.63,3.715
ABUS,2016-09-08,3.72,3.79,3.67,3.73
ABUS,2016-09-09,3.7,3.81,3.65,3.66
ABUS,2016-09-12,3.61,3.76,3.6,3.74
ABUS,2016-09-13,3.7,3.74,3.56,3.7
ABUS,2016-09-14,3.6,3.8,3.6,3.75
ABUS,2016-09-15,3.76,3.8,3.72,3.79
ABUS,2016-09-16,3.76,3.83,3.65,3.78
ABUS,2016-09-19,3.78,3.8,3.73,3.73
ABUS,2016-09-20,3.72,3.84,3.7,3.84
ABUS,2016-09-21,3.85,3.89,3.8201,3.89
ABUS,2016-09-22,3.89,4.0,3.87,3.95
ABUS,2016-09-23,3.92,4.0,3.81,3.97
ABUS,2016-09-26,3.96,4.01,3.9,3.99
ABUS,2016-09-27,3.98,4.0,3.85,3.93
ABUS,2016-09-28,3.95,3.95,3.8,3.8
ABUS,2016-09-29,3.86,4.0,3.7801,3.89
ABUS,2016-09-30,3.75,3.75,3.3601,3.44
ABUS,2016-10-03,3.56,3.56,3.3,3.48
ABUS,2016-10-04,3.47,3.49,3.36,3.37
ABUS,2016-10-05,3.37,3.53,3.37,3.495
ABUS,2016-10-06,3.49,3.5193,3.38,3.4
ABUS,2016-10-07,3.39,3.44,3.3,3.32
ABUS,2016-10-10,3.34,3.4,3.33,3.36
ABUS,2016-10-11,3.36,3.3732,3.17,3.2
ABUS,2016-10-12,3.19,3.22,3.02,3.03
ABUS,2016-10-13,3.0,3.01,2.88,2.94
ABUS,2016-10-14,3.2,3.2,2.81,2.87
ABUS,2016-10-17,2.87,2.99,2.85,2.88
ABUS,2016-10-18,2.95,2.99,2.9,2.98
ABUS,2016-10-19,2.99,3.05,2.93,2.99
ABUS,2016-10-20,2.96,3.12,2.96,3.08
ABUS,2016-10-21,3.05,3.25,3.04,3.25
ABUS,2016-10-24,3.3,3.3,3.1,3.1
ABUS,2016-10-25,3.15,3.2,3.123,3.2
ABUS,2016-10-26,3.2,3.2,3.1,3.175
ABUS,2016-10-27,3.2,3.25,3.125,3.2
ABUS,2016-10-28,3.25,3.25,3.1,3.15
ABUS,2016-10-31,3.2,3.2,3.0,3.15
ABUS,2016-11-01,3.15,3.2,3.0,3.1
ABUS,2016-11-02,3.05,3.15,3.0,3.05
ABUS,2016-11-03,3.05,3.1,2.95,3.05
ABUS,2016-11-04,2.95,3.1,2.9,2.95
ABUS,2016-11-07,3.0,3.1,2.9,2.95
ABUS,2016-11-08,2.95,3.05,2.8,2.9
ABUS,2016-11-09,2.9,3.15,2.75,2.8
ABUS,2016-11-10,2.85,2.8857,2.66,2.75
ABUS,2016-11-11,2.75,2.85,2.65,2.8
ABUS,2016-11-14,2.95,3.0,2.75,2.8
ABUS,2016-11-15,2.85,2.9,2.75,2.8
ABUS,2016-11-16,2.8,2.9,2.7,2.8
ABUS,2016-11-17,2.8,2.85,2.625,2.75
ABUS,2016-11-18,2.8,2.8,2.45,2.65
ABUS,2016-11-21,2.75,2.75,2.45,2.7
ABUS,2016-11-22,2.75,2.85,2.6,2.7
ABUS,2016-11-23,2.7,2.7,2.6,2.7
ABUS,2016-11-25,2.65,2.7,2.6,2.6
ABUS,2016-11-28,2.65,2.75,2.6,2.7
ABUS,2016-11-29,2.75,2.75,2.55,2.65
ABUS,2016-11-30,2.75,3.05,2.65,2.65
ABUS,2016-12-01,2.7,2.8,2.65,2.65
ABUS,2016-12-02,2.65,2.7,2.6,2.675
ABUS,2016-12-05,2.7,3.0,2.7,2.95
ABUS,2016-12-06,3.0,3.05,2.9,3.05
ABUS,2016-12-07,3.1,3.2,2.95,3.2
ABUS,2016-12-08,3.2,3.2,3.15,3.15
ABUS,2016-12-09,3.15,3.25,3.15,3.25
ABUS,2016-12-12,3.25,3.25,2.9,2.95
ABUS,2016-12-13,3.0,3.0,2.65,2.8
ABUS,2016-12-14,2.8,2.85,2.65,2.7
ABUS,2016-12-15,2.75,2.8,2.6,2.8
ABUS,2016-12-16,2.8,2.825,2.6,2.65
ABUS,2016-12-19,2.6,2.7,2.6,2.6
ABUS,2016-12-20,2.6,2.74,2.6,2.7
ABUS,2016-12-21,2.7,2.7,2.5,2.6
ABUS,2016-12-22,2.6,2.7,2.55,2.55
ABUS,2016-12-23,2.55,2.6,2.45,2.5
ABUS,2016-12-27,2.45,2.55,2.45,2.5
ABUS,2016-12-28,2.45,2.575,2.375,2.45
ABUS,2016-12-29,2.5,2.5,2.4,2.45
ABUS,2016-12-30,2.45,2.525,2.35,2.45
ABUS,2017-01-03,2.45,2.537,2.36,2.5
ABUS,2017-01-04,2.5,2.65,2.5,2.55
ABUS,2017-01-05,2.55,2.7,2.475,2.7
ABUS,2017-01-06,2.7,2.75,2.6,2.75
ABUS,2017-01-09,2.7,3.0,2.7,2.95
ABUS,2017-01-10,2.95,2.95,2.8,2.85
ABUS,2017-01-11,2.85,2.9,2.755,2.85
ABUS,2017-01-12,2.8,2.9,2.8,2.85
ABUS,2017-01-13,2.85,3.01,2.85,3.0
ABUS,2017-01-17,3.0,3.0,2.8,2.85
ABUS,2017-01-18,2.85,2.85,2.6,2.65
ABUS,2017-01-19,2.65,2.65,2.55,2.55
ABUS,2017-01-20,2.6,2.65,2.5,2.6
ABUS,2017-01-23,2.55,2.65,2.55,2.55
ABUS,2017-01-24,2.55,2.6,2.35,2.6
ABUS,2017-01-25,2.6,2.65,2.475,2.6
ABUS,2017-01-26,2.55,2.65,2.5,2.6
ABUS,2017-01-27,2.55,2.65,2.5,2.55
ABUS,2017-01-30,2.55,2.6,2.5,2.55
ABUS,2017-01-31,2.55,2.675,2.5,2.65
ABUS,2017-02-01,2.75,2.75,2.55,2.55
ABUS,2017-02-02,2.6,2.6,2.5,2.55
ABUS,2017-02-03,2.6,2.65,2.55,2.55
ABUS,2017-02-06,2.55,2.6,2.55,2.55
ABUS,2017-02-07,2.5,2.55,2.5,2.55
ABUS,2017-02-08,2.5,2.6,2.5,2.525
ABUS,2017-02-09,2.5,2.6,2.45,2.55
ABUS,2017-02-10,2.55,2.55,2.5,2.55
ABUS,2017-02-13,2.55,2.7,2.5,2.65
ABUS,2017-02-14,2.65,2.7141,2.6,2.65
ABUS,2017-02-15,2.65,2.75,2.6,2.75
ABUS,2017-02-16,2.7,2.85,2.65,2.7
ABUS,2017-02-17,2.7,2.8,2.7,2.7
ABUS,2017-02-21,2.7,2.75,2.7,2.7
ABUS,2017-02-22,2.7,2.745,2.6,2.6
ABUS,2017-02-23,2.6,2.65,2.6,2.65
ABUS,2017-02-24,2.6,2.7,2.55,2.65
ABUS,2017-02-27,2.7,2.75,2.6,2.75
ABUS,2017-02-28,2.7,2.75,2.6,2.65
ABUS,2017-03-01,2.7,2.75,2.65,2.7
ABUS,2017-03-02,2.7,2.8,2.6,2.65
ABUS,2017-03-03,2.6,2.725,2.6,2.7
ABUS,2017-03-06,2.7,2.7,2.6,2.7
ABUS,2017-03-07,2.65,2.7,2.6,2.65
ABUS,2017-03-08,2.6,2.7,2.6,2.65
ABUS,2017-03-09,2.65,2.75,2.6,2.75
ABUS,2017-03-10,2.7,2.71,2.55,2.65
ABUS,2017-03-13,2.61,2.75,2.6,2.75
ABUS,2017-03-14,2.7,2.775,2.65,2.75
ABUS,2017-03-15,2.75,2.8,2.7,2.75
ABUS,2017-03-16,2.75,2.85,2.75,2.85
ABUS,2017-03-17,3.1,3.45,3.05,3.4
ABUS,2017-03-20,3.45,3.49,3.25,3.35
ABUS,2017-03-21,3.35,3.4,3.0,3.2
ABUS,2017-03-22,3.1,3.2,3.06,3.15
ABUS,2017-03-23,3.1,3.2,3.1,3.15
ABUS,2017-03-24,3.15,3.25,3.15,3.2
ABUS,2017-03-27,3.25,3.3,3.2,3.25
ABUS,2017-03-28,3.25,3.35,3.2,3.25
ABUS,2017-03-29,3.25,3.35,3.2,3.3
ABUS,2017-03-30,3.35,3.4,3.3,3.35
ABUS,2017-03-31,3.35,3.35,3.2,3.25
ABUS,2017-04-03,3.3,3.35,3.25,3.3
ABUS,2017-04-04,3.4,3.485,2.95,3.25
ABUS,2017-04-05,3.3,3.3,3.238,3.3
ABUS,2017-04-06,3.3,3.35,3.2132,3.25
ABUS,2017-04-07,3.3,3.35,3.2,3.25
ABUS,2017-04-10,3.25,3.3,3.2,3.3
ABUS,2017-04-11,3.25,3.35,3.2,3.3
ABUS,2017-04-12,3.35,3.4,3.2,3.3
ABUS,2017-04-13,3.3,3.3,3.2,3.3
ABUS,2017-04-17,3.3,3.35,3.2,3.3
ABUS,2017-04-18,3.3,3.35,3.25,3.3
ABUS,2017-04-19,3.35,3.35,3.25,3.3
ABUS,2017-04-20,3.3,3.35,3.25,3.35
ABUS,2017-04-21,3.35,3.425,3.25,3.35
ABUS,2017-04-24,3.4,3.45,3.25,3.3
ABUS,2017-04-25,3.3,3.4,3.275,3.35
ABUS,2017-04-26,3.35,3.35,3.25,3.35
ABUS,2017-04-27,3.35,3.35,3.25,3.35
ABUS,2017-04-28,3.3,3.4,3.25,3.4
ABUS,2017-05-01,3.3,3.35,3.3,3.35
ABUS,2017-05-02,3.35,3.425,3.275,3.35
ABUS,2017-05-03,3.4,3.4,3.3,3.375
ABUS,2017-05-04,3.35,3.4,3.25,3.35
ABUS,2017-05-05,3.35,3.35,3.25,3.3
ABUS,2017-05-08,3.3,3.35,3.25,3.35
ABUS,2017-05-09,3.35,3.4,3.3,3.35
ABUS,2017-05-10,3.3,3.4,3.2,3.3
ABUS,2017-05-11,3.3,3.45,3.225,3.45
ABUS,2017-05-12,3.4,3.45,3.325,3.35
ABUS,2017-05-15,3.35,3.45,3.3,3.3
ABUS,2017-05-16,3.35,3.35,3.25,3.35
ABUS,2017-05-17,3.3,3.45,3.25,3.45
ABUS,2017-05-18,3.4,3.65,3.375,3.65
ABUS,2017-05-19,3.7,3.825,3.65,3.8
ABUS,2017-05-22,3.85,3.85,3.55,3.65
ABUS,2017-05-23,3.6,3.65,3.55,3.65
ABUS,2017-05-24,3.65,3.7,3.6,3.65
ABUS,2017-05-25,3.65,3.7,3.5,3.5
ABUS,2017-05-26,3.55,3.55,3.35,3.35
ABUS,2017-05-30,3.4,3.4,3.25,3.3
ABUS,2017-05-31,3.3,3.4,3.3,3.4
ABUS,2017-06-01,3.4,3.45,3.35,3.4
ABUS,2017-06-02,3.4,3.45,3.35,3.45
ABUS,2017-06-05,3.45,3.45,3.35,3.35
ABUS,2017-06-06,3.35,3.45,3.3,3.4
ABUS,2017-06-07,3.4,3.5,3.36,3.45
ABUS,2017-06-08,3.5,3.65,3.4,3.6
ABUS,2017-06-09,3.6,3.6,3.5,3.55
ABUS,2017-06-12,3.5,3.6,3.46,3.5
ABUS,2017-06-13,3.5,3.65,3.45,3.6
ABUS,2017-06-14,3.6,3.675,3.5,3.5
ABUS,2017-06-15,3.5,3.6,3.3,3.45
ABUS,2017-06-16,3.45,3.6,3.35,3.6
ABUS,2017-06-19,3.6,3.6,3.5,3.55
ABUS,2017-06-20,3.55,3.6,3.55,3.55
ABUS,2017-06-21,3.6,3.7,3.55,3.7
ABUS,2017-06-22,3.7,3.85,3.675,3.75
ABUS,2017-06-23,3.8,3.85,3.725,3.8
ABUS,2017-06-26,3.75,3.85,3.691,3.7
ABUS,2017-06-27,3.7,3.84,3.4,3.5
ABUS,2017-06-28,3.5,3.75,3.47,3.6
ABUS,2017-06-29,3.6,3.7,3.55,3.65
ABUS,2017-06-30,3.65,3.7,3.6,3.6
ABUS,2017-07-03,3.6,3.7,3.6,3.65
ABUS,2017-07-05,3.7,3.75,3.6,3.75
ABUS,2017-07-06,3.75,3.85,3.7,3.8
ABUS,2017-07-07,3.8,3.95,3.75,3.8
ABUS,2017-07-10,3.75,3.768,3.6,3.6
ABUS,2017-07-11,3.65,3.75,3.55,3.7
ABUS,2017-07-12,3.7,3.8,3.6551,3.775
ABUS,2017-07-13,3.75,3.85,3.675,3.8
ABUS,2017-07-14,3.8,3.85,3.775,3.85
ABUS,2017-07-17,3.8,4.0,3.8,3.8
ABUS,2017-07-18,3.8,3.8,3.65,3.8
ABUS,2017-07-19,3.75,3.9,3.7439,3.8
ABUS,2017-07-20,3.8,3.9,3.775,3.8
ABUS,2017-07-21,3.75,3.85,3.75,3.8
ABUS,2017-07-24,3.75,3.8,3.7,3.75
ABUS,2017-07-25,3.75,3.75,3.7,3.7
ABUS,2017-07-26,3.7,3.75,3.65,3.75
ABUS,2017-07-27,3.7,3.7,3.4,3.5
ABUS,2017-07-28,3.45,3.5,3.4,3.4
ABUS,2017-07-31,3.4,3.55,3.4,3.45
ABUS,2017-08-01,3.4,3.75,3.4,3.65
ABUS,2017-08-02,3.6141,3.6346,3.4,3.6
ABUS,2017-08-03,3.55,3.6,3.4,3.4
ABUS,2017-08-04,3.4,3.45,3.2,3.4
ABUS,2017-08-07,3.4,3.55,3.3651,3.55
ABUS,2017-08-08,3.5,3.65,3.5,3.65
ABUS,2017-08-09,3.6,3.7,3.5,3.7
ABUS,2017-08-10,3.65,3.65,3.5,3.55
ABUS,2017-08-11,3.55,3.7,3.55,3.6
ABUS,2017-08-14,3.6,3.65,3.5,3.65
ABUS,2017-08-15,3.6,3.8,3.56,3.75
ABUS,2017-08-16,3.7,3.8,3.7,3.7
ABUS,2017-08-17,3.65,3.75,3.55,3.6
ABUS,2017-08-18,3.65,3.65,3.55,3.6
ABUS,2017-08-21,3.5691,3.65,3.45,3.65
ABUS,2017-08-22,3.65,3.75,3.6,3.7
ABUS,2017-08-23,3.7,3.75,3.6136,3.7
ABUS,2017-08-24,3.7,3.825,3.7,3.8
ABUS,2017-08-25,3.85,3.9,3.8,3.9
ABUS,2017-08-28,3.85,4.2,3.85,4.2
ABUS,2017-08-29,4.3,4.495,4.25,4.325
ABUS,2017-08-30,4.35,4.35,4.2,4.275
ABUS,2017-08-31,4.3,4.3,4.125,4.2
ABUS,2017-09-01,4.2,4.2,4.1,4.15
ABUS,2017-09-05,4.15,4.35,4.125,4.35
ABUS,2017-09-06,4.35,4.45,4.2664,4.45
ABUS,2017-09-07,4.5,4.65,4.46,4.625
ABUS,2017-09-08,4.7,4.7,4.625,4.7
ABUS,2017-09-11,4.7,4.8,4.48,4.5
ABUS,2017-09-12,4.5,4.5,4.21,4.35
ABUS,2017-09-13,4.4,4.6,4.3791,4.5
ABUS,2017-09-14,4.55,4.75,4.55,4.75
ABUS,2017-09-15,4.9,5.05,4.76,5.0
ABUS,2017-09-18,5.05,5.9,4.96,5.65
ABUS,2017-09-19,5.75,5.79,5.0,5.55
ABUS,2017-09-20,5.9,7.85,5.8,6.75
ABUS,2017-09-21,7.2,7.2,6.75,7.0
ABUS,2017-09-22,7.0,7.0,6.35,6.55
ABUS,2017-09-25,6.8,6.995,6.2,6.75
ABUS,2017-09-26,6.7,6.7,6.25,6.4
ABUS,2017-09-27,6.35,6.65,6.2,6.4
ABUS,2017-09-28,6.35,6.45,6.05,6.4
ABUS,2017-09-29,6.35,6.38,6.155,6.2
ABUS,2017-10-02,6.6,7.35,5.65,7.25
ABUS,2017-10-03,7.45,8.25,7.35,7.65
ABUS,2017-10-04,7.3,7.75,7.0,7.05
ABUS,2017-10-05,7.0,7.5,6.8,7.5
ABUS,2017-10-06,7.5,7.8,7.01,7.15
ABUS,2017-10-09,7.2,7.35,6.95,7.05
ABUS,2017-10-10,7.05,7.425,6.95,7.3
ABUS,2017-10-11,7.35,7.895,7.2,7.7
ABUS,2017-10-12,7.8,7.95,7.25,7.4
ABUS,2017-10-13,7.4,7.4,7.1,7.25
ABUS,2017-10-16,7.2,7.3751,7.05,7.25
ABUS,2017-10-17,7.2,7.4,6.75,6.95
ABUS,2017-10-18,7.1,7.1,6.505,6.65
ABUS,2017-10-19,6.55,6.6,6.25,6.4
ABUS,2017-10-20,6.35,6.55,6.35,6.5
ABUS,2017-10-23,6.55,6.55,6.15,6.25
ABUS,2017-10-24,6.25,6.25,5.85,5.875
ABUS,2017-10-25,5.75,5.84,5.5,5.55
ABUS,2017-10-26,5.5,5.65,5.2,5.55
ABUS,2017-10-27,5.625,6.2,5.6,6.05
ABUS,2017-10-30,6.0,6.15,5.81,6.0
ABUS,2017-10-31,6.0,6.0,5.65,5.65
ABUS,2017-11-01,5.8,5.89,5.35,5.4
ABUS,2017-11-02,5.3,5.8,5.3,5.45
ABUS,2017-11-03,5.6,6.6,5.6,6.5
ABUS,2017-11-06,6.6,6.631,6.05,6.1
ABUS,2017-11-07,6.2,6.2,5.65,5.65
ABUS,2017-11-08,5.6,5.9,5.5,5.75
ABUS,2017-11-09,5.8,5.95,5.65,5.85
ABUS,2017-11-10,5.85,6.15,5.8,6.15
ABUS,2017-11-13,6.2,6.25,5.85,5.9
ABUS,2017-11-14,5.95,5.95,5.5,5.75
ABUS,2017-11-15,5.7,6.2,5.6,5.85
ABUS,2017-11-16,5.8,6.0,5.7,5.85
ABUS,2017-11-17,5.85,5.9,5.7,5.75
ABUS,2017-11-20,5.7,5.829,5.65,5.7
ABUS,2017-11-21,5.7,5.9,5.65,5.85
ABUS,2017-11-22,5.85,5.9,5.7,5.85
ABUS,2017-11-24,5.85,6.25,5.8,6.05
ABUS,2017-11-27,6.1,6.5,6.05,6.5
ABUS,2017-11-28,6.45,6.49,5.8,5.9
ABUS,2017-11-29,6.0,6.0,5.45,5.45
ABUS,2017-11-30,5.55,5.65,5.4,5.65
ABUS,2017-12-01,5.6,5.75,5.4,5.55
ABUS,2017-12-04,5.65,5.655,5.3,5.3
ABUS,2017-12-05,5.4,5.5,4.95,5.3
ABUS,2017-12-06,5.3,5.325,5.0,5.1
ABUS,2017-12-07,5.1,5.3,5.0,5.1
ABUS,2017-12-08,5.05,5.2,5.0,5.05
ABUS,2017-12-11,5.1,5.2,4.75,4.85
ABUS,2017-12-12,4.9,5.05,4.7,4.75
ABUS,2017-12-13,4.8,4.975,4.55,4.75
ABUS,2017-12-14,4.75,4.9,4.3,4.5
ABUS,2017-12-15,4.45,4.6,4.3,4.45
ABUS,2017-12-18,4.45,4.85,4.4,4.75
ABUS,2017-12-19,4.75,4.95,4.7,4.75
ABUS,2017-12-20,4.8,4.95,4.65,4.85
ABUS,2017-12-21,4.8,5.0,4.8,4.9
ABUS,2017-12-22,4.85,4.95,4.8,4.8
ABUS,2017-12-26,4.75,4.95,4.6,4.85
ABUS,2017-12-27,4.8,4.95,4.75,4.9
ABUS,2017-12-28,4.9,5.0,4.8,4.95
ABUS,2017-12-29,4.9,5.3,4.9,5.05
ABUS,2018-01-02,5.0,5.5,5.0,5.45
ABUS,2018-01-03,5.5,5.8,5.4,5.7
ABUS,2018-01-04,5.75,5.85,5.4,5.5
ABUS,2018-01-05,5.6,5.9,5.425,5.55
ABUS,2018-01-08,5.6,5.7,5.05,5.1
ABUS,2018-01-09,5.1,5.2,4.95,5.05
ABUS,2018-01-10,5.05,5.1,4.925,5.05
ABUS,2018-01-11,5.1,5.2,4.96,5.05
ABUS,2018-01-12,5.05,5.15,5.0,5.1
ABUS,2018-01-16,5.05,5.525,4.9,5.05
ABUS,2018-01-17,5.1,5.25,4.995,5.2
ABUS,2018-01-18,5.15,5.3,5.05,5.2
ABUS,2018-01-19,5.2,5.25,5.05,5.2
ABUS,2018-01-22,5.2,5.4,5.0,5.15
ABUS,2018-01-23,5.1,5.55,5.05,5.55
ABUS,2018-01-24,5.6,5.65,5.25,5.4
ABUS,2018-01-25,5.35,5.427,5.25,5.35
ABUS,2018-01-26,5.4,5.4,5.25,5.25
ABUS,2018-01-29,5.3,5.3,5.1,5.25
ABUS,2018-01-30,5.2,5.4,5.05,5.15
ABUS,2018-01-31,5.15,5.2204,5.05,5.1
ABUS,2018-02-01,5.05,5.15,4.9,5.05
ABUS,2018-02-02,5.0,5.1,5.0,5.0
ABUS,2018-02-05,5.05,5.15,4.85,5.05
ABUS,2018-02-06,4.9,5.1,4.85,4.95
ABUS,2018-02-07,4.95,5.3,4.95,5.25
ABUS,2018-02-08,5.25,5.35,4.9,5.25
ABUS,2018-02-09,5.3,5.45,5.1,5.3
ABUS,2018-02-12,5.4,5.55,5.15,5.3
ABUS,2018-02-13,5.3,5.65,5.1,5.65
ABUS,2018-02-14,5.5,5.9,5.36,5.9
ABUS,2018-02-15,5.9,5.95,5.6,5.75
ABUS,2018-02-16,5.7,5.7,5.55,5.65
ABUS,2018-02-20,5.6,5.65,5.35,5.5
ABUS,2018-02-21,5.5,5.6,5.2,5.25
ABUS,2018-02-22,5.3,5.45,5.2,5.25
ABUS,2018-02-23,5.25,5.3,5.05,5.25
ABUS,2018-02-26,5.25,5.45,5.1,5.35
ABUS,2018-02-27,5.35,5.5,5.2,5.25
ABUS,2018-02-28,5.3,5.5,5.15,5.45
ABUS,2018-03-01,5.4,5.5,5.2,5.35
ABUS,2018-03-02,5.35,5.45,5.2,5.35
ABUS,2018-03-05,5.3,5.45,5.3,5.35
ABUS,2018-03-06,5.4,5.45,5.3,5.35
ABUS,2018-03-07,5.3,5.4,5.3,5.35
ABUS,2018-03-08,5.4,5.6,5.35,5.6
ABUS,2018-03-09,5.6,5.85,5.5,5.8
ABUS,2018-03-12,5.9,6.1,5.7,6.05
ABUS,2018-03-13,6.05,6.05,5.75,6.0
ABUS,2018-03-14,5.9,5.9117,5.5,5.65
ABUS,2018-03-15,6.1,6.1,5.25,5.25
ABUS,2018-03-16,5.25,5.3295,5.1,5.25
ABUS,2018-03-19,5.05,5.24,4.85,4.95
ABUS,2018-03-20,4.9,5.05,4.9,5.0
ABUS,2018-03-21,5.0,5.1,4.4,4.4
ABUS,2018-03-22,4.4,4.8,4.4,4.75
ABUS,2018-03-23,4.8,5.4,4.75,5.2
ABUS,2018-03-26,5.3,5.3,5.05,5.3
ABUS,2018-03-27,5.25,5.3,5.15,5.2
ABUS,2018-03-28,5.25,5.25,5.0,5.05
ABUS,2018-03-29,5.05,5.1,4.85,5.0
ABUS,2018-04-02,4.95,5.15,4.9,5.15
ABUS,2018-04-03,5.1,5.15,4.95,5.05
ABUS,2018-04-04,5.0,5.15,4.95,5.15
ABUS,2018-04-05,5.1,5.2,5.0,5.0
ABUS,2018-04-06,5.0,5.15,4.9,5.05
ABUS,2018-04-09,5.1,5.25,5.05,5.15
ABUS,2018-04-10,5.15,5.35,5.05,5.3
ABUS,2018-04-11,5.25,5.35,5.2,5.25
ABUS,2018-04-12,5.2,5.3,4.95,5.1
ABUS,2018-04-13,5.05,5.35,5.0,5.2
ABUS,2018-04-16,5.25,5.3,5.05,5.25
ABUS,2018-04-17,5.2,5.5,5.15,5.45
ABUS,2018-04-18,5.4,5.55,5.35,5.35
ABUS,2018-04-19,5.35,5.5,5.3,5.4
ABUS,2018-04-20,5.35,5.5,5.25,5.45
ABUS,2018-04-23,5.4,5.5,5.24,5.45
ABUS,2018-04-24,5.45,5.675,5.4,5.5
ABUS,2018-04-25,5.45,5.775,5.431,5.6
ABUS,2018-04-26,5.65,5.95,5.5484,5.825
ABUS,2018-04-27,5.8,6.0,5.8,5.95
ABUS,2018-04-30,5.95,6.1,5.6,5.7
ABUS,2018-05-01,5.7,5.8,5.56,5.6
ABUS,2018-05-02,5.6,5.85,5.55,5.7
ABUS,2018-05-03,5.7,6.0796,5.7,5.85
ABUS,2018-05-04,5.85,6.1,5.75,5.9
ABUS,2018-05-07,5.95,6.1,5.871,6.0
ABUS,2018-05-08,5.95,6.25,5.925,6.2
ABUS,2018-05-09,6.25,6.4,5.9,6.0
ABUS,2018-05-10,6.05,6.35,6.0,6.25
ABUS,2018-05-11,6.3,6.5,6.175,6.4
ABUS,2018-05-14,6.5,6.75,6.4,6.65
ABUS,2018-05-15,6.65,6.7,6.4,6.45
ABUS,2018-05-16,6.5,6.65,6.3,6.35
ABUS,2018-05-17,6.35,6.46,6.2,6.4
ABUS,2018-05-18,6.35,6.45,6.05,6.1
ABUS,2018-05-21,6.1,6.15,5.677,5.8
ABUS,2018-05-22,5.85,6.05,5.68,6.0
ABUS,2018-05-23,6.0,6.0,5.85,5.85
ABUS,2018-05-24,5.85,5.85,5.75,5.8
ABUS,2018-05-25,5.75,5.8,5.65,5.75
ABUS,2018-05-29,5.75,5.95,5.7,5.9
ABUS,2018-05-30,5.95,6.2,5.6,5.85
ABUS,2018-05-31,5.85,6.15,5.8,5.85
ABUS,2018-06-01,5.9,6.25,5.825,6.1
ABUS,2018-06-04,6.15,6.15,5.85,6.05
ABUS,2018-06-05,6.0,6.15,5.8,6.0
ABUS,2018-06-06,5.95,6.1,5.85,5.95
ABUS,2018-06-07,5.9,6.0,5.8,5.9
ABUS,2018-06-08,5.9,6.0,5.85,5.95
ABUS,2018-06-11,6.0,6.05,5.9,5.95
ABUS,2018-06-12,5.95,6.0,5.9,6.0
ABUS,2018-06-13,6.0,6.025,5.9,5.95
ABUS,2018-06-14,5.95,6.05,5.825,6.0
ABUS,2018-06-15,6.0,6.55,5.95,6.35
ABUS,2018-06-18,6.3,6.8,6.21,6.75
ABUS,2018-06-19,6.7,6.85,6.6,6.825
ABUS,2018-06-20,6.85,7.1,6.775,7.0
ABUS,2018-06-21,7.05,7.1,6.15,6.375
ABUS,2018-06-22,6.4,6.9,6.3,6.8
ABUS,2018-06-25,6.65,7.05,6.35,6.8
ABUS,2018-06-26,6.85,7.35,6.731,7.3
ABUS,2018-06-27,7.4,7.55,7.15,7.25
ABUS,2018-06-28,7.3,7.45,7.055,7.35
ABUS,2018-06-29,7.4,7.4,7.15,7.3
ABUS,2018-07-02,7.3,7.85,7.3,7.85
ABUS,2018-07-03,7.9,8.3,7.75,8.3
ABUS,2018-07-05,8.4,9.15,8.4,9.1
ABUS,2018-07-06,8.45,9.2,8.2,9.2
ABUS,2018-07-09,9.35,9.4,8.5,8.8
ABUS,2018-07-10,8.7,9.2,8.7,9.05
ABUS,2018-07-11,9.1,11.1,8.85,10.6
ABUS,2018-07-12,10.6,12.05,10.15,11.5
ABUS,2018-07-13,11.5,11.95,11.3,11.7
ABUS,2018-07-16,11.55,11.75,10.3,10.8
ABUS,2018-07-17,10.75,11.4,10.6,11.35
ABUS,2018-07-18,11.5,11.5,11.09,11.3
ABUS,2018-07-19,11.2,11.55,10.95,11.4
ABUS,2018-07-20,11.5,12.0,11.35,11.55
ABUS,2018-07-23,11.5,11.65,11.25,11.5
ABUS,2018-07-24,11.6,11.65,10.7,10.85
ABUS,2018-07-25,10.95,11.9,10.8,11.65
ABUS,2018-07-26,11.5,11.65,11.05,11.55
ABUS,2018-07-27,11.7,11.7,10.7,10.75
ABUS,2018-07-30,10.65,11.05,10.35,10.8
ABUS,2018-07-31,10.85,11.2724,10.655,11.1
ABUS,2018-08-01,11.1,11.9,11.05,11.85
ABUS,2018-08-02,11.85,12.6,11.7,12.35
ABUS,2018-08-03,12.35,12.35,9.6,9.65
ABUS,2018-08-06,9.5,9.8146,9.155,9.45
ABUS,2018-08-07,9.4,9.75,9.3,9.55
ABUS,2018-08-08,9.6,9.7,9.4,9.55
ABUS,2018-08-09,9.4,9.925,9.3,9.8
ABUS,2018-08-10,9.8,9.95,8.825,9.45
ABUS,2018-08-13,9.7,10.3,9.35,9.65
ABUS,2018-08-14,9.6,9.85,8.85,9.2
ABUS,2018-08-15,9.1,9.2,8.8,8.85
ABUS,2018-08-16,8.8,9.15,8.75,9.1
ABUS,2018-08-17,9.05,9.25,9.0,9.1
ABUS,2018-08-20,9.05,9.1,8.65,8.8
ABUS,2018-08-21,8.75,9.2,8.6773,9.05
ABUS,2018-08-22,9.05,9.1,8.9,8.95
ABUS,2018-08-23,8.9,9.025,8.7,8.85
ABUS,2018-08-24,8.8,9.1,8.7033,9.0
ABUS,2018-08-27,9.0,9.425,8.975,9.05
ABUS,2018-08-28,9.25,9.255,8.9,9.15
ABUS,2018-08-29,9.05,9.25,8.855,8.9
ABUS,2018-08-30,8.95,9.125,8.9,9.0
ABUS,2018-08-31,9.05,9.175,8.9,9.1
ABUS,2018-09-04,9.15,10.475,9.1,10.25
ABUS,2018-09-05,10.4,11.25,10.35,11.0
ABUS,2018-09-06,10.9,11.1,9.905,10.5
ABUS,2018-09-07,10.5,10.8675,10.5,10.8
ABUS,2018-09-10,10.8,10.85,9.8,10.0
ABUS,2018-09-11,10.0,10.25,9.75,10.15
ABUS,2018-09-12,10.05,10.2468,9.25,9.55
ABUS,2018-09-13,9.55,9.7,9.4,9.65
ABUS,2018-09-14,9.65,10.0,9.4,9.6
ABUS,2018-09-17,9.7,9.8,9.25,9.3
ABUS,2018-09-18,9.3,9.65,9.25,9.55
ABUS,2018-09-19,9.55,9.65,9.325,9.35
ABUS,2018-09-20,9.4,10.15,9.325,9.95
ABUS,2018-09-21,9.9,9.9565,9.45,9.5
ABUS,2018-09-24,9.35,9.55,9.3,9.5
ABUS,2018-09-25,9.55,9.95,9.55,9.9
ABUS,2018-09-26,9.9,9.9,9.65,9.75
ABUS,2018-09-27,9.8,10.0,9.5,9.7
ABUS,2018-09-28,9.7,9.75,9.275,9.45
ABUS,2018-10-01,9.45,9.82,9.19,9.66
ABUS,2018-10-02,9.69,9.78,9.3,9.39
ABUS,2018-10-03,9.44,9.57,9.21,9.5
ABUS,2018-10-04,9.46,9.6,9.25,9.34
ABUS,2018-10-05,9.26,9.61,9.23,9.38
ABUS,2018-10-08,9.35,9.42,8.759,9.09
ABUS,2018-10-09,8.99,8.99,5.895,6.0
ABUS,2018-10-10,5.94,6.105,4.06,4.57
ABUS,2018-10-11,4.64,4.71,4.1,4.11
ABUS,2018-10-12,4.27,4.68,4.08,4.31
ABUS,2018-10-15,4.69,4.69,4.01,4.14
ABUS,2018-10-16,4.43,4.75,4.13,4.65
ABUS,2018-10-17,4.75,5.23,4.5,4.71
ABUS,2018-10-18,4.65,4.65,4.22,4.44
ABUS,2018-10-19,4.39,4.55,4.32,4.34
ABUS,2018-10-22,4.32,4.44,4.18,4.34
ABUS,2018-10-23,4.31,4.6,4.25,4.52
ABUS,2018-10-24,4.53,4.55,4.1,4.12
ABUS,2018-10-25,4.12,4.47,4.12,4.28
ABUS,2018-10-26,4.21,4.45,4.12,4.41
ABUS,2018-10-29,4.5,4.52,4.17,4.26
ABUS,2018-10-30,4.22,4.39,4.17,4.24
ABUS,2018-10-31,4.32,4.4,4.199,4.24
ABUS,2018-11-01,4.3,4.92,4.3,4.78
ABUS,2018-11-02,4.77,5.281,4.65,5.17
ABUS,2018-11-05,5.19,5.24,4.53,4.6
ABUS,2018-11-06,4.61,4.82,4.6,4.75
ABUS,2018-11-07,4.76,4.99,4.7,4.95
ABUS,2018-11-08,4.95,5.66,4.51,5.4
ABUS,2018-11-09,5.32,5.32,4.635,4.65
ABUS,2018-11-12,4.58,4.74,4.32,4.43
ABUS,2018-11-13,4.48,4.91,4.45,4.77
ABUS,2018-11-14,4.85,4.89,4.35,4.38
ABUS,2018-11-15,4.36,4.63,4.27,4.58
ABUS,2018-11-16,4.52,4.8,4.4019,4.71
ABUS,2018-11-19,4.69,4.71,4.43,4.46
ABUS,2018-11-20,4.38,4.75,4.3,4.45
ABUS,2018-11-21,4.52,4.73,4.38,4.68
ABUS,2018-11-23,4.63,5.15,4.5236,5.0
ABUS,2018-11-26,5.05,5.17,4.5,4.72
ABUS,2018-11-27,4.5,4.65,4.46,4.47
ABUS,2018-11-28,4.47,4.6459,4.14,4.63
ABUS,2018-11-29,4.69,4.8,4.4421,4.77
ABUS,2018-11-30,4.74,4.77,4.3,4.36
ABUS,2018-12-03,4.52,4.735,4.4,4.72
ABUS,2018-12-04,4.68,4.87,4.53,4.53
ABUS,2018-12-06,4.45,4.67,4.44,4.58
ABUS,2018-12-07,4.6,4.66,4.37,4.4
ABUS,2018-12-10,4.39,4.54,4.31,4.45
ABUS,2018-12-11,4.54,4.55,4.39,4.44
ABUS,2018-12-12,4.48,4.62,4.4,4.6
ABUS,2018-12-13,4.63,4.68,4.34,4.39
ABUS,2018-12-14,4.35,4.59,4.33,4.38
ABUS,2018-12-17,4.38,4.78,4.3,4.41
ABUS,2018-12-18,4.45,4.54,4.2,4.27
ABUS,2018-12-19,4.25,4.44,4.21,4.25
ABUS,2018-12-20,4.28,4.33,3.66,3.87
ABUS,2018-12-21,3.86,3.86,3.5,3.51
ABUS,2018-12-24,3.49,3.6304,3.2,3.5
ABUS,2018-12-26,3.54,3.86,3.4,3.84
ABUS,2018-12-27,3.74,3.99,3.55,3.7
ABUS,2018-12-28,3.72,4.0,3.72,3.88
ABUS,2018-12-31,3.87,3.99,3.75,3.83
ABUS,2019-01-02,3.74,4.03,3.71,4.0
ABUS,2019-01-03,3.97,4.06,3.76,3.77
ABUS,2019-01-04,3.86,4.17,3.78,4.1
ABUS,2019-01-07,4.14,4.35,4.13,4.2
ABUS,2019-01-08,4.26,4.26,4.02,4.05
ABUS,2019-01-09,4.09,4.1,3.8,3.82
ABUS,2019-01-10,3.8,3.85,3.69,3.75
ABUS,2019-01-11,3.75,3.78,3.66,3.73
ABUS,2019-01-14,3.72,3.76,3.35,3.41
ABUS,2019-01-15,3.42,3.78,3.42,3.72
ABUS,2019-01-16,3.73,4.0201,3.7,3.89
ABUS,2019-01-17,3.86,4.19,3.86,3.93
ABUS,2019-01-18,3.94,3.94,3.6764,3.69
ABUS,2019-01-22,3.65,3.79,3.5,3.54
ABUS,2019-01-23,3.58,3.64,3.42,3.46
ABUS,2019-01-24,3.46,3.57,3.4,3.51
ABUS,2019-01-25,3.54,4.065,3.49,3.96
ABUS,2019-01-28,3.89,3.89,3.56,3.61
ABUS,2019-01-29,3.61,3.76,3.53,3.54
ABUS,2019-01-30,3.57,3.74,3.49,3.71
ABUS,2019-01-31,3.7,3.8,3.64,3.69
ABUS,2019-02-01,3.69,3.89,3.6514,3.87
ABUS,2019-02-04,3.86,3.99,3.78,3.98
ABUS,2019-02-05,4.0,4.13,3.8,3.84
ABUS,2019-02-06,3.84,3.8808,3.68,3.74
ABUS,2019-02-07,3.71,3.8,3.52,3.74
ABUS,2019-02-08,3.73,3.91,3.73,3.89
ABUS,2019-02-11,3.9,3.95,3.8,3.89
ABUS,2019-02-12,3.91,3.97,3.84,3.89
ABUS,2019-02-13,3.92,4.12,3.85,3.89
ABUS,2019-02-14,3.85,3.865,3.6,3.7
ABUS,2019-02-15,3.71,3.88,3.6601,3.87
ABUS,2019-02-19,3.87,4.06,3.71,3.77
ABUS,2019-02-20,3.76,3.77,3.64,3.64
ABUS,2019-02-21,3.63,3.76,3.55,3.75
ABUS,2019-02-22,3.77,3.9,3.75,3.79
ABUS,2019-02-25,3.8,4.04,3.71,4.03
ABUS,2019-02-26,4.03,4.09,3.91,3.99
ABUS,2019-02-27,3.97,4.27,3.97,4.22
ABUS,2019-02-28,4.24,4.48,4.11,4.39
ABUS,2019-03-01,4.44,4.75,4.4,4.57
ABUS,2019-03-04,4.61,4.71,4.2,4.44
ABUS,2019-03-05,4.41,4.51,4.24,4.27
ABUS,2019-03-06,4.27,4.27,4.0,4.02
ABUS,2019-03-07,4.02,4.155,3.96,4.02
ABUS,2019-03-08,4.15,4.15,3.7,3.7
ABUS,2019-03-11,3.74,4.02,3.74,4.01
ABUS,2019-03-12,3.95,4.16,3.95,4.13
ABUS,2019-03-13,4.16,4.18,3.7742,3.98
ABUS,2019-03-14,3.98,4.01,3.75,3.75
ABUS,2019-03-15,3.76,3.91,3.76,3.83
ABUS,2019-03-18,3.83,3.9,3.8,3.86
ABUS,2019-03-19,3.89,3.91,3.71,3.73
ABUS,2019-03-20,3.73,3.78,3.66,3.74
ABUS,2019-03-21,3.7,3.83,3.67,3.7
ABUS,2019-03-22,3.7,3.76,3.52,3.53
ABUS,2019-03-25,3.54,3.61,3.3,3.59
ABUS,2019-03-26,3.61,3.66,3.53,3.59
ABUS,2019-03-27,3.59,3.61,3.44,3.59
ABUS,2019-03-28,3.6,3.6599,3.47,3.59
ABUS,2019-03-29,3.64,3.67,3.55,3.58
ABUS,2019-04-01,3.62,3.87,3.6126,3.86
ABUS,2019-04-02,4.01,4.02,3.86,4.01
ABUS,2019-04-03,3.97,4.19,3.97,4.18
ABUS,2019-04-04,4.19,4.4526,4.15,4.44
ABUS,2019-04-05,4.45,4.561,4.3,4.4
ABUS,2019-04-08,4.39,4.42,4.11,4.4
ABUS,2019-04-09,4.39,4.39,3.96,3.96
ABUS,2019-04-10,3.94,4.18,3.9,3.91
ABUS,2019-04-11,3.9,4.0,3.76,3.81
ABUS,2019-04-12,3.85,3.97,3.7,3.73
ABUS,2019-04-15,3.72,3.8599,3.62,3.72
ABUS,2019-04-16,3.75,3.83,3.57,3.59
ABUS,2019-04-17,3.69,3.69,3.22,3.37
ABUS,2019-04-18,3.33,3.4199,3.18,3.18
ABUS,2019-04-22,3.21,3.26,3.06,3.15
ABUS,2019-04-23,3.15,3.16,2.88,2.99
ABUS,2019-04-24,3.01,3.0853,2.72,2.74
ABUS,2019-04-25,2.75,2.81,2.5,2.58
ABUS,2019-04-26,2.56,2.77,2.54,2.72
ABUS,2019-04-29,2.75,2.86,2.63,2.64
ABUS,2019-04-30,2.62,2.72,2.47,2.69
ABUS,2019-05-01,2.72,2.75,2.56,2.59
ABUS,2019-05-02,2.59,2.72,2.5,2.52
ABUS,2019-05-03,2.56,2.75,2.52,2.61
ABUS,2019-05-06,2.57,2.79,2.4121,2.63
ABUS,2019-05-07,2.55,2.71,2.41,2.47
ABUS,2019-05-08,2.45,2.58,2.35,2.39
ABUS,2019-05-09,2.37,2.41,2.29,2.37
ABUS,2019-05-10,2.39,2.42,2.31,2.35
ABUS,2019-05-13,2.3,2.4,2.18,2.2
ABUS,2019-05-14,2.22,2.38,2.21,2.37
ABUS,2019-05-15,2.34,2.49,2.3,2.38
ABUS,2019-05-16,2.39,2.48,2.34,2.46
ABUS,2019-05-17,2.43,2.49,2.38,2.4
ABUS,2019-05-20,2.36,2.37,2.28,2.36
ABUS,2019-05-21,2.37,2.47,2.31,2.33
ABUS,2019-05-22,2.32,2.34,2.08,2.09
ABUS,2019-05-23,2.09,2.145,1.99,2.0
ABUS,2019-05-24,2.0,2.02,1.9,1.91
ABUS,2019-05-28,1.91,1.99,1.85,1.88
ABUS,2019-05-29,1.85,1.87,1.69,1.75
ABUS,2019-05-30,1.77,1.83,1.75,1.82
ABUS,2019-05-31,1.78,1.87,1.76,1.82
ABUS,2019-06-03,1.81,1.94,1.79,1.9
ABUS,2019-06-04,1.93,1.975,1.82,1.82
ABUS,2019-06-05,1.87,1.87,1.63,1.66
ABUS,2019-06-06,1.69,1.6936,1.6001,1.63
ABUS,2019-06-07,1.64,1.68,1.56,1.62
ABUS,2019-06-10,1.62,1.68,1.59,1.6
ABUS,2019-06-11,1.65,1.65,1.53,1.57
ABUS,2019-06-12,1.59,1.6,1.49,1.52
ABUS,2019-06-13,1.52,1.59,1.52,1.53
ABUS,2019-06-14,1.54,1.55,1.445,1.46
ABUS,2019-06-17,1.5,1.94,1.42,1.82
ABUS,2019-06-18,1.89,1.94,1.74,1.78
ABUS,2019-06-19,1.78,1.8485,1.71,1.72
ABUS,2019-06-20,1.88,2.74,1.82,2.36
ABUS,2019-06-21,2.36,2.5376,2.169,2.2
ABUS,2019-06-24,2.18,2.23,2.04,2.18
ABUS,2019-06-25,2.17,2.47,2.12,2.42
ABUS,2019-06-26,2.46,2.49,2.22,2.27
ABUS,2019-06-27,2.26,2.35,2.25,2.26
ABUS,2019-06-28,2.29,2.3099,2.05,2.08
ABUS,2019-07-01,2.14,2.32,2.08,2.26
ABUS,2019-07-02,2.25,2.35,2.2,2.28
ABUS,2019-07-03,2.35,2.35,2.15,2.16
ABUS,2019-07-05,2.15,2.2889,2.15,2.25
ABUS,2019-07-08,2.24,2.27,2.12,2.23
ABUS,2019-07-09,2.23,2.33,2.21,2.26
ABUS,2019-07-10,2.25,2.34,2.23,2.3
ABUS,2019-07-11,2.3,2.38,2.2621,2.35
ABUS,2019-07-12,2.36,2.45,2.32,2.4
ABUS,2019-07-15,2.39,2.45,2.32,2.34
ABUS,2019-07-16,2.35,2.42,2.07,2.1
ABUS,2019-07-17,2.09,2.09,2.0125,2.03
ABUS,2019-07-18,2.01,2.05,1.94,1.95
ABUS,2019-07-19,1.92,2.0804,1.72,1.73
ABUS,2019-07-22,1.73,2.02,1.72,1.89
ABUS,2019-07-23,1.89,1.93,1.8,1.85
ABUS,2019-07-24,1.85,1.89,1.78,1.85
ABUS,2019-07-25,1.86,1.86,1.72,1.78
ABUS,2019-07-26,1.79,1.84,1.75,1.8
ABUS,2019-07-29,1.8,1.85,1.71,1.77
ABUS,2019-07-30,1.75,1.91,1.68,1.9
ABUS,2019-07-31,1.9,1.937,1.77,1.78
ABUS,2019-08-01,1.79,1.83,1.7,1.72
ABUS,2019-08-02,1.72,1.72,1.55,1.63
ABUS,2019-08-05,1.67,1.76,1.55,1.6
ABUS,2019-08-06,1.61,1.68,1.55,1.65
ABUS,2019-08-07,1.61,1.66,1.57,1.63
ABUS,2019-08-08,1.65,1.65,1.57,1.65
ABUS,2019-08-09,1.64,1.7,1.61,1.65
ABUS,2019-08-12,1.65,1.6844,1.51,1.51
ABUS,2019-08-13,1.51,1.59,1.46,1.55
ABUS,2019-08-14,1.53,1.65,1.45,1.47
ABUS,2019-08-15,1.49,1.58,1.38,1.42
ABUS,2019-08-16,1.46,1.54,1.45,1.5
ABUS,2019-08-19,1.5,1.65,1.45,1.47
ABUS,2019-08-20,1.5,1.5,1.41,1.46
ABUS,2019-08-21,1.47,1.51,1.43,1.48
ABUS,2019-08-22,1.49,1.5,1.43,1.46
ABUS,2019-08-23,1.43,1.49,1.38,1.385
ABUS,2019-08-26,1.4,1.4,1.31,1.36
ABUS,2019-08-27,1.36,1.45,1.29,1.34
ABUS,2019-08-28,1.33,1.39,1.31,1.35
ABUS,2019-08-29,1.36,1.4,1.3,1.4
ABUS,2019-08-30,1.4,1.44,1.35,1.37
ABUS,2019-09-03,1.34,1.45,1.29,1.44
ABUS,2019-09-04,1.46,1.48,1.415,1.45
ABUS,2019-09-05,1.5,1.55,1.44,1.55
ABUS,2019-09-06,1.57,1.59,1.5176,1.56
ABUS,2019-09-09,1.55,1.59,1.51,1.57
ABUS,2019-09-10,1.56,1.86,1.56,1.8
ABUS,2019-09-11,1.82,1.85,1.78,1.82
ABUS,2019-09-12,1.84,1.89,1.64,1.64
ABUS,2019-09-13,1.66,1.72,1.6,1.67
ABUS,2019-09-16,1.65,1.72,1.62,1.69
ABUS,2019-09-17,1.66,1.74,1.635,1.66
ABUS,2019-09-18,1.65,1.66,1.6,1.6
ABUS,2019-09-19,1.61,1.68,1.6,1.6
ABUS,2019-09-20,1.65,1.7,1.61,1.65
ABUS,2019-09-23,1.67,1.69,1.55,1.57
ABUS,2019-09-24,1.6,1.6699,1.54,1.54
ABUS,2019-09-25,1.55,1.6,1.54,1.6
ABUS,2019-09-26,1.6,1.6,1.5,1.5
ABUS,2019-09-27,1.5,1.57,1.5,1.52
ABUS,2019-09-30,1.51,1.56,1.48,1.525
ABUS,2019-10-01,1.5,1.54,1.47,1.47
ABUS,2019-10-02,1.46,1.46,1.37,1.38
ABUS,2019-10-03,1.38,1.43,1.33,1.43
ABUS,2019-10-04,1.01,1.11,1.0,1.02
ABUS,2019-10-07,1.01,1.15,0.8977,0.9158
ABUS,2019-10-08,0.94,0.94,0.88,0.89
ABUS,2019-10-09,0.9284,0.9284,0.831,0.87
ABUS,2019-10-10,0.8673,0.9499,0.8673,0.89
ABUS,2019-10-11,0.89,0.9674,0.882,0.93
ABUS,2019-10-14,0.93,0.9699,0.8901,0.94
ABUS,2019-10-15,0.9352,1.03,0.905,1.02
ABUS,2019-10-16,1.02,1.02,0.92,0.93
ABUS,2019-10-17,0.95,0.998,0.9,0.9286
ABUS,2019-10-18,0.933,0.96,0.9001,0.9272
ABUS,2019-10-21,0.9206,0.9206,0.8214,0.8814
ABUS,2019-10-22,0.86,0.9259,0.86,0.908
ABUS,2019-10-23,0.901,0.92,0.87735,0.8893
ABUS,2019-10-24,0.89,0.8925,0.8421,0.888
ABUS,2019-10-25,0.881,0.9,0.8611,0.88
ABUS,2019-10-28,0.9,0.9197,0.88,0.8949
ABUS,2019-10-29,0.88,0.899,0.8751,0.896
ABUS,2019-10-30,0.896,0.925,0.8729,0.8896
ABUS,2019-10-31,0.9555,1.62,0.95,1.42
ABUS,2019-11-01,1.32,1.49,1.25,1.41
ABUS,2019-11-04,1.44,1.45,1.36,1.44
ABUS,2019-11-05,1.46,1.6,1.4,1.49
ABUS,2019-11-06,1.45,1.49,1.36,1.45
ABUS,2019-11-07,1.45,1.47,1.38,1.43
ABUS,2019-11-08,1.41,1.5,1.3879,1.43
ABUS,2019-11-11,1.45,1.47,1.42,1.44
ABUS,2019-11-12,1.44,1.5,1.395,1.48
ABUS,2019-11-13,1.5,1.53,1.44,1.52
ABUS,2019-11-14,1.51,1.68,1.49,1.53
ABUS,2019-11-15,1.54,1.57,1.45,1.51
ABUS,2019-11-18,1.49,1.53,1.45,1.47
ABUS,2019-11-19,1.49,1.49,1.45,1.48
ABUS,2019-11-20,1.47,1.55,1.45,1.51
ABUS,2019-11-21,1.52,1.52,1.4701,1.5
ABUS,2019-11-22,1.5,1.5392,1.49,1.53
ABUS,2019-11-25,1.65,1.77,1.51,1.56
ABUS,2019-11-26,1.56,1.67,1.56,1.67
ABUS,2019-11-27,1.67,1.75,1.63,1.63
ABUS,2019-11-29,1.64,1.77,1.625,1.67
ABUS,2019-12-02,1.68,1.723,1.56,1.63
ABUS,2019-12-03,1.58,2.04,1.58,2.0
ABUS,2019-12-04,2.06,2.45,2.06,2.26
ABUS,2019-12-05,2.22,2.43,2.15,2.22
ABUS,2019-12-06,2.23,2.3621,2.22,2.29
ABUS,2019-12-09,2.33,2.4,2.25,2.36
ABUS,2019-12-10,2.39,2.39,2.29,2.35
ABUS,2019-12-11,2.36,2.43,2.26,2.4
ABUS,2019-12-12,2.43,2.49,2.36,2.39
ABUS,2019-12-13,2.38,2.41,2.33,2.33
ABUS,2019-12-16,2.34,2.36,2.18,2.23
ABUS,2019-12-17,2.24,2.323,2.16,2.26
ABUS,2019-12-18,2.27,2.31,2.19,2.28
ABUS,2019-12-19,2.27,2.3,2.17,2.28
ABUS,2019-12-20,2.25,2.99,2.2,2.89
ABUS,2019-12-23,2.8,2.85,2.48,2.75
ABUS,2019-12-24,2.78,2.8,2.7,2.75
ABUS,2019-12-26,2.76,2.78,2.6,2.62
ABUS,2019-12-27,2.56,2.59,2.48,2.49
ABUS,2019-12-30,2.5,2.87,2.4403,2.73
ABUS,2019-12-31,2.73,2.85,2.73,2.78
ABUS,2020-01-02,2.78,2.9669,2.74,2.94
ABUS,2020-01-03,2.92,3.19,2.92,3.08
ABUS,2020-01-06,3.09,3.66,3.05,3.18
ABUS,2020-01-07,3.19,3.54,2.88,3.04
ABUS,2020-01-08,3.02,3.22,3.01,3.07
ABUS,2020-01-09,3.1,3.14,2.89,2.93
ABUS,2020-01-10,2.93,3.03,2.88,3.03
ABUS,2020-01-13,3.07,3.1652,2.88,2.95
ABUS,2020-01-14,2.92,3.08,2.9,3.0
ABUS,2020-01-15,2.97,3.09,2.94,3.07
ABUS,2020-01-16,3.06,3.09,2.95,3.05
ABUS,2020-01-17,3.07,3.1,3.01,3.07
ABUS,2020-01-21,3.09,3.24,3.06,3.11
ABUS,2020-01-22,3.1,3.31,3.09,3.21
ABUS,2020-01-23,3.22,3.2201,3.05,3.12
ABUS,2020-01-24,3.08,3.09,2.7239,2.89
ABUS,2020-01-27,3.14,3.14,2.92,2.95
ABUS,2020-01-28,2.98,2.98,2.68,2.76
ABUS,2020-01-29,2.74,2.9,2.7108,2.86
ABUS,2020-01-30,2.86,2.86,2.64,2.79
ABUS,2020-01-31,2.77,2.8,2.56,2.61
ABUS,2020-02-03,2.65,2.65,2.54,2.59
ABUS,2020-02-04,2.6,2.84,2.6,2.81
ABUS,2020-02-05,3.25,3.31,3.1,3.24
ABUS,2020-02-06,3.31,3.34,3.095,3.2
ABUS,2020-02-07,3.2,3.27,3.09,3.25
ABUS,2020-02-10,2.75,3.25,2.7,3.195
ABUS,2020-02-11,3.15,3.19,3.04,3.07
ABUS,2020-02-12,3.07,3.25,3.05,3.15
ABUS,2020-02-13,3.15,3.48,3.12,3.28
ABUS,2020-02-14,3.32,3.43,3.28,3.35
ABUS,2020-02-18,3.29,3.48,3.26,3.4
ABUS,2020-02-19,3.41,3.48,3.2,3.27
ABUS,2020-02-20,3.47,3.56,3.2506,3.415
ABUS,2020-02-21,3.4,3.49,3.19,3.25
ABUS,2020-02-24,3.02,3.1,2.64,3.03
ABUS,2020-02-25,3.02,3.08,2.9139,3.0
ABUS,2020-02-26,3.01,3.01,2.66,2.8
ABUS,2020-02-27,2.69,3.43,2.69,3.1
ABUS,2020-02-28,3.09,3.1,2.6,2.92
ABUS,2020-03-02,2.88,2.9599,2.765,2.85
ABUS,2020-03-03,2.85,2.86,2.72,2.79
ABUS,2020-03-04,2.85,3.1,2.76,3.03
ABUS,2020-03-05,3.01,3.09,2.91,3.0
ABUS,2020-03-06,3.25,3.25,2.9,2.97
ABUS,2020-03-09,2.84,2.9,2.66,2.76
ABUS,2020-03-10,2.84,2.97,2.76,2.78
ABUS,2020-03-11,2.75,2.75,2.56,2.58
ABUS,2020-03-12,2.41,2.4615,2.17,2.31
ABUS,2020-03-13,2.29,2.58,2.1,2.12
ABUS,2020-03-16,1.94,1.94,1.42,1.42
ABUS,2020-03-17,1.52,1.59,1.2,1.27
ABUS,2020-03-18,1.26,1.44,1.18,1.2
ABUS,2020-03-19,1.21,1.8599,1.2,1.75
ABUS,2020-03-20,1.81,1.96,1.43,1.44
ABUS,2020-03-23,1.46,1.67,1.4,1.65
ABUS,2020-03-24,1.67,1.98,1.65,1.95
ABUS,2020-03-25,1.95,2.24,1.91,2.15
ABUS,2020-03-26,2.22,2.3,2.15,2.26
ABUS,2020-03-27,2.0,2.0,1.12,1.21
ABUS,2020-03-30,1.29,1.29,1.1,1.12
ABUS,2020-03-31,1.13,1.13,1.01,1.01
ABUS,2020-04-01,1.01,1.08,0.96,1.06
ABUS,2020-04-02,1.09,1.0984,0.99,1.0
ABUS,2020-04-03,1.01,1.04,0.88,0.9101
ABUS,2020-04-06,0.98,1.05,0.89,1.04
ABUS,2020-04-07,1.09,1.14,1.03,1.04
ABUS,2020-04-08,1.05,1.0926,0.9901,1.02
ABUS,2020-04-09,1.03,1.0888,1.0,1.03
ABUS,2020-04-13,1.09,1.1,1.02,1.05
ABUS,2020-04-14,1.08,1.15,1.03,1.07
ABUS,2020-04-15,1.06,1.25,1.01,1.19
ABUS,2020-04-16,1.17,1.22,1.11,1.2
ABUS,2020-04-17,1.21,1.25,1.16,1.19
ABUS,2020-04-20,1.19,1.25,1.16,1.24
ABUS,2020-04-21,1.23,1.24,1.13,1.195
ABUS,2020-04-22,1.21,1.22,1.16,1.17
ABUS,2020-04-23,1.19,1.23,1.17,1.23
ABUS,2020-04-24,1.22,1.24,1.17,1.21
ABUS,2020-04-27,1.22,1.22,1.17,1.19
ABUS,2020-04-28,1.17,1.26,1.17,1.2
ABUS,2020-04-29,1.21,1.24,1.0902,1.16
ABUS,2020-04-30,1.18,1.2,1.12,1.16
ABUS,2020-05-01,1.03,1.11,1.02,1.07
ABUS,2020-05-04,1.09,1.25,1.07,1.21
ABUS,2020-05-05,1.23,1.38,1.1773,1.27
ABUS,2020-05-06,1.3,1.4786,1.25,1.42
ABUS,2020-05-07,1.49,1.5,1.375,1.44
ABUS,2020-05-08,1.44,1.45,1.31,1.35
ABUS,2020-05-11,1.48,1.5,1.24,1.44
ABUS,2020-05-12,1.48,1.87,1.45,1.65
ABUS,2020-05-13,1.79,1.89,1.57,1.7
ABUS,2020-05-14,1.8,1.84,1.56,1.84
ABUS,2020-05-15,1.86,2.19,1.86,2.1
ABUS,2020-05-18,2.25,2.32,1.7601,1.87
ABUS,2020-05-19,2.69,2.69,2.28,2.31
ABUS,2020-05-20,2.34,2.36,2.19,2.36
ABUS,2020-05-21,2.35,2.42,2.3,2.34
ABUS,2020-05-22,2.31,2.36,2.24,2.29
ABUS,2020-05-26,2.28,2.293,2.16,2.21
ABUS,2020-05-27,2.18,2.29,2.01,2.22
ABUS,2020-05-28,2.22,2.25,2.1,2.16
ABUS,2020-05-29,2.12,2.21,2.08,2.17
ABUS,2020-06-01,2.12,2.23,2.03,2.16
ABUS,2020-06-02,2.13,2.25,2.0,2.09
ABUS,2020-06-03,2.09,2.19,2.02,2.06
ABUS,2020-06-04,2.04,2.18,2.01,2.04
ABUS,2020-06-05,2.03,2.15,2.02,2.05
ABUS,2020-06-08,2.09,2.09,2.0,2.045
ABUS,2020-06-09,2.05,2.095,1.9,1.91
ABUS,2020-06-10,1.96,1.9681,1.75,1.85
ABUS,2020-06-11,1.8,1.8,1.6,1.64
ABUS,2020-06-12,1.67,1.76,1.66,1.73
ABUS,2020-06-15,1.69,1.95,1.67,1.84
ABUS,2020-06-16,1.94,2.0,1.87,1.98
ABUS,2020-06-17,1.97,2.08,1.905,1.91
ABUS,2020-06-18,1.9,2.08,1.88,1.96
ABUS,2020-06-19,2.01,2.07,1.9,1.91
ABUS,2020-06-22,2.0,2.1,1.86,2.04
ABUS,2020-06-23,2.11,2.2,2.045,2.05
ABUS,2020-06-24,2.06,2.14,1.965,2.07
ABUS,2020-06-25,2.14,2.1795,2.07,2.1
ABUS,2020-06-26,2.1,2.145,1.91,1.93
ABUS,2020-06-29,1.97,2.0,1.88,1.92
ABUS,2020-06-30,1.91,1.92,1.8,1.82
ABUS,2020-07-01,1.82,1.905,1.78,1.83
ABUS,2020-07-02,1.83,1.94,1.81,1.88
ABUS,2020-07-06,1.94,1.94,1.85,1.87
ABUS,2020-07-07,1.85,1.96,1.84,1.86
ABUS,2020-07-08,1.88,1.91,1.8109,1.88
ABUS,2020-07-09,1.88,1.91,1.81,1.86
ABUS,2020-07-10,1.85,1.91,1.83,1.86
ABUS,2020-07-13,1.85,1.88,1.75,1.75
ABUS,2020-07-14,1.76,1.81,1.71,1.8
ABUS,2020-07-15,1.81,1.94,1.8,1.89
ABUS,2020-07-16,1.9,2.0797,1.89,2.01
ABUS,2020-07-17,2.09,2.58,2.04,2.4
ABUS,2020-07-20,2.33,3.22,2.21,2.97
ABUS,2020-07-21,2.8935,3.47,2.36,2.87
ABUS,2020-07-22,3.02,3.06,2.75,2.82
ABUS,2020-07-23,2.9135,6.48,2.655,6.2
ABUS,2020-07-24,7.98,9.02,4.77,4.96
ABUS,2020-07-27,5.44,5.72,4.35,4.465
ABUS,2020-07-28,4.04,4.3,3.92,4.02
ABUS,2020-07-29,3.88,4.23,3.71,4.04
ABUS,2020-07-30,3.93,4.495,3.81,4.3
ABUS,2020-07-31,4.31,4.3701,3.8,3.81
ABUS,2020-08-03,3.86,4.01,3.79,3.83
ABUS,2020-08-04,3.82,3.86,3.66,3.75
ABUS,2020-08-05,3.76,4.42,3.76,4.18
ABUS,2020-08-06,4.44,4.8853,4.25,4.37
ABUS,2020-08-07,3.91,4.04,3.43,3.8
ABUS,2020-08-10,3.72,3.76,3.61,3.66
ABUS,2020-08-11,3.66,3.97,3.34,3.44
ABUS,2020-08-12,3.93,3.96,3.5,3.56
ABUS,2020-08-13,3.45,3.47,3.26,3.43
ABUS,2020-08-14,3.35,3.505,3.31,3.47
ABUS,2020-08-17,3.47,3.58,3.39,3.48
ABUS,2020-08-18,3.47,3.5,3.37,3.45
ABUS,2020-08-19,3.4,3.57,3.37,3.45
ABUS,2020-08-20,3.45,3.46,3.31,3.34
ABUS,2020-08-21,3.33,3.44,3.16,3.18
ABUS,2020-08-24,3.1782,3.24,3.01,3.01
ABUS,2020-08-25,3.01,3.14,2.92,3.0
ABUS,2020-08-26,3.03,3.11,2.92,2.93
ABUS,2020-08-27,2.9,2.9467,2.83,2.92
ABUS,2020-08-28,2.93,3.05,2.88,3.03
ABUS,2020-08-31,2.94,2.95,2.85,2.91
ABUS,2020-09-01,2.9,2.9,2.68,2.76
ABUS,2020-09-02,2.71,2.74,2.57,2.65
ABUS,2020-09-03,2.65,2.7399,2.53,2.54
ABUS,2020-09-04,2.49,2.54,2.33,2.44
ABUS,2020-09-08,2.38,2.5427,2.31,2.47
ABUS,2020-09-09,2.53,2.68,2.47,2.54
ABUS,2020-09-10,2.6,2.6101,2.39,2.41
ABUS,2020-09-11,2.42,2.49,2.36,2.37
ABUS,2020-09-14,2.35,2.67,2.35,2.62
ABUS,2020-09-15,2.98,3.3899,2.81,2.94
ABUS,2020-09-16,2.9,2.99,2.78,2.9
ABUS,2020-09-17,2.95,3.07,2.9,2.98
ABUS,2020-09-18,2.99,3.19,2.97,3.14
ABUS,2020-09-21,3.09,3.1,2.91,3.03
ABUS,2020-09-22,3.03,3.07,2.9,3.03
ABUS,2020-09-23,3.01,3.0543,2.87,2.94
ABUS,2020-09-24,2.89,2.9807,2.85,2.92
ABUS,2020-09-25,2.93,3.14,2.93,3.08
ABUS,2020-09-28,3.12,3.13,2.95,3.03
ABUS,2020-09-29,3.01,3.24,2.95,3.18
ABUS,2020-09-30,3.17,3.2,3.06,3.13
ABUS,2020-10-01,3.17,3.17,3.055,3.09
ABUS,2020-10-02,3.0,3.13,2.97,3.02
ABUS,2020-10-05,3.04,3.26,3.0,3.26
ABUS,2020-10-06,3.26,3.3,3.03,3.07
ABUS,2020-10-07,3.1,3.38,3.09,3.32
ABUS,2020-10-08,3.39,3.44,3.13,3.14
ABUS,2020-10-09,3.16,3.23,3.12,3.2
ABUS,2020-10-12,3.17,3.2209,3.075,3.19
ABUS,2020-10-13,3.16,3.33,3.16,3.27
ABUS,2020-10-14,3.22,3.32,3.12,3.16
ABUS,2020-10-15,3.1,3.14,3.04,3.09
ABUS,2020-10-16,3.08,3.1354,3.04,3.07
ABUS,2020-10-19,3.08,3.1,2.95,3.0
ABUS,2020-10-20,3.02,3.05,2.875,2.88
ABUS,2020-10-21,2.89,2.925,2.79,2.79
ABUS,2020-10-22,2.79,2.93,2.7899,2.91
ABUS,2020-10-23,2.88,2.91,2.7701,2.89
ABUS,2020-10-26,2.85,2.921,2.8,2.83
ABUS,2020-10-27,2.82,2.94,2.78,2.89
ABUS,2020-10-28,2.85,2.97,2.78,2.91
ABUS,2020-10-29,2.92,2.95,2.8,2.94
ABUS,2020-10-30,2.92,2.94,2.77,2.82
ABUS,2020-11-02,2.84,2.85,2.72,2.76
ABUS,2020-11-03,2.76,2.91,2.76,2.89
ABUS,2020-11-04,2.9,3.09,2.87,3.06
ABUS,2020-11-05,2.87,3.05,2.8,2.87
ABUS,2020-11-06,2.84,2.87,2.76,2.79
ABUS,2020-11-09,2.98,3.38,2.9,3.18
ABUS,2020-11-10,3.3,3.3099,3.08,3.24
ABUS,2020-11-11,3.27,3.59,3.21,3.57
ABUS,2020-11-12,3.62,3.75,3.43,3.55
ABUS,2020-11-13,3.56,3.69,3.42,3.63
ABUS,2020-11-16,3.98,4.14,3.57,3.63
ABUS,2020-11-17,3.63,3.7,3.41,3.61
ABUS,2020-11-18,3.6,3.675,3.36,3.39
ABUS,2020-11-19,3.425,3.46,3.23,3.34
ABUS,2020-11-20,3.36,3.41,3.32,3.36
ABUS,2020-11-23,3.44,3.74,3.405,3.67
ABUS,2020-11-24,3.6981,3.8664,3.5,3.59
ABUS,2020-11-25,3.61,3.87,3.61,3.77
ABUS,2020-11-27,4.0,4.56,3.95,4.34
ABUS,2020-11-30,4.89,4.9,4.32,4.53
ABUS,2020-12-01,4.841,4.9,3.99,3.99
ABUS,2020-12-02,4.08,4.1,3.88,3.95
ABUS,2020-12-03,4.03,4.09,3.91,3.94
ABUS,2020-12-04,3.98,4.06,3.7761,4.01
ABUS,2020-12-07,4.03,4.03,3.84,3.95
ABUS,2020-12-08,3.95,3.9524,3.7682,3.79
ABUS,2020-12-09,3.77,3.79,3.4,3.41
ABUS,2020-12-10,3.59,3.72,3.51,3.67
ABUS,2020-12-11,3.8,3.99,3.615,3.91
ABUS,2020-12-14,4.08,5.23,3.91,4.88
ABUS,2020-12-15,5.08,5.87,4.66,4.97
ABUS,2020-12-16,4.9432,4.95,4.3,4.41
ABUS,2020-12-17,5.08,5.08,4.47,4.73
ABUS,2020-12-18,4.83,4.85,4.35,4.35
ABUS,2020-12-21,4.25,4.365,4.02,4.25
ABUS,2020-12-22,4.106,4.22,3.83,4.04
ABUS,2020-12-23,3.97,4.18,3.86,4.05
ABUS,2020-12-24,4.04,4.05,3.75,3.87
ABUS,2020-12-28,3.86,3.87,3.61,3.63
ABUS,2020-12-29,3.68,3.6889,3.47,3.5
ABUS,2020-12-30,3.56,3.72,3.5,3.72
ABUS,2020-12-31,3.72,3.73,3.49,3.55
ABUS,2021-01-04,3.52,3.66,3.43,3.64
ABUS,2021-01-05,3.57,3.67,3.54,3.55
ABUS,2021-01-06,3.56,3.775,3.51,3.57
ABUS,2021-01-07,3.6366,4.06,3.595,3.9
ABUS,2021-01-08,4.04,4.16,3.8131,3.87
ABUS,2021-01-11,3.91,4.49,3.9,4.32
ABUS,2021-01-12,4.21,4.23,3.97,4.1
ABUS,2021-01-13,4.12,4.13,3.93,4.04
ABUS,2021-01-14,4.1,4.1295,3.96,4.03
ABUS,2021-01-15,4.04,4.11,3.9,3.91
ABUS,2021-01-19,3.95,4.19,3.7838,4.07
ABUS,2021-01-20,4.195,4.28,3.99,4.11
ABUS,2021-01-21,4.11,4.1446,3.91,3.96
ABUS,2021-01-22,3.97,4.115,3.91,4.05
ABUS,2021-01-25,4.0315,4.08,3.84,4.01
ABUS,2021-01-26,3.99,4.02,3.77,3.82
ABUS,2021-01-27,3.74,4.08,3.5789,3.74
ABUS,2021-01-28,3.75,3.78,3.61,3.67
ABUS,2021-01-29,3.86,3.93,3.63,3.78
ABUS,2021-02-01,3.91,4.03,3.8411,3.88
ABUS,2021-02-02,3.97,4.0,3.8687,3.92
ABUS,2021-02-03,3.96,4.02,3.86,3.9
ABUS,2021-02-04,3.91,4.26,3.86,4.16
ABUS,2021-02-05,4.24,4.24,3.99,4.15
ABUS,2021-02-08,4.29,4.89,4.23,4.84
ABUS,2021-02-09,5.0,5.14,4.45,4.47
ABUS,2021-02-10,4.55,4.73,4.27,4.43
ABUS,2021-02-11,4.41,4.61,4.15,4.38
ABUS,2021-02-12,4.38,4.4148,4.235,4.33
ABUS,2021-02-16,4.47,4.6401,4.36,4.49
ABUS,2021-02-17,4.5,4.5811,4.28,4.41
ABUS,2021-02-18,4.37,4.43,4.22,4.28
ABUS,2021-02-19,4.34,4.65,4.3,4.39
ABUS,2021-02-22,4.4,4.555,4.25,4.29
ABUS,2021-02-23,4.16,4.18,3.64,3.83
ABUS,2021-02-24,3.93,4.49,3.9,4.42
ABUS,2021-02-25,4.31,4.37,3.775,3.81
ABUS,2021-02-26,3.94,3.945,3.66,3.75
ABUS,2021-03-01,3.9,3.98,3.74,3.84
ABUS,2021-03-02,3.88,3.91,3.7901,3.83
ABUS,2021-03-03,3.8452,3.88,3.6201,3.64
ABUS,2021-03-04,3.57,3.6,3.01,3.14
ABUS,2021-03-05,3.2,3.3,2.91,3.3
ABUS,2021-03-08,3.28,3.485,3.2,3.24
ABUS,2021-03-09,3.38,3.65,3.3501,3.6
ABUS,2021-03-10,3.68,3.75,3.56,3.64
ABUS,2021-03-11,3.74,3.88,3.705,3.8
ABUS,2021-03-12,3.71,3.83,3.62,3.79
ABUS,2021-03-15,3.76,3.875,3.72,3.78
ABUS,2021-03-16,3.91,4.07,3.68,3.81
ABUS,2021-03-17,3.6774,3.78,3.555,3.71
ABUS,2021-03-18,3.69,3.845,3.59,3.61
ABUS,2021-03-19,3.62,3.71,3.56,3.65
ABUS,2021-03-22,3.665,3.7,3.52,3.56
ABUS,2021-03-23,3.52,3.535,3.345,3.39
ABUS,2021-03-24,3.4,3.56,3.3218,3.33
ABUS,2021-03-25,3.3,3.38,3.21,3.35
ABUS,2021-03-26,3.36,3.44,3.27,3.36
ABUS,2021-03-29,3.331,3.35,3.21,3.26
ABUS,2021-03-30,3.24,3.31,3.12,3.15
ABUS,2021-03-31,3.21,3.4,3.186,3.33
ABUS,2021-04-01,3.5,3.55,3.4,3.43
ABUS,2021-04-05,3.46,3.509,3.33,3.39
ABUS,2021-04-06,3.4,3.4701,3.31,3.36
ABUS,2021-04-07,3.3765,3.38,3.2,3.24
ABUS,2021-04-08,3.3,3.36,3.2035,3.29
ABUS,2021-04-09,3.25,3.3789,3.19,3.3
ABUS,2021-04-12,3.3,3.34,3.02,3.11
ABUS,2021-04-13,3.15,3.19,3.06,3.17
ABUS,2021-04-14,3.17,3.39,3.15,3.32
ABUS,2021-04-15,3.37,3.38,3.17,3.2
ABUS,2021-04-16,3.2,3.2,3.02,3.07
ABUS,2021-04-19,3.04,3.1799,3.02,3.03
ABUS,2021-04-20,3.05,3.07,2.95,2.99
ABUS,2021-04-21,3.0,3.155,2.93,3.135
ABUS,2021-04-22,3.15,3.28,3.09,3.19
ABUS,2021-04-23,3.18,3.2894,3.14,3.25
ABUS,2021-04-26,3.23,3.37,3.2,3.28
ABUS,2021-04-27,3.36,3.52,3.33,3.46
ABUS,2021-04-28,3.58,3.58,3.34,3.42
ABUS,2021-04-29,3.43,3.57,3.37,3.51
ABUS,2021-04-30,3.45,3.57,3.44,3.47
ABUS,2021-05-03,3.55,3.56,3.38,3.44
ABUS,2021-05-04,3.36,3.415,3.24,3.33
ABUS,2021-05-05,3.22,3.22,2.94,2.96
ABUS,2021-05-06,2.76,2.86,2.66,2.8
ABUS,2021-05-07,2.8259,2.97,2.8,2.81
ABUS,2021-05-10,2.84,2.85,2.65,2.65
ABUS,2021-05-11,2.53,2.81,2.4501,2.75
ABUS,2021-05-12,2.74,2.87,2.69,2.72
ABUS,2021-05-13,2.75,2.75,2.43,2.5
ABUS,2021-05-14,2.5701,2.665,2.54,2.62
ABUS,2021-05-17,2.66,2.73,2.57,2.72
ABUS,2021-05-18,2.74,2.88,2.715,2.81
ABUS,2021-05-19,2.74,2.82,2.67,2.67
ABUS,2021-05-20,2.72,2.83,2.66,2.78
ABUS,2021-05-21,2.8,2.83,2.72,2.74
ABUS,2021-05-24,2.75,2.77,2.68,2.7
ABUS,2021-05-25,2.7,2.77,2.67,2.67
ABUS,2021-05-26,2.68,2.865,2.66,2.78
ABUS,2021-05-27,2.81,2.91,2.785,2.85
ABUS,2021-05-28,2.91,2.96,2.79,2.83
ABUS,2021-06-01,2.86,2.92,2.81,2.86
ABUS,2021-06-02,2.9,3.04,2.895,3.0
ABUS,2021-06-03,2.97,2.97,2.8301,2.95
ABUS,2021-06-04,2.95,3.03,2.9,2.94
ABUS,2021-06-07,2.9787,3.44,2.975,3.27
ABUS,2021-06-08,3.37,3.47,3.2,3.44
ABUS,2021-06-09,3.44,3.49,3.36,3.38
ABUS,2021-06-10,3.39,3.42,3.22,3.32
ABUS,2021-06-11,3.31,3.33,3.21,3.28
ABUS,2021-06-14,3.3,3.4317,3.3,3.4
ABUS,2021-06-15,3.38,3.4,3.165,3.18
ABUS,2021-06-16,3.16,3.22,3.08,3.22
ABUS,2021-06-17,3.18,3.345,3.18,3.26
ABUS,2021-06-18,3.23,3.29,3.155,3.25
ABUS,2021-06-21,3.26,3.28,3.13,3.15
ABUS,2021-06-22,3.17,3.175,3.04,3.1
ABUS,2021-06-23,3.12,3.24,3.095,3.19
ABUS,2021-06-24,3.24,3.56,3.24,3.29
ABUS,2021-06-25,3.37,3.45,3.31,3.37
ABUS,2021-06-28,3.81,3.82,3.33,3.37
ABUS,2021-06-29,3.34,3.36,3.1,3.15
ABUS,2021-06-30,3.14,3.16,3.0,3.03
ABUS,2021-07-01,3.08,3.16,2.9923,3.13
ABUS,2021-07-02,3.1111,3.1111,2.92,2.95
ABUS,2021-07-06,2.98,2.98,2.83,2.93
ABUS,2021-07-07,2.94,2.97,2.815,2.92
ABUS,2021-07-08,2.81,2.93,2.79,2.91
ABUS,2021-07-09,2.94,2.94,2.87,2.92
ABUS,2021-07-12,2.92,2.94,2.82,2.88
ABUS,2021-07-13,2.8,2.85,2.76,2.84
ABUS,2021-07-14,2.81,2.81,2.64,2.65
ABUS,2021-07-15,2.69,2.72,2.535,2.65
ABUS,2021-07-16,2.66,2.68,2.585,2.66
ABUS,2021-07-19,2.59,2.71,2.57,2.71
ABUS,2021-07-20,2.74,2.745,2.61,2.72
ABUS,2021-07-21,2.76,2.995,2.7439,2.94
ABUS,2021-07-22,2.99,2.99,2.78,2.81
ABUS,2021-07-23,2.83,2.83,2.72,2.76
ABUS,2021-07-26,2.79,2.8,2.69,2.71
ABUS,2021-07-27,2.72,2.73,2.62,2.7
ABUS,2021-07-28,2.72,2.8,2.69,2.8
ABUS,2021-07-29,2.82,2.89,2.72,2.76
ABUS,2021-07-30,2.74,2.86,2.68,2.69
ABUS,2021-08-02,2.68,2.7399,2.67,2.71
ABUS,2021-08-03,2.75,2.76,2.67,2.75
ABUS,2021-08-04,2.76,2.85,2.73,2.76
ABUS,2021-08-05,2.79,3.12,2.77,3.04
ABUS,2021-08-06,2.93,3.06,2.8482,3.01
ABUS,2021-08-09,3.07,3.23,3.04,3.09
ABUS,2021-08-10,3.15,3.26,3.115,3.14
ABUS,2021-08-11,3.22,3.27,3.1,3.19
ABUS,2021-08-12,3.2,3.29,3.03,3.04
ABUS,2021-08-13,3.095,3.13,3.03,3.07
ABUS,2021-08-16,3.07,3.08,2.84,2.86
ABUS,2021-08-17,2.8,3.35,2.78,3.32
ABUS,2021-08-18,3.32,3.35,2.97,3.0
ABUS,2021-08-19,2.94,2.9899,2.86,2.87
ABUS,2021-08-20,2.85,2.97,2.82,2.92
ABUS,2021-08-23,3.01,3.17,2.98,3.11
ABUS,2021-08-24,3.13,3.28,3.08,3.25
ABUS,2021-08-25,3.22,3.35,3.18,3.26
ABUS,2021-08-26,3.28,3.355,3.25,3.25
ABUS,2021-08-27,3.28,3.38,3.23,3.33
ABUS,2021-08-30,3.38,3.53,3.3,3.38
ABUS,2021-08-31,3.4,3.48,3.36,3.43
ABUS,2021-09-01,3.48,3.54,3.4,3.44
ABUS,2021-09-02,3.45,3.52,3.41,3.44
ABUS,2021-09-03,3.43,3.445,3.33,3.41
ABUS,2021-09-07,3.43,3.48,3.37,3.43
ABUS,2021-09-08,3.45,3.49,3.32,3.36
ABUS,2021-09-09,3.34,3.9,3.34,3.87
ABUS,2021-09-10,4.5,4.67,4.17,4.38
ABUS,2021-09-13,4.3517,4.39,4.06,4.25
ABUS,2021-09-14,4.13,4.31,4.11,4.25
ABUS,2021-09-15,4.1434,4.26,4.14,4.22
ABUS,2021-09-16,4.25,4.355,4.15,4.31
ABUS,2021-09-17,4.3649,4.37,4.15,4.35
ABUS,2021-09-20,4.2,4.45,4.11,4.29
ABUS,2021-09-21,4.31,4.45,4.26,4.37
ABUS,2021-09-22,4.37,4.505,4.33,4.44
ABUS,2021-09-23,4.59,4.64,4.42,4.53
ABUS,2021-09-24,4.5,4.7,4.449,4.62
ABUS,2021-09-27,4.73,4.74,4.525,4.62
ABUS,2021-09-28,4.58,4.58,4.22,4.32
ABUS,2021-09-29,4.35,4.39,4.16,4.27
ABUS,2021-09-30,4.35,4.37,4.255,4.29
ABUS,2021-10-01,4.27,4.29,4.06,4.28
ABUS,2021-10-04,4.25,4.27,4.08,4.13
ABUS,2021-10-05,4.17,4.26,4.12,4.19
ABUS,2021-10-06,4.15,4.24,3.91,4.0
ABUS,2021-10-07,4.29,4.415,3.73,4.1
ABUS,2021-10-08,4.13,4.14,3.935,3.94
ABUS,2021-10-11,3.9,4.21,3.84,4.2
ABUS,2021-10-12,4.24,4.3,4.155,4.23
ABUS,2021-10-13,4.25,4.33,4.06,4.16
ABUS,2021-10-14,4.16,4.18,3.995,4.15
ABUS,2021-10-15,4.18,4.18,4.02,4.08
ABUS,2021-10-18,4.08,4.255,4.06,4.14
ABUS,2021-10-19,4.13,4.175,4.08,4.15
ABUS,2021-10-20,4.12,4.2167,4.05,4.09
ABUS,2021-10-21,4.06,4.13,4.01,4.11
ABUS,2021-10-22,4.05,4.09,3.87,4.03
ABUS,2021-10-25,4.05,4.1,3.98,4.03
ABUS,2021-10-26,4.04,4.1,3.991,4.07
ABUS,2021-10-27,4.06,4.1,3.975,4.07
ABUS,2021-10-28,4.05,4.115,3.9924,4.07
ABUS,2021-10-29,4.06,4.07,3.96,4.03
ABUS,2021-11-01,4.0,4.04,3.91,3.92
ABUS,2021-11-02,3.92,3.95,3.825,3.93
ABUS,2021-11-03,3.88,3.965,3.78,3.85
ABUS,2021-11-04,3.9,4.16,3.835,3.88
ABUS,2021-11-05,3.59,3.7,3.4,3.48
ABUS,2021-11-08,3.5,3.65,3.4601,3.6
ABUS,2021-11-09,3.575,3.65,3.45,3.5
ABUS,2021-11-10,3.47,3.67,3.46,3.48
ABUS,2021-11-11,3.5,3.55,3.45,3.47
ABUS,2021-11-12,3.5,3.5,3.335,3.47
ABUS,2021-11-15,3.47,3.47,3.325,3.36
ABUS,2021-11-16,3.32,3.395,3.2501,3.34
ABUS,2021-11-17,3.3,3.365,3.24,3.29
ABUS,2021-11-18,3.4,3.51,3.27,3.3
ABUS,2021-11-19,3.28,3.368,3.27,3.3
ABUS,2021-11-22,3.27,3.31,3.09,3.11
ABUS,2021-11-23,3.1,3.14,3.02,3.12
ABUS,2021-11-24,3.105,3.21,3.05,3.19
ABUS,2021-11-26,3.18,3.21,3.07,3.13
ABUS,2021-11-29,3.2,3.2,3.075,3.14
ABUS,2021-11-30,3.1,3.225,3.01,3.2
ABUS,2021-12-01,5.15,6.5,4.13,4.61
ABUS,2021-12-02,4.97,5.23,4.11,4.31
ABUS,2021-12-03,4.05,4.45,3.92,4.15
ABUS,2021-12-06,3.99,4.01,3.54,3.71
ABUS,2021-12-07,3.98,4.1,3.79,3.96
ABUS,2021-12-08,3.9,4.26,3.83,4.14
ABUS,2021-12-09,4.11,4.595,4.08,4.31
ABUS,2021-12-10,4.5,4.67,4.11,4.14
ABUS,2021-12-13,4.38,4.5,4.143,4.36
ABUS,2021-12-14,4.25,4.58,4.02,4.14
ABUS,2021-12-15,4.12,4.12,3.8,4.09
ABUS,2021-12-16,4.07,4.15,3.875,3.89
ABUS,2021-12-17,3.85,4.34,3.78,4.28
ABUS,2021-12-20,4.17,4.5,4.14,4.38
ABUS,2021-12-21,4.38,4.46,4.268,4.29
ABUS,2021-12-22,4.33,4.33,4.13,4.16
ABUS,2021-12-23,4.13,4.235,4.0,4.16
ABUS,2021-12-27,4.16,4.16,3.85,3.86
ABUS,2021-12-28,3.85,4.01,3.78,3.82
ABUS,2021-12-29,3.785,3.855,3.7,3.76
ABUS,2021-12-30,3.77,3.91,3.74,3.88
ABUS,2021-12-31,3.86,4.03,3.84,3.89
ABUS,2022-01-03,3.89,4.005,3.78,3.98
ABUS,2022-01-04,3.94,3.95,3.6524,3.73
ABUS,2022-01-05,3.76,3.77,3.52,3.53
ABUS,2022-01-06,3.491,3.61,3.395,3.56
ABUS,2022-01-07,3.56,3.62,3.46,3.5
ABUS,2022-01-10,3.53,3.5899,3.38,3.52
ABUS,2022-01-11,3.5,3.52,3.35,3.36
ABUS,2022-01-12,3.36,3.39,3.265,3.3
ABUS,2022-01-13,3.33,3.34,3.22,3.22
ABUS,2022-01-14,3.16,3.315,3.125,3.31
ABUS,2022-01-18,3.26,3.31,3.06,3.07
ABUS,2022-01-19,3.08,3.135,2.98,3.01
ABUS,2022-01-20,3.0,3.07,2.8,2.81
ABUS,2022-01-21,2.81,2.86,2.63,2.68
ABUS,2022-01-24,2.56,2.72,2.41,2.69
ABUS,2022-01-25,2.62,2.79,2.61,2.71
ABUS,2022-01-26,2.71,2.87,2.665,2.68
ABUS,2022-01-27,2.725,2.725,2.41,2.42
ABUS,2022-01-28,2.42,2.53,2.38,2.53
ABUS,2022-01-31,2.52,2.81,2.51,2.81
ABUS,2022-02-01,2.81,2.93,2.7575,2.92
ABUS,2022-02-02,3.13,3.155,2.88,2.89
ABUS,2022-02-03,2.81,2.935,2.76,2.76
ABUS,2022-02-04,2.79,3.07,2.77,3.02
ABUS,2022-02-07,3.02,3.23,3.01,3.12
ABUS,2022-02-08,3.14,3.18,3.01,3.17
ABUS,2022-02-09,3.152,3.44,3.152,3.41
ABUS,2022-02-10,3.26,3.47,3.18,3.24
ABUS,2022-02-11,3.23,3.285,3.11,3.16
ABUS,2022-02-14,3.16,3.1968,2.98,2.99
ABUS,2022-02-15,3.08,3.292,3.07,3.25
ABUS,2022-02-16,3.2,3.25,3.13,3.18
ABUS,2022-02-17,3.11,3.25,3.01,3.02
ABUS,2022-02-18,3.03,3.07,2.9801,3.03
ABUS,2022-02-22,3.01,3.29,3.01,3.22
ABUS,2022-02-23,3.25,3.25,3.025,3.05
ABUS,2022-02-24,2.865,3.29,2.787,3.29
ABUS,2022-02-25,3.25,3.28,3.115,3.26
ABUS,2022-02-28,3.5,3.64,3.12,3.2
ABUS,2022-03-01,3.218,3.218,3.03,3.1
ABUS,2022-03-02,3.1,3.16,2.99,3.09
ABUS,2022-03-03,3.09,3.22,2.86,2.95
ABUS,2022-03-04,2.93,3.035,2.77,2.81
ABUS,2022-03-07,2.84,2.955,2.815,2.83
ABUS,2022-03-08,2.83,2.945,2.69,2.88
ABUS,2022-03-09,2.93,3.19,2.9,3.19
ABUS,2022-03-10,3.1,3.14,3.03,3.09
ABUS,2022-03-11,3.12,3.18,2.91,2.91
ABUS,2022-03-14,2.94,3.1,2.8,2.81
ABUS,2022-03-15,2.84,2.895,2.775,2.86
ABUS,2022-03-16,2.85,2.98,2.83,2.98
ABUS,2022-03-17,2.93,3.075,2.91,3.02
ABUS,2022-03-18,3.02,3.13,2.99,3.06
ABUS,2022-03-21,3.0,3.01,2.8645,2.88
ABUS,2022-03-22,2.9,3.065,2.875,3.05
ABUS,2022-03-23,3.0,3.1,2.925,2.93
ABUS,2022-03-24,2.96,3.04,2.925,3.02
ABUS,2022-03-25,3.0,3.01,2.86,2.89
ABUS,2022-03-28,2.9,2.98,2.8,2.87
ABUS,2022-03-29,2.92,3.07,2.89,3.01
ABUS,2022-03-30,2.98,3.135,2.965,2.98
ABUS,2022-03-31,3.02,3.05,2.93,2.98
ABUS,2022-04-01,2.97,3.16,2.97,3.08
ABUS,2022-04-04,3.07,3.22,3.06,3.17
ABUS,2022-04-05,3.15,3.17,3.0301,3.07
ABUS,2022-04-06,3.01,3.04,2.93,2.99
ABUS,2022-04-07,2.97,3.07,2.905,2.96
ABUS,2022-04-08,2.95,2.97,2.83,2.84
ABUS,2022-04-11,2.81,2.845,2.72,2.77
ABUS,2022-04-12,2.81,2.88,2.67,2.71
ABUS,2022-04-13,2.7,2.84,2.7,2.82
ABUS,2022-04-14,2.81,2.82,2.68,2.75
ABUS,2022-04-18,2.76,2.77,2.585,2.6
ABUS,2022-04-19,2.58,2.69,2.56,2.61
ABUS,2022-04-20,2.62,2.63,2.52,2.59
ABUS,2022-04-21,2.59,2.64,2.47,2.52
ABUS,2022-04-22,2.48,2.585,2.45,2.56
ABUS,2022-04-25,2.53,2.68,2.53,2.63
ABUS,2022-04-26,2.57,2.615,2.48,2.48
ABUS,2022-04-27,2.49,2.53,2.42,2.43
ABUS,2022-04-28,2.46,2.49,2.26,2.43
ABUS,2022-04-29,2.4,2.51,2.33,2.33
ABUS,2022-05-02,2.37,2.49,2.33,2.44
ABUS,2022-05-03,2.42,2.51,2.385,2.42
ABUS,2022-05-04,2.42,2.5,2.28,2.49
ABUS,2022-05-05,2.59,2.59,2.42,2.55
ABUS,2022-05-06,2.55,2.5956,2.45,2.53
ABUS,2022-05-09,2.46,2.47,2.22,2.23
ABUS,2022-05-10,2.34,2.36,1.93,1.98
ABUS,2022-05-11,1.95,2.22,1.94,2.06
ABUS,2022-05-12,2.02,2.17,1.965,2.06
ABUS,2022-05-13,2.09,2.35,2.08,2.31
ABUS,2022-05-16,2.27,2.375,2.22,2.26
ABUS,2022-05-17,2.28,2.42,2.25,2.41
ABUS,2022-05-18,2.34,2.45,2.3,2.31
ABUS,2022-05-19,2.31,2.43,2.275,2.34
ABUS,2022-05-20,2.32,2.51,2.295,2.44
ABUS,2022-05-23,2.44,2.47,2.335,2.4
ABUS,2022-05-24,2.37,2.37,2.18,2.19
ABUS,2022-05-25,2.19,2.27,2.17,2.25
ABUS,2022-05-26,2.22,2.375,2.22,2.31
ABUS,2022-05-27,2.32,2.5,2.265,2.48
ABUS,2022-05-31,2.45,2.49,2.38,2.43
ABUS,2022-06-01,2.43,2.56,2.405,2.46
ABUS,2022-06-02,2.46,2.65,2.43,2.64
ABUS,2022-06-03,2.6,2.73,2.54,2.7
ABUS,2022-06-06,2.73,2.74,2.48,2.56
ABUS,2022-06-07,2.54,2.7,2.48,2.7
ABUS,2022-06-08,2.63,2.82,2.63,2.68
ABUS,2022-06-09,2.67,2.71,2.62,2.65
ABUS,2022-06-10,2.6,2.61,2.42,2.52
ABUS,2022-06-13,2.42,2.45,2.29,2.38
ABUS,2022-06-14,2.38,2.45,2.32,2.43
ABUS,2022-06-15,2.44,2.61,2.42,2.55
ABUS,2022-06-16,2.48,2.61,2.39,2.57
ABUS,2022-06-17,2.57,2.76,2.5426,2.68
ABUS,2022-06-21,2.7,2.86,2.68,2.72
ABUS,2022-06-22,2.69,2.85,2.65,2.74
ABUS,2022-06-23,2.75,2.94,2.72,2.92
ABUS,2022-06-24,2.95,2.95,2.8,2.84
ABUS,2022-06-27,2.8,2.86,2.625,2.68
ABUS,2022-06-28,2.66,2.71,2.575,2.61
ABUS,2022-06-29,2.57,2.7,2.52,2.7
ABUS,2022-06-30,2.62,2.7586,2.62,2.71
ABUS,2022-07-01,2.69,2.82,2.69,2.8
ABUS,2022-07-05,2.79,2.99,2.7719,2.88
ABUS,2022-07-06,2.85,2.895,2.7706,2.8
ABUS,2022-07-07,2.83,2.8789,2.75,2.85
ABUS,2022-07-08,2.82,2.86,2.74,2.85
ABUS,2022-07-11,2.83,2.85,2.58,2.58
ABUS,2022-07-12,2.58,2.63,2.46,2.57
ABUS,2022-07-13,2.53,2.67,2.52,2.57
ABUS,2022-07-14,2.54,2.59,2.5,2.53
ABUS,2022-07-15,2.57,2.59,2.4505,2.54
ABUS,2022-07-18,2.58,2.6201,2.43,2.45
ABUS,2022-07-19,2.45,2.55,2.45,2.51
ABUS,2022-07-20,2.52,2.66,2.52,2.57
ABUS,2022-07-21,2.55,2.6,2.51,2.58
ABUS,2022-07-22,2.56,2.56,2.39,2.39
ABUS,2022-07-25,2.46,2.46,2.37,2.41
ABUS,2022-07-26,2.38,2.47,2.3425,2.37
ABUS,2022-07-27,2.41,2.41,2.34,2.4
ABUS,2022-07-28,2.39,2.39,2.32,2.37
ABUS,2022-07-29,2.36,2.36,2.26,2.31
ABUS,2022-08-01,2.28,2.3,2.2,2.2
ABUS,2022-08-02,2.19,2.35,2.19,2.3
ABUS,2022-08-03,2.39,2.46,2.25,2.46
ABUS,2022-08-04,2.5,2.56,2.38,2.54
ABUS,2022-08-05,2.5,2.56,2.4508,2.53
ABUS,2022-08-08,2.55,2.5799,2.465,2.5
ABUS,2022-08-09,2.49,2.505,2.4,2.46
ABUS,2022-08-10,2.46,2.5,2.44,2.5
ABUS,2022-08-11,2.52,2.525,2.44,2.47
ABUS,2022-08-12,2.46,2.54,2.45,2.5
ABUS,2022-08-15,2.48,2.55,2.48,2.53
ABUS,2022-08-16,2.53,2.54,2.455,2.48
ABUS,2022-08-17,2.41,2.465,2.385,2.4
ABUS,2022-08-18,2.4,2.41,2.335,2.4
ABUS,2022-08-19,2.36,2.39,2.28,2.28
ABUS,2022-08-22,2.27,2.31,2.25,2.29
ABUS,2022-08-23,2.26,2.32,2.25,2.27
ABUS,2022-08-24,2.3,2.33,2.26,2.32
ABUS,2022-08-25,2.32,2.399,2.275,2.31
ABUS,2022-08-26,2.35,2.3991,2.26,2.28
ABUS,2022-08-29,2.32,2.33,2.27,2.28
ABUS,2022-08-30,2.33,2.33,2.2,2.26
ABUS,2022-08-31,2.26,2.28,2.19,2.22
ABUS,2022-09-01,2.22,2.305,2.15,2.29
ABUS,2022-09-02,2.34,2.34,2.2,2.21
ABUS,2022-09-06,2.22,2.225,2.11,2.11
ABUS,2022-09-07,2.13,2.22,2.115,2.22
ABUS,2022-09-08,2.17,2.26,2.16,2.26
ABUS,2022-09-09,2.28,2.29,2.23,2.24
ABUS,2022-09-12,2.27,2.27,2.2,2.26
ABUS,2022-09-13,2.22,2.29,2.18,2.27
ABUS,2022-09-14,2.3,2.44,2.2994,2.34
ABUS,2022-09-15,2.32,2.34,2.29,2.31
ABUS,2022-09-16,2.29,2.29,2.14,2.22
ABUS,2022-09-19,2.19,2.19,2.0792,2.14
ABUS,2022-09-20,2.11,2.12,2.025,2.05
ABUS,2022-09-21,2.05,2.07,2.0,2.02
ABUS,2022-09-22,2.01,2.02,1.94,1.96
ABUS,2022-09-23,1.92,1.94,1.85,1.92
ABUS,2022-09-26,1.87,1.97,1.87,1.88
ABUS,2022-09-27,1.89,1.99,1.88,1.93
ABUS,2022-09-28,1.9,2.055,1.9,2.04
ABUS,2022-09-29,2.0,2.03,1.96,1.98
ABUS,2022-09-30,1.95,2.04,1.91,1.91
ABUS,2022-10-03,1.9,1.97,1.86,1.94
ABUS,2022-10-04,1.96,1.97,1.92,1.97
ABUS,2022-10-05,1.92,2.02,1.9,2.01
ABUS,2022-10-06,2.0,2.04,1.94,1.99
ABUS,2022-10-07,1.96,1.99,1.91,1.91
ABUS,2022-10-10,1.9,1.95,1.87,1.92
ABUS,2022-10-11,1.9,1.945,1.87,1.92
ABUS,2022-10-12,1.94,2.0,1.88,1.99
ABUS,2022-10-13,1.9,2.1,1.9,2.09
ABUS,2022-10-14,2.1,2.1999,2.1,2.19
ABUS,2022-10-17,2.21,2.23,2.125,2.19
ABUS,2022-10-18,2.24,2.29,2.16,2.27
ABUS,2022-10-19,2.26,2.2794,2.09,2.11
ABUS,2022-10-20,2.11,2.19,2.07,2.07
ABUS,2022-10-21,2.11,2.13,2.04,2.11
ABUS,2022-10-24,2.13,2.13,2.05,2.1
ABUS,2022-10-25,2.1,2.19,2.1,2.17
ABUS,2022-10-26,2.16,2.29,2.13,2.25
ABUS,2022-10-27,2.26,2.35,2.24,2.35
ABUS,2022-10-28,2.34,2.43,2.3185,2.42
ABUS,2022-10-31,2.38,2.42,2.34,2.34
ABUS,2022-11-01,2.36,2.46,2.36,2.42
ABUS,2022-11-02,2.43,2.45,2.31,2.34
ABUS,2022-11-03,2.48,2.62,2.41,2.54
ABUS,2022-11-04,2.55,2.57,2.46,2.55
ABUS,2022-11-07,2.52,2.535,2.405,2.43
ABUS,2022-11-08,2.42,2.515,2.38,2.46
ABUS,2022-11-09,2.34,2.555,2.3298,2.44
ABUS,2022-11-10,2.5,2.51,2.351,2.48
ABUS,2022-11-11,2.48,2.635,2.4319,2.56
ABUS,2022-11-14,2.55,2.69,2.49,2.64
ABUS,2022-11-15,2.7,2.85,2.64,2.79
ABUS,2022-11-16,2.85,2.91,2.69,2.7
ABUS,2022-11-17,2.68,2.89,2.64,2.81
ABUS,2022-11-18,2.87,2.87,2.73,2.85
ABUS,2022-11-21,2.77,2.83,2.62,2.69
ABUS,2022-11-22,2.68,2.71,2.64,2.66
ABUS,2022-11-23,2.66,2.8,2.655,2.7
ABUS,2022-11-25,2.71,2.71,2.66,2.67
ABUS,2022-11-28,2.66,2.74,2.53,2.58
ABUS,2022-11-29,2.56,2.64,2.39,2.39
ABUS,2022-11-30,2.4,2.485,2.31,2.35
ABUS,2022-12-01,2.37,2.45,2.3,2.33
ABUS,2022-12-02,2.3,2.51,2.26,2.48
ABUS,2022-12-05,2.45,2.55,2.38,2.43
ABUS,2022-12-06,2.44,2.55,2.42,2.45
ABUS,2022-12-07,2.46,2.605,2.46,2.57
ABUS,2022-12-08,2.58,2.745,2.5566,2.72
ABUS,2022-12-09,2.72,2.73,2.605,2.61
ABUS,2022-12-12,2.61,2.77,2.59,2.71
ABUS,2022-12-13,2.71,2.807,2.6,2.67
ABUS,2022-12-14,2.67,2.79,2.618,2.72
ABUS,2022-12-15,2.66,2.76,2.65,2.71
ABUS,2022-12-16,2.7,2.8,2.61,2.71
ABUS,2022-12-19,2.71,2.71,2.41,2.42
ABUS,2022-12-20,2.44,2.44,2.32,2.42
ABUS,2022-12-21,2.4,2.43,2.35,2.4
ABUS,2022-12-22,2.42,2.42,2.32,2.41
ABUS,2022-12-23,2.39,2.4,2.325,2.39
ABUS,2022-12-27,2.39,2.39,2.26,2.33
ABUS,2022-12-28,2.31,2.35,2.2,2.22
ABUS,2022-12-29,2.22,2.3382,2.22,2.32
ABUS,2022-12-30,2.28,2.36,2.26,2.33
ABUS,2023-01-03,2.35,2.4,2.215,2.23
ABUS,2023-01-04,2.28,2.28,2.22,2.26
ABUS,2023-01-05,2.23,2.28,2.15,2.26
ABUS,2023-01-06,2.29,2.55,2.27,2.51
ABUS,2023-01-09,2.52,2.745,2.51,2.67
ABUS,2023-01-10,2.68,2.8,2.645,2.75
ABUS,2023-01-11,2.74,2.815,2.68,2.69
ABUS,2023-01-12,2.7,2.87,2.67,2.87
ABUS,2023-01-13,2.87,2.9274,2.82,2.85
ABUS,2023-01-17,2.83,2.885,2.76,2.8
ABUS,2023-01-18,2.83,2.835,2.65,2.65
ABUS,2023-01-19,2.6,2.68,2.6,2.64
ABUS,2023-01-20,2.68,2.76,2.65,2.76
ABUS,2023-01-23,2.79,2.79,2.68,2.76
ABUS,2023-01-24,2.77,2.8,2.72,2.78
ABUS,2023-01-25,2.79,2.94,2.79,2.87
ABUS,2023-01-26,2.88,2.96,2.86,2.93
ABUS,2023-01-27,2.92,2.97,2.89,2.93
ABUS,2023-01-30,2.92,2.98,2.88,2.95
ABUS,2023-01-31,2.96,3.01,2.95,3.01
ABUS,2023-02-01,3.01,3.03,2.895,2.9
ABUS,2023-02-02,2.91,3.0,2.895,2.95
ABUS,2023-02-03,2.94,3.025,2.845,2.9
ABUS,2023-02-06,2.93,2.95,2.89,2.9
ABUS,2023-02-07,2.92,2.975,2.88,2.95
ABUS,2023-02-08,2.92,2.95,2.82,2.83
ABUS,2023-02-09,2.85,2.89,2.74,2.77
ABUS,2023-02-10,2.74,2.77,2.675,2.69
ABUS,2023-02-13,2.68,2.7054,2.615,2.68
ABUS,2023-02-14,2.68,2.75,2.65,2.71
ABUS,2023-02-15,2.66,2.725,2.64,2.72
ABUS,2023-02-16,2.68,2.72,2.65,2.65
ABUS,2023-02-17,2.66,2.75,2.635,2.74
ABUS,2023-02-21,2.7,2.78,2.67,2.76
ABUS,2023-02-22,2.76,2.78,2.715,2.76
ABUS,2023-02-23,2.78,2.78,2.7,2.74
ABUS,2023-02-24,2.68,2.705,2.63,2.65
ABUS,2023-02-27,2.65,2.6618,2.57,2.65
ABUS,2023-02-28,2.65,2.84,2.625,2.78
ABUS,2023-03-01,2.71,2.86,2.71,2.81
ABUS,2023-03-02,2.81,2.81,2.71,2.81
ABUS,2023-03-03,2.8,3.025,2.79,2.86
ABUS,2023-03-06,2.86,2.9,2.83,2.88
ABUS,2023-03-07,2.9,2.94,2.85,2.93
ABUS,2023-03-08,2.94,2.97,2.9011,2.95
ABUS,2023-03-09,2.93,2.96,2.815,2.83
ABUS,2023-03-10,2.83,2.85,2.63,2.8
ABUS,2023-03-13,2.73,3.01,2.726,2.96
ABUS,2023-03-14,3.02,3.08,2.97,3.03
ABUS,2023-03-15,2.98,3.07,2.9663,3.03
ABUS,2023-03-16,3.02,3.0235,2.91,2.94
ABUS,2023-03-17,2.95,3.06,2.9101,2.99
ABUS,2023-03-20,3.02,3.02,2.88,3.02
ABUS,2023-03-21,3.055,3.08,2.98,3.03
ABUS,2023-03-22,3.05,3.08,2.94,2.95
ABUS,2023-03-23,2.95,3.0,2.92,2.96
ABUS,2023-03-24,2.95,3.01,2.88,3.0
ABUS,2023-03-27,3.01,3.07,2.98,3.06
ABUS,2023-03-28,3.06,3.115,3.0,3.0
ABUS,2023-03-29,3.02,3.11,2.995,3.1
ABUS,2023-03-30,3.1,3.145,3.01,3.02
ABUS,2023-03-31,3.04,3.11,3.0,3.03
ABUS,2023-04-03,3.03,3.12,3.005,3.06
ABUS,2023-04-04,3.06,3.07,2.97,2.99
ABUS,2023-04-05,3.0,3.03,2.87,2.9
ABUS,2023-04-06,2.91,2.925,2.83,2.87
ABUS,2023-04-10,2.91,2.91,2.85,2.87
ABUS,2023-04-11,2.88,2.98,2.88,2.91
ABUS,2023-04-12,2.935,2.95,2.8,2.81
ABUS,2023-04-13,2.82,3.0,2.81,2.95
ABUS,2023-04-14,2.91,2.945,2.845,2.87
ABUS,2023-04-17,2.86,2.95,2.84,2.93
ABUS,2023-04-18,2.91,2.965,2.88,2.95
ABUS,2023-04-19,2.94,3.0375,2.9,3.0
ABUS,2023-04-20,2.99,3.0,2.94,2.96
ABUS,2023-04-21,2.94,3.015,2.93,3.0
ABUS,2023-04-24,3.0,3.005,2.89,2.89
ABUS,2023-04-25,2.62,2.835,2.5,2.53
ABUS,2023-04-26,2.55,2.57,2.5,2.53
ABUS,2023-04-27,2.56,2.5723,2.47,2.51
ABUS,2023-04-28,2.52,2.55,2.48,2.51
ABUS,2023-05-01,2.49,2.54,2.47,2.52
ABUS,2023-05-02,2.52,2.52,2.42,2.48
ABUS,2023-05-03,2.47,2.5876,2.47,2.51
ABUS,2023-05-04,2.5,2.57,2.46,2.55
ABUS,2023-05-05,2.59,2.705,2.575,2.6
ABUS,2023-05-08,2.61,2.63,2.55,2.61
ABUS,2023-05-09,2.61,2.63,2.5,2.61
ABUS,2023-05-10,2.61,2.64,2.57,2.64
ABUS,2023-05-11,2.64,2.64,2.55,2.56
ABUS,2023-05-12,2.53,2.585,2.52,2.54
ABUS,2023-05-15,2.53,2.63,2.52,2.56
ABUS,2023-05-16,2.53,2.57,2.49,2.53
ABUS,2023-05-17,2.51,2.54,2.46,2.52
ABUS,2023-05-18,2.55,2.55,2.47,2.5
ABUS,2023-05-19,2.54,2.62,2.525,2.57
ABUS,2023-05-22,2.56,2.66,2.56,2.62
ABUS,2023-05-23,2.62,2.72,2.615,2.65
ABUS,2023-05-24,2.65,2.65,2.54,2.56
ABUS,2023-05-25,2.52,2.54,2.41,2.5
ABUS,2023-05-26,2.49,2.52,2.47,2.5
ABUS,2023-05-30,2.5,2.57,2.45,2.47
ABUS,2023-05-31,2.47,2.535,2.465,2.49
ABUS,2023-06-01,2.5,2.545,2.48,2.5
ABUS,2023-06-02,2.54,2.6,2.495,2.58
ABUS,2023-06-05,2.61,2.635,2.58,2.6
ABUS,2023-06-06,2.59,2.61,2.545,2.6
ABUS,2023-06-07,2.62,2.665,2.59,2.62
ABUS,2023-06-08,2.62,2.62,2.51,2.54
ABUS,2023-06-09,2.53,2.555,2.48,2.48
ABUS,2023-06-12,2.45,2.52,2.44,2.45
ABUS,2023-06-13,2.47,2.51,2.47,2.5
ABUS,2023-06-14,2.5,2.525,2.45,2.47
ABUS,2023-06-15,2.47,2.47,2.39,2.44
ABUS,2023-06-16,2.48,2.5,2.42,2.49
ABUS,2023-06-20,2.49,2.49,2.405,2.44
ABUS,2023-06-21,2.42,2.44,2.34,2.37
ABUS,2023-06-22,2.4,2.505,2.34,2.47
ABUS,2023-06-23,2.46,2.475,2.375,2.41
ABUS,2023-06-26,2.36,2.39,2.25,2.26
ABUS,2023-06-27,2.28,2.285,2.23,2.24
ABUS,2023-06-28,2.24,2.29,2.21,2.25
ABUS,2023-06-29,2.23,2.25,2.19,2.24
ABUS,2023-06-30,2.21,2.33,2.2,2.3
ABUS,2023-07-03,2.3,2.335,2.225,2.27
ABUS,2023-07-05,2.23,2.275,2.225,2.26
ABUS,2023-07-06,2.25,2.25,2.19,2.23
ABUS,2023-07-07,2.24,2.26,2.21,2.26
ABUS,2023-07-10,2.26,2.2975,2.225,2.26
ABUS,2023-07-11,2.32,2.32,2.22,2.27
ABUS,2023-07-12,2.24,2.27,2.23,2.27
ABUS,2023-07-13,2.27,2.2899,2.25,2.27
ABUS,2023-07-14,2.28,2.28,2.19,2.23
ABUS,2023-07-17,2.23,2.27,2.2225,2.25
ABUS,2023-07-18,2.23,2.28,2.2,2.21
ABUS,2023-07-19,2.22,2.28,2.205,2.26
ABUS,2023-07-20,2.26,2.27,2.2201,2.25
ABUS,2023-07-21,2.27,2.27,2.15,2.17
ABUS,2023-07-24,2.16,2.175,2.12,2.16
ABUS,2023-07-25,2.14,2.155,2.11,2.13
ABUS,2023-07-26,2.13,2.18,2.13,2.15
ABUS,2023-07-27,2.15,2.16,2.11,2.14
ABUS,2023-07-28,2.14,2.18,2.13,2.17
ABUS,2023-07-31,2.17,2.18,2.15,2.17
ABUS,2023-08-01,2.2,2.21,2.16,2.18
ABUS,2023-08-02,2.15,2.185,2.07,2.08
ABUS,2023-08-03,2.13,2.13,1.995,2.06
ABUS,2023-08-04,2.05,2.17,2.05,2.14
ABUS,2023-08-07,2.13,2.13,2.035,2.1
ABUS,2023-08-08,2.08,2.08,2.01,2.03
ABUS,2023-08-09,2.03,2.05,2.025,2.03
ABUS,2023-08-10,2.03,2.085,2.005,2.06
ABUS,2023-08-11,2.06,2.07,2.0,2.04
ABUS,2023-08-14,2.02,2.04,1.9845,2.01
ABUS,2023-08-15,2.02,2.03,1.99,1.99
ABUS,2023-08-16,1.99,2.075,1.98,2.03
ABUS,2023-08-17,2.02,2.15,2.01,2.07
ABUS,2023-08-18,2.05,2.12,2.04,2.06
ABUS,2023-08-21,2.04,2.08,2.0114,2.05
ABUS,2023-08-22,2.05,2.115,2.04,2.05
ABUS,2023-08-23,2.04,2.09,2.03,2.05
ABUS,2023-08-24,2.03,2.06,2.02,2.05
ABUS,2023-08-25,2.04,2.05,2.0119,2.03
ABUS,2023-08-28,2.03,2.0499,2.01,2.02
ABUS,2023-08-29,2.02,2.03,2.01,2.03
ABUS,2023-08-30,2.02,2.0484,2.0,2.02
ABUS,2023-08-31,2.01,2.05,2.01,2.03
ABUS,2023-09-01,2.03,2.07,2.015,2.05
ABUS,2023-09-05,2.04,2.05,2.02,2.04
ABUS,2023-09-06,2.03,2.1,2.02,2.08
ABUS,2023-09-07,2.08,2.08,2.045,2.08
ABUS,2023-09-08,2.05,2.11,2.03,2.1
ABUS,2023-09-11,2.13,2.21,2.1,2.2
ABUS,2023-09-12,2.19,2.19,2.015,2.03
ABUS,2023-09-13,2.04,2.06,2.005,2.05
ABUS,2023-09-14,2.03,2.08,2.03,2.05
ABUS,2023-09-15,2.05,2.07,2.0,2.04
ABUS,2023-09-18,2.02,2.035,1.98,1.99
ABUS,2023-09-19,1.99,2.0,1.96,1.98
ABUS,2023-09-20,1.98,2.03,1.98,2.0
ABUS,2023-09-21,1.99,2.01,1.97,1.99
ABUS,2023-09-22,1.97,1.97,1.8815,1.93
ABUS,2023-09-25,1.93,1.93,1.87,1.9
ABUS,2023-09-26,1.92,2.0,1.91,1.94
ABUS,2023-09-27,1.95,2.04,1.95,2.01
ABUS,2023-09-28,2.02,2.035,1.99,2.0
ABUS,2023-09-29,2.0,2.05,1.99,2.03
ABUS,2023-10-02,2.01,2.02,1.91,1.92
ABUS,2023-10-03,1.92,1.93,1.87,1.88
ABUS,2023-10-04,1.89,1.9,1.84,1.89
ABUS,2023-10-05,1.89,1.91,1.865,1.9
ABUS,2023-10-06,1.88,1.94,1.865,1.94
ABUS,2023-10-09,1.9,1.9,1.73,1.86
ABUS,2023-10-10,1.85,1.94,1.84,1.935
ABUS,2023-10-11,1.95,1.96,1.87,1.87
ABUS,2023-10-12,1.87,1.875,1.81,1.84
ABUS,2023-10-13,1.83,1.89,1.81,1.86
ABUS,2023-10-16,1.85,1.93,1.85,1.89
ABUS,2023-10-17,1.9,1.915,1.86,1.89
ABUS,2023-10-18,1.86,1.88,1.77,1.78
ABUS,2023-10-19,1.81,1.81,1.71,1.75
ABUS,2023-10-20,1.77,1.78,1.74,1.74
ABUS,2023-10-23,1.74,1.77,1.69,1.69
ABUS,2023-10-24,1.7,1.78,1.69,1.77
ABUS,2023-10-25,1.82,1.82,1.71,1.73
ABUS,2023-10-26,1.73,1.83,1.7002,1.76
ABUS,2023-10-27,1.77,1.77,1.7,1.73
ABUS,2023-10-30,1.73,1.79,1.71,1.78
ABUS,2023-10-31,1.77,1.84,1.755,1.83
ABUS,2023-11-01,1.84,1.87,1.8,1.84
ABUS,2023-11-02,1.84,1.86,1.79,1.81
ABUS,2023-11-03,1.84,1.93,1.84,1.92
ABUS,2023-11-06,1.9,1.925,1.84,1.88
ABUS,2023-11-07,1.81,1.86,1.705,1.85
ABUS,2023-11-08,1.87,1.9,1.79,1.87
ABUS,2023-11-09,1.82,1.84,1.765,1.8
ABUS,2023-11-10,1.83,1.83,1.73,1.77
ABUS,2023-11-13,1.74,1.8,1.7,1.79
ABUS,2023-11-14,1.81,1.88,1.78,1.88
ABUS,2023-11-15,1.97,1.97,1.8,1.84
ABUS,2023-11-16,1.85,1.88,1.754,1.85
ABUS,2023-11-17,1.83,1.87,1.77,1.86
ABUS,2023-11-20,1.85,1.88,1.79,1.84
ABUS,2023-11-21,1.81,1.85,1.795,1.83
ABUS,2023-11-22,1.82,1.86,1.81,1.84
ABUS,2023-11-24,1.85,1.9,1.83,1.87
ABUS,2023-11-27,1.84,1.86,1.82,1.84
ABUS,2023-11-28,1.82,1.86,1.79,1.85
ABUS,2023-11-29,1.87,1.94,1.87,1.9
ABUS,2023-11-30,1.92,2.0585,1.92,2.05
ABUS,2023-12-01,2.04,2.09,2.0,2.03
ABUS,2023-12-04,2.01,2.08,1.985,2.06
ABUS,2023-12-05,2.04,2.07,2.02,2.03
ABUS,2023-12-06,2.03,2.075,2.01,2.06
ABUS,2023-12-07,2.06,2.08,2.04,2.08
ABUS,2023-12-08,2.07,2.09,2.02,2.07
ABUS,2023-12-11,2.05,2.1,2.03,2.05
ABUS,2023-12-12,2.05,2.07,2.03,2.05
ABUS,2023-12-13,2.06,2.15,1.98,2.14
ABUS,2023-12-14,2.15,2.22,2.125,2.18
ABUS,2023-12-15,2.21,2.27,2.18,2.24
ABUS,2023-12-18,2.24,2.265,2.185,2.19
ABUS,2023-12-19,2.21,2.23,2.19,2.22
ABUS,2023-12-20,2.21,2.3,2.199,2.21
ABUS,2023-12-21,2.23,2.3,2.22,2.27
ABUS,2023-12-22,2.27,2.375,2.27,2.37
ABUS,2023-12-26,2.38,2.43,2.36,2.39
ABUS,2023-12-27,2.4,2.48,2.38,2.48
ABUS,2023-12-28,2.48,2.55,2.48,2.54
ABUS,2023-12-29,2.54,2.54,2.48,2.5
ABUS,2024-01-02,2.49,2.63,2.4403,2.59
ABUS,2024-01-03,2.6,2.61,2.445,2.5
ABUS,2024-01-04,2.52,2.53,2.455,2.5
ABUS,2024-01-05,2.48,2.51,2.4,2.49
ABUS,2024-01-08,2.49,2.57,2.35,2.45
ABUS,2024-01-09,2.41,2.45,2.355,2.43
ABUS,2024-01-10,2.46,2.47,2.395,2.42
ABUS,2024-01-11,2.4,2.4,2.31,2.37
ABUS,2024-01-12,2.4,2.425,2.3,2.31
ABUS,2024-01-16,2.34,2.34,2.24,2.26
ABUS,2024-01-17,2.24,2.27,2.21,2.27
ABUS,2024-01-18,2.29,2.33,2.22,2.32
ABUS,2024-01-19,2.34,2.36,2.28,2.36
ABUS,2024-01-22,2.39,2.4,2.33,2.37
ABUS,2024-01-23,2.39,2.405,2.36,2.4
ABUS,2024-01-24,2.44,2.46,2.35,2.35
ABUS,2024-01-25,2.35,2.405,2.32,2.38
ABUS,2024-01-26,2.39,2.415,2.355,2.38
ABUS,2024-01-29,2.38,2.55,2.35,2.54
ABUS,2024-01-30,2.54,2.54,2.43,2.46
ABUS,2024-01-31,2.46,2.4895,2.37,2.37
ABUS,2024-02-01,2.4,2.41,2.36,2.4
ABUS,2024-02-02,2.37,2.385,2.265,2.38
ABUS,2024-02-05,2.34,2.42,2.325,2.36
ABUS,2024-02-06,2.36,2.47,2.35,2.47
ABUS,2024-02-07,2.46,2.53,2.39,2.49
ABUS,2024-02-08,2.56,2.65,2.3417,2.54
ABUS,2024-02-09,2.57,2.79,2.56,2.76
ABUS,2024-02-12,2.78,2.88,2.76,2.87
ABUS,2024-02-13,2.76,2.91,2.76,2.89
ABUS,2024-02-14,2.91,2.94,2.88,2.91
ABUS,2024-02-15,2.95,2.95,2.86,2.91
ABUS,2024-02-16,2.91,2.9475,2.875,2.9
ABUS,2024-02-20,2.89,2.935,2.855,2.88
ABUS,2024-02-21,2.87,2.9,2.84,2.88
ABUS,2024-02-22,2.87,2.96,2.87,2.91
ABUS,2024-02-23,2.91,2.94,2.895,2.92
ABUS,2024-02-26,2.91,2.9504,2.885,2.92
ABUS,2024-02-27,2.94,2.9589,2.875,2.92
ABUS,2024-02-28,2.88,2.92,2.845,2.88
ABUS,2024-02-29,2.87,2.87,2.72,2.8
ABUS,2024-03-01,2.78,2.81,2.74,2.79
ABUS,2024-03-04,2.78,2.78,2.7,2.71
ABUS,2024-03-05,2.68,2.725,2.66,2.67
ABUS,2024-03-06,2.61,2.75,2.6,2.74
ABUS,2024-03-07,2.73,2.755,2.68,2.7
ABUS,2024-03-08,2.74,2.795,2.71,2.73
ABUS,2024-03-11,2.71,2.79,2.71,2.72
ABUS,2024-03-12,2.73,2.745,2.69,2.69
ABUS,2024-03-13,2.7,2.74,2.665,2.7
ABUS,2024-03-14,2.68,2.69,2.59,2.61
ABUS,2024-03-15,2.59,2.635,2.56,2.62
ABUS,2024-03-18,2.63,2.64,2.53,2.54
ABUS,2024-03-19,2.52,2.575,2.49,2.5
ABUS,2024-03-20,2.49,2.566,2.42,2.55
ABUS,2024-03-21,2.57,2.6,2.53,2.55
ABUS,2024-03-22,2.55,2.55,2.49,2.5
ABUS,2024-03-25,2.51,2.54,2.49,2.49
ABUS,2024-03-26,2.53,2.53,2.47,2.49
ABUS,2024-03-27,2.49,2.6,2.48,2.6
ABUS,2024-03-28,2.59,2.61,2.55,2.58
ABUS,2024-04-01,2.61,2.61,2.545,2.56
ABUS,2024-04-02,2.52,2.5373,2.485,2.52
ABUS,2024-04-03,2.51,3.25,2.3,2.92
ABUS,2024-04-04,2.93,3.11,2.86,3.0
ABUS,2024-04-05,3.02,3.29,2.98,3.12
ABUS,2024-04-08,3.17,3.185,3.03,3.09
ABUS,2024-04-09,3.06,3.11,3.0,3.005
ABUS,2024-04-10,3.01,3.02,2.9,2.98
ABUS,2024-04-11,2.95,3.05,2.94,3.03
ABUS,2024-04-12,2.99,3.03,2.9,2.91
ABUS,2024-04-15,2.9,2.99,2.82,2.97
ABUS,2024-04-16,2.94,2.94,2.88,2.92
ABUS,2024-04-17,2.91,2.9377,2.78,2.78
ABUS,2024-04-18,2.78,2.8,2.69,2.73
ABUS,2024-04-19,2.71,2.81,2.65,2.73
ABUS,2024-04-22,2.73,2.765,2.635,2.64
ABUS,2024-04-23,2.64,2.75,2.64,2.75
ABUS,2024-04-24,2.75,2.78,2.735,2.75
ABUS,2024-04-25,2.74,2.75,2.68,2.72
ABUS,2024-04-26,2.73,2.78,2.7,2.73
ABUS,2024-04-29,2.75,2.8,2.74,2.78
ABUS,2024-04-30,2.77,2.795,2.73,2.73
ABUS,2024-05-01,2.74,2.765,2.68,2.69
ABUS,2024-05-02,2.64,2.73,2.63,2.68
ABUS,2024-05-03,2.71,2.85,2.7,2.71
ABUS,2024-05-06,2.71,2.82,2.7,2.8
ABUS,2024-05-07,2.81,2.84,2.79,2.84
ABUS,2024-05-08,2.86,2.865,2.76,2.84
ABUS,2024-05-09,2.86,2.95,2.79,2.94
ABUS,2024-05-10,2.96,2.96,2.7903,2.88
ABUS,2024-05-13,2.9,2.93,2.85,2.89
ABUS,2024-05-14,2.86,2.9,2.81,2.86
ABUS,2024-05-15,2.88,2.91,2.805,2.81
ABUS,2024-05-16,2.82,2.9,2.81,2.89
ABUS,2024-05-17,2.93,3.01,2.89,2.98
ABUS,2024-05-20,2.98,3.15,2.965,3.07
ABUS,2024-05-21,3.1,3.215,3.06,3.21
ABUS,2024-05-22,3.22,3.43,3.19,3.41
ABUS,2024-05-23,3.42,3.44,3.23,3.28
ABUS,2024-05-24,3.29,3.3201,3.23,3.29
ABUS,2024-05-28,3.35,3.37,3.25,3.35
ABUS,2024-05-29,3.3,3.38,3.27,3.36
ABUS,2024-05-30,3.36,3.385,3.295,3.32
ABUS,2024-05-31,3.32,3.385,3.31,3.36
ABUS,2024-06-03,3.36,3.43,3.33,3.42
ABUS,2024-06-04,3.42,3.44,3.33,3.34
ABUS,2024-06-05,3.38,3.63,3.36,3.63
ABUS,2024-06-06,3.63,3.64,3.3001,3.34
ABUS,2024-06-07,3.31,3.31,3.12,3.2
ABUS,2024-06-10,3.185,3.21,3.11,3.14
ABUS,2024-06-11,3.12,3.21,3.08,3.18
ABUS,2024-06-12,3.25,3.305,3.23,3.255
ABUS,2024-06-13,3.25,3.2599,3.14,3.165
ABUS,2024-06-14,3.13,3.17,3.11,3.14
ABUS,2024-06-17,3.15,3.15,3.05,3.06
ABUS,2024-06-18,3.07,3.07,3.01,3.01
ABUS,2024-06-20,3.0,3.0,2.915,2.95
ABUS,2024-06-21,3.0,3.07,2.96,3.06
ABUS,2024-06-24,3.09,3.115,3.03,3.065
ABUS,2024-06-25,3.06,3.08,2.99,3.055
ABUS,2024-06-26,3.02,3.03,2.945,3.02
ABUS,2024-06-27,3.03,3.14,3.03,3.1
ABUS,2024-06-28,3.12,3.2,2.99,3.075
ABUS,2024-07-01,3.07,3.15,3.05,3.12
ABUS,2024-07-02,3.12,3.14,3.09,3.13
ABUS,2024-07-03,3.15,3.22,3.13,3.16
ABUS,2024-07-05,3.15,3.15,3.05,3.12
ABUS,2024-07-08,3.14,3.32,3.135,3.26
ABUS,2024-07-09,3.24,3.41,3.24,3.4
ABUS,2024-07-10,3.4,3.43,3.34,3.41
ABUS,2024-07-11,3.415,3.52,3.3993,3.52
ABUS,2024-07-12,3.55,3.65,3.51,3.585
ABUS,2024-07-15,3.59,3.79,3.59,3.76
ABUS,2024-07-16,3.79,3.89,3.73,3.88
ABUS,2024-07-17,3.8,3.8299,3.67,3.78
ABUS,2024-07-18,3.76,3.845,3.645,3.69
ABUS,2024-07-19,3.7,3.735,3.625,3.69
ABUS,2024-07-22,3.7,3.82,3.69,3.81
ABUS,2024-07-23,3.8,3.9,3.78,3.83
ABUS,2024-07-24,3.83,3.92,3.795,3.865
ABUS,2024-07-25,3.9,3.98,3.855,3.92
ABUS,2024-07-26,3.98,3.98,3.86,3.9
ABUS,2024-07-29,3.91,3.91,3.71,3.78
ABUS,2024-07-30,3.75,3.83,3.705,3.79
ABUS,2024-07-31,3.83,3.885,3.73,3.77
ABUS,2024-08-01,3.64,3.84,3.35,3.805
ABUS,2024-08-02,3.69,3.79,3.67,3.735
ABUS,2024-08-05,3.34,3.63,3.34,3.615
ABUS,2024-08-06,3.57,3.675,3.51,3.62
ABUS,2024-08-07,3.67,3.67,3.48,3.51
ABUS,2024-08-08,3.56,3.62,3.48,3.6
ABUS,2024-08-09,3.61,3.67,3.55,3.65
ABUS,2024-08-12,3.66,3.665,3.58,3.62
ABUS,2024-08-13,3.66,3.95,3.6409,3.78
ABUS,2024-08-14,3.68,3.68,3.68,3.68
ABUS,2024-08-15,3.76,3.82,3.725,3.75
ABUS,2024-08-16,3.75,3.77,3.695,3.71
ABUS,2024-08-19,3.72,3.8,3.6828,3.78
ABUS,2024-08-20,3.76,3.85,3.76,3.83
ABUS,2024-08-21,3.85,3.94,3.8,3.87
ABUS,2024-08-22,3.92,3.92,3.78,3.81
ABUS,2024-08-23,3.85,3.93,3.835,3.89
ABUS,2024-08-26,3.938,3.94,3.865,3.89
ABUS,2024-08-27,3.87,3.895,3.805,3.87
ABUS,2024-08-28,3.87,3.915,3.83,3.85
ABUS,2024-08-29,3.85,3.885,3.82,3.83
ABUS,2024-08-30,3.85,3.895,3.79,3.875
ABUS,2024-09-03,3.89,4.045,3.84,3.99
ABUS,2024-09-04,3.96,4.19,3.93,4.09
ABUS,2024-09-05,4.18,4.52,4.17,4.51
ABUS,2024-09-06,4.5292,4.56,4.39,4.55
ABUS,2024-09-09,4.58,4.72,4.44,4.495
ABUS,2024-09-10,4.49,4.6,4.36,4.56
ABUS,2024-09-11,4.54,4.61,4.465,4.565
ABUS,2024-09-12,4.58,4.605,4.245,4.32
ABUS,2024-09-13,4.34,4.49,4.33,4.47
ABUS,2024-09-16,4.49,4.54,4.24,4.26
ABUS,2024-09-17,4.27,4.3199,4.075,4.08
ABUS,2024-09-18,4.07,4.215,4.07,4.13
ABUS,2024-09-19,4.21,4.24,4.105,4.14
ABUS,2024-09-20,4.15,4.18,4.015,4.03
ABUS,2024-09-23,4.05,4.105,4.0,4.04
ABUS,2024-09-24,4.05,4.06,3.95,4.01
ABUS,2024-09-25,4.01,4.025,3.89,3.91
ABUS,2024-09-26,3.94,4.01,3.93,3.96
ABUS,2024-09-27,3.96,3.96,3.79,3.83
ABUS,2024-09-30,3.79,3.9,3.79,3.84
ABUS,2024-10-01,3.81,3.84,3.65,3.835
ABUS,2024-10-02,3.79,3.91,3.75,3.9
ABUS,2024-10-03,3.9,3.975,3.8148,3.85
ABUS,2024-10-04,3.91,3.92,3.81,3.84
ABUS,2024-10-07,3.83,3.84,3.7,3.72
ABUS,2024-10-08,3.72,3.8,3.71,3.77
ABUS,2024-10-09,3.77,3.78,3.7,3.76
ABUS,2024-10-10,3.69,3.8,3.68,3.8
ABUS,2024-10-11,3.8,3.9,3.8,3.88
ABUS,2024-10-14,3.88,3.9,3.835,3.87
ABUS,2024-10-15,3.91,4.12,3.91,4.12
ABUS,2024-10-16,4.15,4.3491,4.1,4.2
ABUS,2024-10-17,4.2,4.208,4.089,4.12
ABUS,2024-10-18,4.12,4.19,4.105,4.15
ABUS,2024-10-21,4.15,4.15,3.98,4.07
ABUS,2024-10-22,4.06,4.08,3.91,4.03
ABUS,2024-10-23,4.03,4.12,3.96,4.06
ABUS,2024-10-24,4.045,4.08,4.01,4.05
ABUS,2024-10-25,4.05,4.09,3.95,3.97
ABUS,2024-10-28,4.01,4.1,4.005,4.05
ABUS,2024-10-29,4.05,4.05,3.97,4.04
ABUS,2024-10-30,3.992,4.03,3.93,3.94
ABUS,2024-10-31,3.845,3.845,3.825,3.845
ABUS,2024-11-01,3.84,3.9903,3.81,3.96
ABUS,2024-11-04,3.96,3.96,3.86,3.86
ABUS,2024-11-05,3.8212,3.96,3.8,3.96
ABUS,2024-11-06,3.87,3.955,3.6,3.92
ABUS,2024-11-07,3.92,3.92,3.7,3.73
ABUS,2024-11-08,3.75,3.79,3.695,3.75
ABUS,2024-11-11,3.7785,3.84,3.73,3.735
ABUS,2024-11-12,3.73,3.75,3.61,3.65
ABUS,2024-11-13,3.65,3.755,3.645,3.65
ABUS,2024-11-14,3.66,3.81,3.625,3.63
ABUS,2024-11-15,3.68,3.68,3.4205,3.64
ABUS,2024-11-18,3.64,3.68,3.49,3.52
ABUS,2024-11-19,3.51,3.51,3.42,3.49
ABUS,2024-11-20,3.53,3.53,3.42,3.44
ABUS,2024-11-21,3.44,3.56,3.428,3.46
ABUS,2024-11-22,3.47,3.525,3.45,3.51
ABUS,2024-11-25,3.52,3.575,3.41,3.42
ABUS,2024-11-26,3.42,3.47,3.39,3.41
ABUS,2024-11-27,3.45,3.5,3.385,3.47
ABUS,2024-11-29,3.47,3.505,3.455,3.46
ABUS,2024-12-02,3.47,3.52,3.445,3.46
ABUS,2024-12-03,3.47,3.48,3.365,3.41
ABUS,2024-12-04,3.41,3.75,3.36,3.74
ABUS,2024-12-05,3.63,3.63,3.61,3.63
ABUS,2024-12-06,3.59,3.725,3.59,3.68
ABUS,2024-12-09,3.69,3.73,3.65,3.68
ABUS,2025-01-27,3.32,3.445,3.32,3.43
ABUS,2025-01-28,3.42,3.44,3.335,3.35
ABUS,2025-01-29,3.35,3.44,3.33,3.38
ABUS,2025-01-30,3.39,3.41,3.2801,3.3
ABUS,2025-01-31,3.28,3.36,3.25,3.33
ABUS,2025-02-03,3.275,3.3,3.17,3.28
ABUS,2025-02-04,3.27,3.37,3.25,3.36
ABUS,2025-02-05,3.35,3.6,3.35,3.59
ABUS,2025-02-06,3.57,3.615,3.41,3.41
ABUS,2025-02-07,3.41,3.45,3.33,3.43
ABUS,2025-02-10,3.44,3.465,3.32,3.33
ABUS,2025-02-11,3.31,3.335,3.255,3.31
ABUS,2025-02-12,3.27,3.32336,3.265,3.31
ABUS,2025-02-13,3.33,3.3599,3.28,3.3
ABUS,2025-02-14,3.3,3.36,3.235,3.29
ABUS,2025-02-18,3.31,3.44,3.3012,3.36
ABUS,2025-02-19,3.33,3.42,3.315,3.39
ABUS,2025-02-20,3.395,3.45,3.37,3.44
ABUS,2025-02-21,3.46,3.515,3.4,3.42
ABUS,2025-02-24,3.42,3.43,3.34,3.34
ABUS,2025-02-25,3.43,3.64,3.43,3.44
ABUS,2025-02-26,3.52,3.56,3.44,3.44
ABUS,2025-02-27,3.5,3.5,3.27,3.375
ABUS,2025-02-28,3.37,3.475,3.33,3.47
ABUS,2025-03-03,3.43,3.52,3.41,3.43
ABUS,2025-03-04,3.41,3.535,3.345,3.39
ABUS,2025-03-05,3.39,3.48,3.32,3.46
ABUS,2025-03-06,3.42,3.545,3.37,3.37
ABUS,2025-03-07,3.31,3.31,3.26,3.31
ABUS,2025-03-10,3.29,3.324,3.09,3.11
ABUS,2025-03-11,3.12,3.179,3.02,3.055
ABUS,2025-03-12,3.06,3.2,3.02,3.19
ABUS,2025-03-13,3.2,3.5,3.19,3.32
ABUS,2025-03-14,3.35,3.405,3.285,3.3
ABUS,2025-03-17,3.29,3.31,3.21,3.28
ABUS,2025-03-18,3.202,3.2713,3.16,3.2
ABUS,2025-03-19,3.2,3.32,3.2,3.31
ABUS,2025-03-20,3.31,3.355,3.25,3.31
ABUS,2025-03-21,3.28,3.34,3.26,3.285
ABUS,2025-03-24,3.28,3.4,3.28,3.39
ABUS,2025-03-25,3.37,3.4,3.31,3.37
ABUS,2025-03-26,3.37,3.45,3.315,3.35
ABUS,2025-03-27,3.35,3.36,3.2,3.27
ABUS,2025-03-28,3.27,3.54,3.26,3.5
ABUS,2025-03-31,3.44,3.54,3.35,3.495
ABUS,2025-04-01,3.4699,3.6,3.41,3.48
ABUS,2025-04-02,3.5,3.61,3.465,3.51
ABUS,2025-04-03,3.41,3.535,3.365,3.515
ABUS,2025-04-04,3.425,3.455,3.175,3.23
ABUS,2025-04-07,3.14,3.14,2.915,3.005
ABUS,2025-04-08,3.11,3.19,2.84,2.88
ABUS,2025-04-09,2.85,3.225,2.705,3.16
ABUS,2025-04-10,3.085,3.135,3.005,3.13
ABUS,2025-04-11,3.11,3.19,3.045,3.14
ABUS,2025-04-14,3.18,3.31,3.16,3.28
ABUS,2025-04-15,3.27,3.34,3.15,3.16
ABUS,2025-04-16,3.15,3.17,2.995,3.06
ABUS,2025-04-17,3.05,3.16,3.0,3.15
ABUS,2025-04-21,3.1,3.32,3.085,3.21
ABUS,2025-04-22,3.25,3.27,3.135,3.19
ABUS,2025-04-23,3.27,3.32,3.22,3.23
ABUS,2025-04-24,3.25,3.35,3.23,3.34
ABUS,2025-04-25,3.35,3.35,3.26,3.29
ABUS,2025-04-28,3.31,3.365,3.31,3.34
ABUS,2025-04-29,3.34,3.455,3.34,3.41
ABUS,2025-04-30,3.3999,3.62,3.3999,3.55
ABUS,2025-05-01,3.56,3.62,3.51,3.61
ABUS,2025-05-02,3.62,3.725,3.58,3.59
ABUS,2025-05-05,3.6,3.66,3.36,3.51
ABUS,2025-05-06,3.47,3.48,3.32,3.32
ABUS,2025-05-07,3.39,3.455,3.26,3.29
ABUS,2025-05-08,3.28,3.355,3.11,3.3
ABUS,2025-05-09,3.3,3.365,3.22,3.23
ABUS,2025-05-12,3.3,3.37,3.25,3.35
ABUS,2025-05-13,3.37,3.42,3.17,3.19
ABUS,2025-05-14,3.15,3.23,3.15,3.16
ABUS,2025-05-15,3.14,3.145,2.94,3.125
ABUS,2025-05-16,3.1,3.15,3.05,3.08
ABUS,2025-05-19,3.06,3.15,3.04,3.13
ABUS,2025-05-20,3.12,3.23,3.08,3.21
ABUS,2025-05-21,3.17,3.245,3.11,3.17
ABUS,2025-05-22,3.1899,3.235,3.11,3.22
ABUS,2025-05-23,3.16,3.235,3.14,3.22
ABUS,2025-05-27,3.24,3.46,3.236,3.45
ABUS,2025-05-28,3.45,3.535,3.4,3.41
ABUS,2025-05-29,3.42,3.53,3.38,3.44
ABUS,2025-05-30,3.42,3.43,3.325,3.36
ABUS,2025-06-02,3.37,3.43,3.33,3.36
ABUS,2025-06-03,3.36,3.48,3.31,3.45
ABUS,2025-06-04,3.46,3.48,3.36,3.41
ABUS,2025-06-05,3.4,3.41,3.3109,3.405
ABUS,2025-06-06,3.45,3.535,3.44,3.48
ABUS,2025-06-09,3.51,3.52,3.451,3.51
ABUS,2025-06-10,3.52,3.62,3.48,3.55
ABUS,2025-06-11,3.58,3.595,3.5,3.5
ABUS,2025-06-12,3.5,3.585,3.46,3.58
ABUS,2025-06-13,3.53,3.6,3.49,3.53
ABUS,2025-06-16,3.54,3.65,3.5,3.58
ABUS,2025-06-17,3.55,3.565,3.45,3.45
ABUS,2025-06-18,3.45,3.5388,3.43,3.47
ABUS,2025-06-20,3.52,3.54,3.37,3.43
ABUS,2025-06-23,3.42,3.49,3.29,3.41
ABUS,2025-06-24,3.43,3.475,3.36,3.37
ABUS,2025-06-25,3.36,3.4,3.28,3.34
ABUS,2025-06-26,3.32,3.345,3.12,3.2
ABUS,2025-06-27,3.19,3.22,3.12,3.125
ABUS,2025-06-30,3.12,3.12,3.04,3.09
ABUS,2025-07-01,3.07,3.23,3.06,3.19
ABUS,2025-07-02,3.18,3.28,3.145,3.19
ABUS,2025-07-03,3.2,3.28,3.1884,3.24
ABUS,2025-07-07,3.22,3.24,3.11,3.14
ABUS,2025-07-08,3.15,3.225,3.12,3.18
ABUS,2025-07-09,3.23,3.36,3.205,3.34
ABUS,2025-07-10,3.32,3.335,3.235,3.28
ABUS,2025-07-11,3.17,3.17,3.1,3.17
ABUS,2025-07-14,3.15,3.25,3.14,3.24
ABUS,2025-07-15,3.23,3.25,3.12,3.13
ABUS,2025-07-16,3.13,3.16,3.1,3.13
ABUS,2025-07-17,3.13,3.2,3.115,3.14
ABUS,2025-07-18,3.19,3.19,3.08,3.13
ABUS,2025-07-21,3.13,3.18,3.11,3.14
ABUS,2025-07-22,3.13,3.17,3.12,3.15
ABUS,2025-07-23,3.16,3.26,3.13,3.23
ABUS,2025-07-24,3.22,3.3,3.2147,3.24
ABUS,2025-07-25,3.23,3.26,3.195,3.22
ABUS,2025-07-28,3.25,3.4,3.245,3.35
ABUS,2025-07-29,3.35,3.4,3.295,3.3
ABUS,2025-07-30,3.32,3.42,3.29,3.3
ABUS,2025-07-31,3.29,3.37,3.26,3.28
ABUS,2025-08-01,3.27,3.39,3.27,3.275
ABUS,2025-08-04,3.28,3.355,3.26,3.34
ABUS,2025-08-05,3.34,3.42,3.3,3.41
ABUS,2025-08-06,3.44,3.55,3.33,3.47
ABUS,2025-08-07,3.53,3.54,3.305,3.4
ABUS,2025-08-08,3.4,3.422,3.35,3.4
ABUS,2025-08-11,3.4,3.43,3.34,3.345
ABUS,2025-08-12,3.35,3.4065,3.33,3.4
ABUS,2025-08-13,3.4,3.45,3.345,3.37
ABUS,2025-08-14,3.34,3.39,3.32,3.37
ABUS,2025-08-15,3.41,3.45,3.31,3.365
ABUS,2025-08-18,3.37,3.445,3.345,3.38
ABUS,2025-08-19,3.38,3.5,3.35,3.49
ABUS,2025-08-20,3.5,3.57,3.46,3.49
ABUS,2025-08-21,3.44,3.58,3.44,3.58
ABUS,2025-08-22,3.6,3.66,3.535,3.59
ABUS,2025-08-25,3.58,3.605,3.49,3.5
ABUS,2025-08-26,3.5,3.675,3.5,3.65
ABUS,2025-08-27,3.66,3.705,3.63,3.65
ABUS,2025-08-28,3.66,3.68,3.6,3.67
ABUS,2025-08-29,3.67,3.73,3.65,3.71
ABUS,2025-09-02,3.69,4.095,3.66,3.82
ABUS,2025-09-03,3.8,3.9892,3.76,3.94
ABUS,2025-09-04,3.95,4.03,3.88,4.01
ABUS,2025-09-05,4.0,4.37,4.0,4.2
ABUS,2025-09-08,4.22,4.24,4.06,4.1
ABUS,2025-09-09,4.08,4.36,4.015,4.33
ABUS,2025-09-10,4.44,4.69,4.39,4.62
ABUS,2025-09-11,4.65,5.1,4.59,4.9
ABUS,2025-09-12,4.89,4.89,4.45,4.46
ABUS,2025-09-15,4.5,4.565,4.37,4.53
ABUS,2025-09-16,4.52,4.57,4.38,4.4
ABUS,2025-09-17,4.382,4.5406,4.365,4.43
ABUS,2025-09-18,4.46,4.5,4.375,4.42
ABUS,2025-09-19,4.4,4.435,4.175,4.25
ABUS,2025-09-22,4.25,4.45,4.25,4.43
ABUS,2025-09-23,4.5,4.5576,4.42,4.46
ABUS,2025-09-24,4.45,4.51,4.4,4.49
ABUS,2025-09-25,4.46,4.46,4.29,4.32
ABUS,2025-09-26,4.31,4.435,4.25,4.41
ABUS,2025-09-29,4.47,4.5,4.36,4.46
ABUS,2025-09-30,4.44,4.55,4.4,4.54
ABUS,2025-10-01,4.55,4.6599,4.5307,4.59
ABUS,2025-10-02,4.59,4.6,4.38,4.49
ABUS,2025-10-03,4.52,4.53,4.3,4.38
ABUS,2025-10-06,4.39,4.4,4.285,4.34
ABUS,2025-10-07,4.365,4.535,4.28,4.29
ABUS,2025-10-08,4.31,4.39,4.1702,4.18
ABUS,2025-10-09,4.15,4.31,4.1,4.27
ABUS,2025-10-10,4.27,4.3,4.1,4.11
ABUS,2025-10-13,4.15,4.3,4.1,4.28
ABUS,2025-10-14,4.25,4.36,4.1,4.24
ABUS,2025-10-15,4.24,4.48,4.22,4.47
ABUS,2025-10-16,4.5,4.65,4.38,4.51
ABUS,2025-10-17,4.48,4.58,4.355,4.41
ABUS,2025-10-20,4.41,4.595,4.28,4.55
ABUS,2025-10-21,4.54,4.61,4.45,4.48
ABUS,2025-10-22,4.43,4.43,4.375,4.43
ABUS,2025-10-23,4.42,4.435,4.27,4.28
ABUS,2025-10-24,4.3,4.435,4.26,4.36
ABUS,2025-10-27,4.36,4.48,4.3,4.47
ABUS,2025-10-28,4.47,4.605,4.4,4.58
ABUS,2025-10-29,4.59,4.76,4.51,4.61
ABUS,2025-10-30,4.58,4.945,4.54,4.835
ABUS,2025-10-31,4.85,4.905,4.71,4.73
ABUS,2025-11-03,4.7,4.76,4.57,4.58
ABUS,2025-11-04,4.51,4.58,4.45,4.5
ABUS,2025-11-05,4.5,4.62,4.285,4.61
ABUS,2025-11-06,4.57,4.6,4.35,4.44
ABUS,2025-11-07,4.44,4.51,4.34,4.5
ABUS,2025-11-10,4.53,4.625,4.5025,4.59
ABUS,2025-11-11,4.58,4.71,4.4601,4.71
ABUS,2025-11-12,4.72,4.87,4.63,4.85
ABUS,2025-11-13,4.78,4.83,4.41,4.55
ABUS,2025-11-14,4.5,4.69,4.4618,4.52
ABUS,2025-11-17,4.54,4.6799,4.47,4.535
ABUS,2025-11-18,4.52,4.54,4.335,4.455
ABUS,2025-11-19,4.45,4.47,4.26,4.275
ABUS,2025-11-20,4.32,4.35,4.08,4.2
ABUS,2025-11-21,4.16,4.37,4.16,4.305
ABUS,2025-11-24,4.31,4.42,4.185,4.29
ABUS,2025-11-25,4.3,4.32,4.245,4.32
ABUS,2025-11-26,4.3,4.435,4.25,4.41
ABUS,2025-11-28,4.43,4.455,4.365,4.41
ABUS,2025-12-01,4.34,4.35,4.185,4.21
ABUS,2025-12-02,4.2,4.26,4.085,4.17
ABUS,2025-12-03,4.19,4.45,4.11,4.43
ABUS,2025-12-04,4.42,4.465,4.31,4.41
ABUS,2025-12-05,4.43,4.45,4.31,4.42
ABUS,2025-12-08,4.43,4.5499,4.38,4.525
ABUS,2025-12-09,4.52,4.63,4.46,4.46
ABUS,2025-12-10,4.45,4.605,4.43,4.59
ABUS,2025-12-11,4.63,4.79,4.565,4.67
ABUS,2025-12-12,4.68,4.805,4.61,4.71
ABUS,2025-12-15,4.72,5.07,4.72,4.95
ABUS,2025-12-16,4.93,5.035,4.57,4.585
ABUS,2025-12-17,4.62,4.69,4.535,4.635
ABUS,2025-12-18,4.65,4.7,4.505,4.545
ABUS,2025-12-19,4.55,4.62,4.42,4.43
ABUS,2025-12-22,4.46,4.785,4.45,4.72
ABUS,2025-12-23,4.67,4.8,4.64,4.68
ABUS,2025-12-24,4.7,4.905,4.7,4.79
ABUS,2025-12-26,4.77,4.82,4.66,4.78
ABUS,2025-12-29,4.76,4.81,4.66,4.72
ABUS,2025-12-30,4.7,4.75,4.55,4.62
ABUS,2025-12-31,4.61,5.05,4.59,4.81
ABUS,2026-01-02,4.855,4.975,4.645,4.77
ABUS,2026-01-05,4.77,4.8406,4.655,4.71
ABUS,2026-01-06,4.65,4.83,4.65,4.79
ABUS,2026-01-07,4.81,4.995,4.79,4.88
ABUS,2026-01-08,4.81,4.87,4.59,4.65
ABUS,2026-01-09,4.69,4.73,4.595,4.615
ABUS,2026-01-12,4.59,4.59,4.39,4.5
ABUS,2026-01-13,4.49,4.7699,4.415,4.74
ABUS,2026-01-14,4.7,4.855,4.65,4.77
ABUS,2026-01-15,4.76,4.765,4.635,4.7
ABUS,2026-01-16,3.935,4.195,3.68,4.06
ABUS,2026-01-20,3.93,4.24,3.92,4.205
ABUS,2026-01-21,4.2,4.33,4.065,4.135
ABUS,2026-01-22,4.14,4.23,4.08,4.17
ABUS,2026-01-23,4.15,4.225,4.06,4.06
ABUS,2026-01-26,4.05,4.14,3.99,4.08
ABUS,2026-01-27,4.05,4.185,4.05,4.16
ABUS,2026-01-28,4.17,4.245,4.06,4.14
ABUS,2026-01-29,4.14,4.19,4.085,4.13
ABUS,2026-01-30,4.105,4.17,4.065,4.14
ABUS,2026-02-02,4.13,4.6,3.5,4.39
