ticker,date,open,high,low,close
EDUC,1980-03-18,0.0,0.3438,0.25,0.25
EDUC,1980-03-19,0.25,0.25,0.25,0.25
EDUC,1980-03-20,0.25,0.25,0.25,0.25
EDUC,1980-03-21,0.25,0.25,0.25,0.25
EDUC,1980-03-24,0.0,0.3438,0.25,0.25
EDUC,1980-03-25,0.25,0.25,0.25,0.25
EDUC,1980-03-26,0.25,0.25,0.25,0.25
EDUC,1980-03-27,0.0,0.3438,0.25,0.25
EDUC,1980-03-28,0.25,0.25,0.25,0.25
EDUC,1980-03-31,0.25,0.25,0.25,0.25
EDUC,1980-04-01,0.25,0.25,0.25,0.25
EDUC,1980-04-02,0.0,0.3438,0.25,0.25
EDUC,1980-04-03,0.25,0.25,0.25,0.25
EDUC,1980-04-07,0.25,0.25,0.25,0.25
EDUC,1980-04-08,0.25,0.25,0.25,0.25
EDUC,1980-04-09,0.25,0.25,0.25,0.25
EDUC,1980-04-10,0.25,0.25,0.25,0.25
EDUC,1980-04-11,0.25,0.25,0.25,0.25
EDUC,1980-04-14,0.25,0.25,0.25,0.25
EDUC,1980-04-15,0.25,0.25,0.25,0.25
EDUC,1980-04-16,0.25,0.25,0.25,0.25
EDUC,1980-04-17,0.25,0.25,0.25,0.25
EDUC,1980-04-18,0.0,0.3438,0.25,0.25
EDUC,1980-04-21,0.25,0.25,0.25,0.25
EDUC,1980-04-22,0.0,0.3438,0.25,0.25
EDUC,1980-04-23,0.25,0.25,0.25,0.25
EDUC,1980-04-24,0.25,0.25,0.25,0.25
EDUC,1980-04-25,0.25,0.25,0.25,0.25
EDUC,1980-04-28,0.25,0.25,0.25,0.25
EDUC,1980-04-29,0.25,0.25,0.25,0.25
EDUC,1980-04-30,0.25,0.25,0.25,0.25
EDUC,1980-05-01,0.25,0.25,0.25,0.25
EDUC,1980-05-02,0.0,0.3438,0.25,0.25
EDUC,1980-05-05,0.0,0.3438,0.25,0.25
EDUC,1980-05-06,0.25,0.25,0.25,0.25
EDUC,1980-05-07,0.25,0.25,0.25,0.25
EDUC,1980-05-08,0.25,0.25,0.25,0.25
EDUC,1980-05-09,0.25,0.25,0.25,0.25
EDUC,1980-05-12,0.25,0.25,0.25,0.25
EDUC,1980-05-13,0.25,0.25,0.25,0.25
EDUC,1980-05-14,0.0,0.3438,0.25,0.25
EDUC,1980-05-15,0.25,0.25,0.25,0.25
EDUC,1980-05-16,0.0,0.3438,0.25,0.25
EDUC,1980-05-19,0.0,0.3438,0.25,0.25
EDUC,1980-05-20,0.25,0.25,0.25,0.25
EDUC,1980-05-21,0.25,0.25,0.25,0.25
EDUC,1980-05-22,0.0,0.3438,0.25,0.25
EDUC,1980-05-23,0.25,0.25,0.25,0.25
EDUC,1980-05-27,0.0,0.3438,0.25,0.25
EDUC,1980-05-28,0.0,0.3438,0.25,0.25
EDUC,1980-05-29,0.25,0.25,0.25,0.25
EDUC,1980-05-30,0.25,0.25,0.25,0.25
EDUC,1980-06-02,0.0,0.3125,0.2188,0.2188
EDUC,1980-06-03,0.2188,0.2188,0.2188,0.2188
EDUC,1980-06-04,0.2188,0.2188,0.2188,0.2188
EDUC,1980-06-05,0.2188,0.2188,0.2188,0.2188
EDUC,1980-06-06,0.2188,0.2188,0.2188,0.2188
EDUC,1980-06-09,0.0,0.2812,0.1875,0.1875
EDUC,1980-06-10,0.0,0.2812,0.1875,0.1875
EDUC,1980-06-11,0.1875,0.1875,0.1875,0.1875
EDUC,1980-06-12,0.0,0.2812,0.1875,0.1875
EDUC,1980-06-13,0.0,0.2812,0.1875,0.1875
EDUC,1980-06-16,0.1875,0.1875,0.1875,0.1875
EDUC,1980-06-17,0.1875,0.1875,0.1875,0.1875
EDUC,1980-06-18,0.0,0.2812,0.1875,0.1875
EDUC,1980-06-19,0.1875,0.1875,0.1875,0.1875
EDUC,1980-06-20,0.1875,0.1875,0.1875,0.1875
EDUC,1980-06-23,0.1875,0.1875,0.1875,0.1875
EDUC,1980-06-24,0.1875,0.1875,0.1875,0.1875
EDUC,1980-06-25,0.1875,0.1875,0.1875,0.1875
EDUC,1980-06-26,0.1875,0.1875,0.1875,0.1875
EDUC,1980-06-27,0.1875,0.1875,0.1875,0.1875
EDUC,1980-06-30,0.1875,0.1875,0.1875,0.1875
EDUC,1980-07-01,0.1875,0.1875,0.1875,0.1875
EDUC,1980-07-02,0.1875,0.1875,0.1875,0.1875
EDUC,1980-07-03,0.1875,0.1875,0.1875,0.1875
EDUC,1980-07-07,0.0,0.2812,0.2188,0.2188
EDUC,1980-07-08,0.2188,0.2188,0.2188,0.2188
EDUC,1980-07-09,0.0,0.2812,0.2188,0.2188
EDUC,1980-07-10,0.2188,0.2188,0.2188,0.2188
EDUC,1980-07-11,0.2188,0.2188,0.2188,0.2188
EDUC,1980-07-14,0.0,0.2812,0.2188,0.2188
EDUC,1980-07-15,0.2188,0.2188,0.2188,0.2188
EDUC,1980-07-16,0.2188,0.2188,0.2188,0.2188
EDUC,1980-07-17,0.2188,0.2188,0.2188,0.2188
EDUC,1980-07-18,0.0,0.2812,0.1875,0.1875
EDUC,1980-07-21,0.0,0.2812,0.1875,0.1875
EDUC,1980-07-22,0.0,0.2812,0.2031,0.2031
EDUC,1980-07-23,0.0,0.2812,0.2031,0.2031
EDUC,1980-07-24,0.2031,0.2031,0.2031,0.2031
EDUC,1980-07-25,0.2031,0.2031,0.2031,0.2031
EDUC,1980-07-28,0.2031,0.2031,0.2031,0.2031
EDUC,1980-07-29,0.2031,0.2031,0.2031,0.2031
EDUC,1980-07-30,0.2031,0.2031,0.2031,0.2031
EDUC,1980-07-31,0.2031,0.2031,0.2031,0.2031
EDUC,1980-08-01,0.2031,0.2031,0.2031,0.2031
EDUC,1980-08-04,0.0,0.2812,0.2031,0.2031
EDUC,1980-08-05,0.2031,0.2031,0.2031,0.2031
EDUC,1980-08-06,0.0,0.2812,0.2031,0.2031
EDUC,1980-08-07,0.2031,0.2031,0.2031,0.2031
EDUC,1980-08-08,0.2031,0.2031,0.2031,0.2031
EDUC,1980-08-11,0.2031,0.2031,0.2031,0.2031
EDUC,1980-08-12,0.0,0.2812,0.1875,0.1875
EDUC,1980-08-13,0.1875,0.1875,0.1875,0.1875
EDUC,1980-08-14,0.1875,0.1875,0.1875,0.1875
EDUC,1980-08-15,0.0,0.2812,0.1875,0.1875
EDUC,1980-08-18,0.1875,0.1875,0.1875,0.1875
EDUC,1980-08-19,0.1875,0.1875,0.1875,0.1875
EDUC,1980-08-20,0.1875,0.1875,0.1875,0.1875
EDUC,1980-08-21,0.0,0.2812,0.1875,0.1875
EDUC,1980-08-22,0.1875,0.1875,0.1875,0.1875
EDUC,1980-08-25,0.1875,0.1875,0.1875,0.1875
EDUC,1980-08-26,0.0,0.2812,0.1875,0.1875
EDUC,1980-08-27,0.0,0.25,0.1875,0.1875
EDUC,1980-08-28,0.1875,0.1875,0.1875,0.1875
EDUC,1980-08-29,0.1875,0.1875,0.1875,0.1875
EDUC,1980-09-02,0.1875,0.1875,0.1875,0.1875
EDUC,1980-09-03,0.1875,0.1875,0.1875,0.1875
EDUC,1980-09-04,0.1875,0.1875,0.1875,0.1875
EDUC,1980-09-05,0.1875,0.1875,0.1875,0.1875
EDUC,1980-09-08,0.1875,0.1875,0.1875,0.1875
EDUC,1980-09-09,0.1875,0.1875,0.1875,0.1875
EDUC,1980-09-10,0.1875,0.1875,0.1875,0.1875
EDUC,1980-09-11,0.0,0.25,0.1875,0.1875
EDUC,1980-09-12,0.1875,0.1875,0.1875,0.1875
EDUC,1980-09-15,0.1875,0.1875,0.1875,0.1875
EDUC,1980-09-16,0.1875,0.1875,0.1875,0.1875
EDUC,1980-09-17,0.1875,0.1875,0.1875,0.1875
EDUC,1980-09-18,0.0,0.25,0.1875,0.1875
EDUC,1980-09-19,0.1875,0.1875,0.1875,0.1875
EDUC,1980-09-22,0.0,0.25,0.1875,0.1875
EDUC,1980-09-23,0.0,0.25,0.1875,0.1875
EDUC,1980-09-24,0.0,0.25,0.1875,0.1875
EDUC,1980-09-25,0.0,0.25,0.1875,0.1875
EDUC,1980-09-26,0.0,0.25,0.1875,0.1875
EDUC,1980-09-29,0.0,0.25,0.1875,0.1875
EDUC,1980-09-30,0.1875,0.1875,0.1875,0.1875
EDUC,1980-10-01,0.1875,0.1875,0.1875,0.1875
EDUC,1980-10-02,0.1875,0.1875,0.1875,0.1875
EDUC,1980-10-03,0.1875,0.1875,0.1875,0.1875
EDUC,1980-10-06,0.0,0.25,0.1875,0.1875
EDUC,1980-10-07,0.1875,0.1875,0.1875,0.1875
EDUC,1980-10-08,0.0,0.25,0.1875,0.1875
EDUC,1980-10-09,0.1875,0.1875,0.1875,0.1875
EDUC,1980-10-10,0.1875,0.1875,0.1875,0.1875
EDUC,1980-10-13,0.0,0.25,0.1875,0.1875
EDUC,1980-10-14,0.1875,0.1875,0.1875,0.1875
EDUC,1980-10-15,0.0,0.25,0.1875,0.1875
EDUC,1980-10-16,0.1875,0.1875,0.1875,0.1875
EDUC,1980-10-17,0.0,0.25,0.1875,0.1875
EDUC,1980-10-20,0.0,0.25,0.1875,0.1875
EDUC,1980-10-21,0.0,0.25,0.1875,0.1875
EDUC,1980-10-22,0.0,0.25,0.1875,0.1875
EDUC,1980-10-23,0.0,0.25,0.1875,0.1875
EDUC,1980-10-24,0.1875,0.1875,0.1875,0.1875
EDUC,1980-10-27,0.0,0.25,0.1875,0.1875
EDUC,1980-10-28,0.0,0.25,0.1875,0.1875
EDUC,1980-10-29,0.1875,0.1875,0.1875,0.1875
EDUC,1980-10-30,0.1875,0.1875,0.1875,0.1875
EDUC,1980-10-31,0.1875,0.1875,0.1875,0.1875
EDUC,1980-11-03,0.1875,0.1875,0.1875,0.1875
EDUC,1980-11-05,0.1875,0.1875,0.1875,0.1875
EDUC,1980-11-06,0.1875,0.1875,0.1875,0.1875
EDUC,1980-11-07,0.1875,0.1875,0.1875,0.1875
EDUC,1980-11-10,0.1875,0.1875,0.1875,0.1875
EDUC,1980-11-11,0.1875,0.1875,0.1875,0.1875
EDUC,1980-11-12,0.1875,0.1875,0.1875,0.1875
EDUC,1980-11-13,0.0,0.25,0.1562,0.1562
EDUC,1980-11-14,0.0,0.25,0.1562,0.1562
EDUC,1980-11-17,0.0,0.25,0.1562,0.1562
EDUC,1980-11-18,0.1562,0.1562,0.1562,0.1562
EDUC,1980-11-19,0.1562,0.1562,0.1562,0.1562
EDUC,1980-11-20,0.1562,0.1562,0.1562,0.1562
EDUC,1980-11-21,0.1562,0.1562,0.1562,0.1562
EDUC,1980-11-24,0.0,0.25,0.1562,0.1562
EDUC,1980-11-25,0.0,0.2188,0.1562,0.1562
EDUC,1980-11-26,0.0,0.2188,0.1562,0.1562
EDUC,1980-11-28,0.0,0.2188,0.1562,0.1562
EDUC,1980-12-01,0.0,0.2188,0.1875,0.1875
EDUC,1980-12-02,0.0,0.2188,0.1875,0.1875
EDUC,1980-12-03,0.1875,0.1875,0.1875,0.1875
EDUC,1980-12-04,0.1875,0.1875,0.1875,0.1875
EDUC,1980-12-05,0.0,0.2188,0.1875,0.1875
EDUC,1980-12-08,0.0,0.2188,0.1562,0.1562
EDUC,1980-12-09,0.0,0.2188,0.1562,0.1562
EDUC,1980-12-10,0.0,0.2188,0.1562,0.1562
EDUC,1980-12-11,0.1562,0.1562,0.1562,0.1562
EDUC,1980-12-12,0.0,0.2188,0.1562,0.1562
EDUC,1980-12-15,0.0,0.2188,0.1562,0.1562
EDUC,1980-12-16,0.1562,0.1562,0.1562,0.1562
EDUC,1980-12-17,0.0,0.2188,0.1562,0.1562
EDUC,1980-12-18,0.0,0.2188,0.1562,0.1562
EDUC,1980-12-19,0.0,0.2188,0.1562,0.1562
EDUC,1980-12-22,0.0,0.2188,0.1562,0.1562
EDUC,1980-12-23,0.0,0.2188,0.1562,0.1562
EDUC,1980-12-24,0.0,0.2188,0.1562,0.1562
EDUC,1980-12-26,0.0,0.2188,0.1562,0.1562
EDUC,1980-12-29,0.0,0.2188,0.1875,0.1875
EDUC,1980-12-30,0.0,0.2188,0.1875,0.1875
EDUC,1980-12-31,0.0,0.25,0.1875,0.1875
EDUC,1981-01-02,0.0,0.25,0.1875,0.1875
EDUC,1981-01-05,0.1875,0.1875,0.1875,0.1875
EDUC,1981-01-06,0.0,0.25,0.1875,0.1875
EDUC,1981-01-07,0.1875,0.1875,0.1875,0.1875
EDUC,1981-01-08,0.0,0.25,0.1875,0.1875
EDUC,1981-01-09,0.1875,0.1875,0.1875,0.1875
EDUC,1981-01-12,0.0,0.25,0.1875,0.1875
EDUC,1981-01-13,0.1875,0.1875,0.1875,0.1875
EDUC,1981-01-14,0.1875,0.1875,0.1875,0.1875
EDUC,1981-01-15,0.0,0.25,0.1875,0.1875
EDUC,1981-01-16,0.1875,0.1875,0.1875,0.1875
EDUC,1981-01-19,0.1875,0.1875,0.1875,0.1875
EDUC,1981-01-20,0.1875,0.1875,0.1875,0.1875
EDUC,1981-01-21,0.1875,0.1875,0.1875,0.1875
EDUC,1981-01-22,0.0,0.25,0.1875,0.1875
EDUC,1981-01-23,0.0,0.25,0.1875,0.1875
EDUC,1981-01-26,0.0,0.25,0.1875,0.1875
EDUC,1981-01-27,0.1875,0.1875,0.1875,0.1875
EDUC,1981-01-28,0.0,0.25,0.1875,0.1875
EDUC,1981-01-29,0.0,0.2812,0.2188,0.2188
EDUC,1981-01-30,0.0,0.2812,0.2188,0.2188
EDUC,1981-02-02,0.2188,0.2188,0.2188,0.2188
EDUC,1981-02-03,0.0,0.2812,0.2188,0.2188
EDUC,1981-02-04,0.2188,0.2188,0.2188,0.2188
EDUC,1981-02-05,0.2188,0.2188,0.2188,0.2188
EDUC,1981-02-06,0.0,0.2812,0.2188,0.2188
EDUC,1981-02-09,0.0,0.2812,0.2188,0.2188
EDUC,1981-02-10,0.0,0.25,0.2188,0.2188
EDUC,1981-02-11,0.0,0.25,0.2188,0.2188
EDUC,1981-02-12,0.2188,0.2188,0.2188,0.2188
EDUC,1981-02-13,0.0,0.25,0.1875,0.1875
EDUC,1981-02-17,0.1875,0.1875,0.1875,0.1875
EDUC,1981-02-18,0.1875,0.1875,0.1875,0.1875
EDUC,1981-02-19,0.0,0.25,0.1875,0.1875
EDUC,1981-02-20,0.1875,0.1875,0.1875,0.1875
EDUC,1981-02-23,0.0,0.25,0.1875,0.1875
EDUC,1981-02-24,0.0,0.25,0.1875,0.1875
EDUC,1981-02-25,0.0,0.25,0.1875,0.1875
EDUC,1981-02-26,0.0,0.25,0.1875,0.1875
EDUC,1981-02-27,0.1875,0.1875,0.1875,0.1875
EDUC,1981-03-02,0.1875,0.1875,0.1875,0.1875
EDUC,1981-03-03,0.1875,0.1875,0.1875,0.1875
EDUC,1981-03-04,0.0,0.25,0.1875,0.1875
EDUC,1981-03-05,0.0,0.25,0.1875,0.1875
EDUC,1981-03-06,0.1875,0.1875,0.1875,0.1875
EDUC,1981-03-09,0.0,0.25,0.1875,0.1875
EDUC,1981-03-10,0.0,0.25,0.1875,0.1875
EDUC,1981-03-11,0.1875,0.1875,0.1875,0.1875
EDUC,1981-03-12,0.1875,0.1875,0.1875,0.1875
EDUC,1981-03-13,0.1875,0.1875,0.1875,0.1875
EDUC,1981-03-16,0.1875,0.1875,0.1875,0.1875
EDUC,1981-03-17,0.0,0.25,0.1875,0.1875
EDUC,1981-03-18,0.0,0.25,0.1875,0.1875
EDUC,1981-03-19,0.0,0.2344,0.1562,0.1562
EDUC,1981-03-20,0.1562,0.1562,0.1562,0.1562
EDUC,1981-03-23,0.0,0.2344,0.1562,0.1562
EDUC,1981-03-24,0.1562,0.1562,0.1562,0.1562
EDUC,1981-03-25,0.0,0.2344,0.1562,0.1562
EDUC,1981-03-26,0.1562,0.1562,0.1562,0.1562
EDUC,1981-03-27,0.1562,0.1562,0.1562,0.1562
EDUC,1981-03-30,0.1562,0.1562,0.1562,0.1562
EDUC,1981-03-31,0.1562,0.1562,0.1562,0.1562
EDUC,1981-04-01,0.0,0.2344,0.1562,0.1562
EDUC,1981-04-02,0.1562,0.1562,0.1562,0.1562
EDUC,1981-04-03,0.1562,0.1562,0.1562,0.1562
EDUC,1981-04-06,0.0,0.2344,0.1875,0.1875
EDUC,1981-04-07,0.0,0.2344,0.2188,0.2188
EDUC,1981-04-08,0.0,0.25,0.2188,0.2188
EDUC,1981-04-09,0.2188,0.2188,0.2188,0.2188
EDUC,1981-04-10,0.0,0.25,0.2188,0.2188
EDUC,1981-04-13,0.0,0.25,0.2188,0.2188
EDUC,1981-04-14,0.2188,0.2188,0.2188,0.2188
EDUC,1981-04-15,0.2188,0.2188,0.2188,0.2188
EDUC,1981-04-16,0.0,0.25,0.2188,0.2188
EDUC,1981-04-20,0.0,0.25,0.2188,0.2188
EDUC,1981-04-21,0.0,0.2344,0.1875,0.1875
EDUC,1981-04-22,0.1875,0.1875,0.1875,0.1875
EDUC,1981-04-23,0.0,0.2344,0.1875,0.1875
EDUC,1981-04-24,0.1875,0.1875,0.1875,0.1875
EDUC,1981-04-27,0.1875,0.1875,0.1875,0.1875
EDUC,1981-04-28,0.0,0.2344,0.1875,0.1875
EDUC,1981-04-29,0.1875,0.1875,0.1875,0.1875
EDUC,1981-04-30,0.1875,0.1875,0.1875,0.1875
EDUC,1981-05-01,0.0,0.2344,0.1875,0.1875
EDUC,1981-05-04,0.1875,0.1875,0.1875,0.1875
EDUC,1981-05-05,0.1875,0.1875,0.1875,0.1875
EDUC,1981-05-06,0.0,0.2344,0.1875,0.1875
EDUC,1981-05-07,0.1875,0.1875,0.1875,0.1875
EDUC,1981-05-08,0.1875,0.1875,0.1875,0.1875
EDUC,1981-05-11,0.1875,0.1875,0.1875,0.1875
EDUC,1981-05-12,0.1875,0.1875,0.1875,0.1875
EDUC,1981-05-13,0.1875,0.1875,0.1875,0.1875
EDUC,1981-05-14,0.0,0.2344,0.1875,0.1875
EDUC,1981-05-15,0.1875,0.1875,0.1875,0.1875
EDUC,1981-05-18,0.0,0.2344,0.1875,0.1875
EDUC,1981-05-19,0.0,0.2344,0.1875,0.1875
EDUC,1981-05-20,0.0,0.2344,0.1875,0.1875
EDUC,1981-05-21,0.0,0.25,0.1875,0.1875
EDUC,1981-05-22,0.1875,0.1875,0.1875,0.1875
EDUC,1981-05-26,0.0,0.25,0.1875,0.1875
EDUC,1981-05-27,0.1875,0.1875,0.1875,0.1875
EDUC,1981-05-28,0.1875,0.1875,0.1875,0.1875
EDUC,1981-05-29,0.1875,0.1875,0.1875,0.1875
EDUC,1981-06-01,0.0,0.25,0.1875,0.1875
EDUC,1981-06-02,0.0,0.2812,0.1875,0.1875
EDUC,1981-06-03,0.0,0.2812,0.1875,0.1875
EDUC,1981-06-04,0.1875,0.1875,0.1875,0.1875
EDUC,1981-06-05,0.1875,0.1875,0.1875,0.1875
EDUC,1981-06-08,0.0,0.2812,0.2188,0.2188
EDUC,1981-06-09,0.0,0.2812,0.2188,0.2188
EDUC,1981-06-10,0.2188,0.2188,0.2188,0.2188
EDUC,1981-06-11,0.2188,0.2188,0.2188,0.2188
EDUC,1981-06-12,0.2188,0.2188,0.2188,0.2188
EDUC,1981-06-15,0.2188,0.2188,0.2188,0.2188
EDUC,1981-06-16,0.2188,0.2188,0.2188,0.2188
EDUC,1981-06-17,0.0,0.2812,0.1875,0.1875
EDUC,1981-06-18,0.0,0.2812,0.2188,0.2188
EDUC,1981-06-19,0.2188,0.2188,0.2188,0.2188
EDUC,1981-06-22,0.0,0.2812,0.2188,0.2188
EDUC,1981-06-23,0.2188,0.2188,0.2188,0.2188
EDUC,1981-06-24,0.2188,0.2188,0.2188,0.2188
EDUC,1981-06-25,0.2188,0.2188,0.2188,0.2188
EDUC,1981-06-26,0.0,0.2812,0.2188,0.2188
EDUC,1981-06-29,0.2188,0.2188,0.2188,0.2188
EDUC,1981-06-30,0.2188,0.2188,0.2188,0.2188
EDUC,1981-07-01,0.2188,0.2188,0.2188,0.2188
EDUC,1981-07-02,0.2188,0.2188,0.2188,0.2188
EDUC,1981-07-06,0.2188,0.2188,0.2188,0.2188
EDUC,1981-07-07,0.2188,0.2188,0.2188,0.2188
EDUC,1981-07-08,0.0,0.2812,0.2188,0.2188
EDUC,1981-07-09,0.2188,0.2188,0.2188,0.2188
EDUC,1981-07-10,0.2188,0.2188,0.2188,0.2188
EDUC,1981-07-13,0.0,0.2812,0.2188,0.2188
EDUC,1981-07-14,0.2188,0.2188,0.2188,0.2188
EDUC,1981-07-15,0.2188,0.2188,0.2188,0.2188
EDUC,1981-07-16,0.2188,0.2188,0.2188,0.2188
EDUC,1981-07-17,0.2188,0.2188,0.2188,0.2188
EDUC,1981-07-20,0.2188,0.2188,0.2188,0.2188
EDUC,1981-07-21,0.0,0.2812,0.2188,0.2188
EDUC,1981-07-22,0.2188,0.2188,0.2188,0.2188
EDUC,1981-07-23,0.2188,0.2188,0.2188,0.2188
EDUC,1981-07-24,0.2188,0.2188,0.2188,0.2188
EDUC,1981-07-27,0.2188,0.2188,0.2188,0.2188
EDUC,1981-07-28,0.2188,0.2188,0.2188,0.2188
EDUC,1981-07-29,0.2188,0.2188,0.2188,0.2188
EDUC,1981-07-30,0.2188,0.2188,0.2188,0.2188
EDUC,1981-07-31,0.2188,0.2188,0.2188,0.2188
EDUC,1981-08-03,0.2188,0.2188,0.2188,0.2188
EDUC,1981-08-04,0.2188,0.2188,0.2188,0.2188
EDUC,1981-08-05,0.0,0.2812,0.2188,0.2188
EDUC,1981-08-06,0.0,0.2812,0.2188,0.2188
EDUC,1981-08-07,0.2188,0.2188,0.2188,0.2188
EDUC,1981-08-10,0.2188,0.2188,0.2188,0.2188
EDUC,1981-08-11,0.2188,0.2188,0.2188,0.2188
EDUC,1981-08-12,0.2188,0.2188,0.2188,0.2188
EDUC,1981-08-13,0.2188,0.2188,0.2188,0.2188
EDUC,1981-08-14,0.0,0.2812,0.2188,0.2188
EDUC,1981-08-17,0.2188,0.2188,0.2188,0.2188
EDUC,1981-08-18,0.2188,0.2188,0.2188,0.2188
EDUC,1981-08-19,0.2188,0.2188,0.2188,0.2188
EDUC,1981-08-20,0.0,0.2812,0.2188,0.2188
EDUC,1981-08-21,0.2188,0.2188,0.2188,0.2188
EDUC,1981-08-24,0.2188,0.2188,0.2188,0.2188
EDUC,1981-08-25,0.2188,0.2188,0.2188,0.2188
EDUC,1981-08-26,0.2188,0.2188,0.2188,0.2188
EDUC,1981-08-27,0.2188,0.2188,0.2188,0.2188
EDUC,1981-08-28,0.2188,0.2188,0.2188,0.2188
EDUC,1981-08-31,0.0,0.2812,0.2188,0.2188
EDUC,1981-09-01,0.2188,0.2188,0.2188,0.2188
EDUC,1981-09-02,0.2188,0.2188,0.2188,0.2188
EDUC,1981-09-03,0.2188,0.2188,0.2188,0.2188
EDUC,1981-09-04,0.2188,0.2188,0.2188,0.2188
EDUC,1981-09-08,0.2188,0.2188,0.2188,0.2188
EDUC,1981-09-09,0.2188,0.2188,0.2188,0.2188
EDUC,1981-09-10,0.2188,0.2188,0.2188,0.2188
EDUC,1981-09-11,0.2188,0.2188,0.2188,0.2188
EDUC,1981-09-14,0.2188,0.2188,0.2188,0.2188
EDUC,1981-09-15,0.2188,0.2188,0.2188,0.2188
EDUC,1981-09-16,0.2188,0.2188,0.2188,0.2188
EDUC,1981-09-17,0.2188,0.2188,0.2188,0.2188
EDUC,1981-09-18,0.2188,0.2188,0.2188,0.2188
EDUC,1981-09-21,0.2188,0.2188,0.2188,0.2188
EDUC,1981-09-22,0.0,0.2812,0.1875,0.1875
EDUC,1981-09-23,0.1875,0.1875,0.1875,0.1875
EDUC,1981-09-24,0.0,0.25,0.1875,0.1875
EDUC,1981-09-25,0.0,0.25,0.1875,0.1875
EDUC,1981-09-28,0.1875,0.1875,0.1875,0.1875
EDUC,1981-09-29,0.1875,0.1875,0.1875,0.1875
EDUC,1981-09-30,0.0,0.25,0.1875,0.1875
EDUC,1981-10-01,0.0,0.25,0.1875,0.1875
EDUC,1981-10-02,0.1875,0.1875,0.1875,0.1875
EDUC,1981-10-05,0.0,0.25,0.1875,0.1875
EDUC,1981-10-06,0.1875,0.1875,0.1875,0.1875
EDUC,1981-10-07,0.1875,0.1875,0.1875,0.1875
EDUC,1981-10-08,0.1875,0.1875,0.1875,0.1875
EDUC,1981-10-09,0.0,0.25,0.1875,0.1875
EDUC,1981-10-12,0.1875,0.1875,0.1875,0.1875
EDUC,1981-10-13,0.1875,0.1875,0.1875,0.1875
EDUC,1981-10-14,0.1875,0.1875,0.1875,0.1875
EDUC,1981-10-15,0.0,0.25,0.1875,0.1875
EDUC,1981-10-16,0.0,0.25,0.1875,0.1875
EDUC,1981-10-19,0.1875,0.1875,0.1875,0.1875
EDUC,1981-10-20,0.0,0.25,0.1875,0.1875
EDUC,1981-10-21,0.0,0.25,0.1875,0.1875
EDUC,1981-10-22,0.0,0.25,0.1875,0.1875
EDUC,1981-10-23,0.0,0.25,0.1875,0.1875
EDUC,1981-10-26,0.1875,0.1875,0.1875,0.1875
EDUC,1981-10-27,0.0,0.25,0.1875,0.1875
EDUC,1981-10-28,0.0,0.25,0.1875,0.1875
EDUC,1981-10-29,0.1875,0.1875,0.1875,0.1875
EDUC,1981-10-30,0.1875,0.1875,0.1875,0.1875
EDUC,1981-11-02,0.0,0.25,0.1875,0.1875
EDUC,1981-11-03,0.1875,0.1875,0.1875,0.1875
EDUC,1981-11-04,0.0,0.25,0.1875,0.1875
EDUC,1981-11-05,0.1875,0.1875,0.1875,0.1875
EDUC,1981-11-06,0.1875,0.1875,0.1875,0.1875
EDUC,1981-11-09,0.1875,0.1875,0.1875,0.1875
EDUC,1981-11-10,0.0,0.25,0.1875,0.1875
EDUC,1981-11-11,0.1875,0.1875,0.1875,0.1875
EDUC,1981-11-12,0.1875,0.1875,0.1875,0.1875
EDUC,1981-11-13,0.0,0.25,0.1875,0.1875
EDUC,1981-11-16,0.0,0.25,0.1875,0.1875
EDUC,1981-11-17,0.0,0.25,0.1875,0.1875
EDUC,1981-11-18,0.1875,0.1875,0.1875,0.1875
EDUC,1981-11-19,0.0,0.25,0.1875,0.1875
EDUC,1981-11-20,0.0,0.25,0.1875,0.1875
EDUC,1981-11-23,0.0,0.25,0.1875,0.1875
EDUC,1981-11-24,0.0,0.25,0.1875,0.1875
EDUC,1981-11-25,0.0,0.25,0.1875,0.1875
EDUC,1981-11-27,0.0,0.25,0.1875,0.1875
EDUC,1981-11-30,0.0,0.25,0.1875,0.1875
EDUC,1981-12-01,0.0,0.25,0.1875,0.1875
EDUC,1981-12-02,0.1875,0.1875,0.1875,0.1875
EDUC,1981-12-03,0.1875,0.1875,0.1875,0.1875
EDUC,1981-12-04,0.0,0.25,0.1875,0.1875
EDUC,1981-12-07,0.0,0.25,0.1875,0.1875
EDUC,1981-12-08,0.0,0.25,0.1875,0.1875
EDUC,1981-12-09,0.0,0.25,0.1875,0.1875
EDUC,1981-12-10,0.0,0.2188,0.1875,0.1875
EDUC,1981-12-11,0.0,0.2188,0.1875,0.1875
EDUC,1981-12-14,0.0,0.2188,0.1875,0.1875
EDUC,1981-12-15,0.0,0.2188,0.1875,0.1875
EDUC,1981-12-16,0.0,0.2188,0.1875,0.1875
EDUC,1981-12-17,0.0,0.2188,0.1875,0.1875
EDUC,1981-12-18,0.0,0.25,0.1875,0.1875
EDUC,1981-12-21,0.0,0.25,0.1875,0.1875
EDUC,1981-12-22,0.0,0.25,0.1875,0.1875
EDUC,1981-12-23,0.1875,0.1875,0.1875,0.1875
EDUC,1981-12-24,0.0,0.25,0.1875,0.1875
EDUC,1981-12-28,0.0,0.25,0.1875,0.1875
EDUC,1981-12-29,0.0,0.25,0.1875,0.1875
EDUC,1981-12-30,0.0,0.25,0.1875,0.1875
EDUC,1981-12-31,0.1875,0.1875,0.1875,0.1875
EDUC,1982-01-04,0.1875,0.1875,0.1875,0.1875
EDUC,1982-01-05,0.1875,0.1875,0.1875,0.1875
EDUC,1982-01-06,0.1875,0.1875,0.1875,0.1875
EDUC,1982-01-07,0.1875,0.1875,0.1875,0.1875
EDUC,1982-01-08,0.1875,0.1875,0.1875,0.1875
EDUC,1982-01-11,0.0,0.25,0.1875,0.1875
EDUC,1982-01-12,0.1875,0.1875,0.1875,0.1875
EDUC,1982-01-13,0.1875,0.1875,0.1875,0.1875
EDUC,1982-01-14,0.1875,0.1875,0.1875,0.1875
EDUC,1982-01-15,0.1875,0.1875,0.1875,0.1875
EDUC,1982-01-18,0.1875,0.1875,0.1875,0.1875
EDUC,1982-01-19,0.1875,0.1875,0.1875,0.1875
EDUC,1982-01-20,0.1875,0.1875,0.1875,0.1875
EDUC,1982-01-21,0.1875,0.1875,0.1875,0.1875
EDUC,1982-01-22,0.1875,0.1875,0.1875,0.1875
EDUC,1982-01-25,0.0,0.25,0.1875,0.1875
EDUC,1982-01-26,0.0,0.25,0.1875,0.1875
EDUC,1982-01-27,0.1875,0.1875,0.1875,0.1875
EDUC,1982-01-28,0.1875,0.1875,0.1875,0.1875
EDUC,1982-01-29,0.1875,0.1875,0.1875,0.1875
EDUC,1982-02-01,0.1875,0.1875,0.1875,0.1875
EDUC,1982-02-02,0.1875,0.1875,0.1875,0.1875
EDUC,1982-02-03,0.1875,0.1875,0.1875,0.1875
EDUC,1982-02-04,0.1875,0.1875,0.1875,0.1875
EDUC,1982-02-05,0.1875,0.1875,0.1875,0.1875
EDUC,1982-02-08,0.0,0.25,0.1875,0.1875
EDUC,1982-02-09,0.0,0.25,0.1875,0.1875
EDUC,1982-02-10,0.0,0.2188,0.1875,0.1875
EDUC,1982-02-11,0.1875,0.1875,0.1875,0.1875
EDUC,1982-02-12,0.1875,0.1875,0.1875,0.1875
EDUC,1982-02-16,0.0,0.2188,0.1875,0.1875
EDUC,1982-02-17,0.1875,0.1875,0.1875,0.1875
EDUC,1982-02-18,0.1875,0.1875,0.1875,0.1875
EDUC,1982-02-19,0.1875,0.1875,0.1875,0.1875
EDUC,1982-02-22,0.1875,0.1875,0.1875,0.1875
EDUC,1982-02-23,0.1875,0.1875,0.1875,0.1875
EDUC,1982-02-24,0.1875,0.1875,0.1875,0.1875
EDUC,1982-02-25,0.1875,0.1875,0.1875,0.1875
EDUC,1982-02-26,0.1875,0.1875,0.1875,0.1875
EDUC,1982-03-01,0.1875,0.1875,0.1875,0.1875
EDUC,1982-03-02,0.0,0.2188,0.1875,0.1875
EDUC,1982-03-03,0.1875,0.1875,0.1875,0.1875
EDUC,1982-03-04,0.1875,0.1875,0.1875,0.1875
EDUC,1982-03-05,0.1875,0.1875,0.1875,0.1875
EDUC,1982-03-08,0.0,0.2188,0.1562,0.1562
EDUC,1982-03-09,0.1562,0.1562,0.1562,0.1562
EDUC,1982-03-10,0.0,0.2188,0.1562,0.1562
EDUC,1982-03-11,0.1562,0.1562,0.1562,0.1562
EDUC,1982-03-12,0.1562,0.1562,0.1562,0.1562
EDUC,1982-03-15,0.1562,0.1562,0.1562,0.1562
EDUC,1982-03-16,0.1562,0.1562,0.1562,0.1562
EDUC,1982-03-17,0.1562,0.1562,0.1562,0.1562
EDUC,1982-03-18,0.1562,0.1562,0.1562,0.1562
EDUC,1982-03-19,0.1562,0.1562,0.1562,0.1562
EDUC,1982-03-22,0.1562,0.1562,0.1562,0.1562
EDUC,1982-03-23,0.1562,0.1562,0.1562,0.1562
EDUC,1982-03-24,0.1562,0.1562,0.1562,0.1562
EDUC,1982-03-25,0.1562,0.1562,0.1562,0.1562
EDUC,1982-03-26,0.1562,0.1562,0.1562,0.1562
EDUC,1982-03-29,0.1562,0.1562,0.1562,0.1562
EDUC,1982-03-30,0.0,0.2188,0.1562,0.1562
EDUC,1982-03-31,0.1562,0.1562,0.1562,0.1562
EDUC,1982-04-01,0.1562,0.1562,0.1562,0.1562
EDUC,1982-04-02,0.1562,0.1562,0.1562,0.1562
EDUC,1982-04-05,0.1562,0.1562,0.1562,0.1562
EDUC,1982-04-06,0.1562,0.1562,0.1562,0.1562
EDUC,1982-04-07,0.0,0.2188,0.1562,0.1562
EDUC,1982-04-08,0.0,0.2188,0.1562,0.1562
EDUC,1982-04-12,0.1562,0.1562,0.1562,0.1562
EDUC,1982-04-13,0.1562,0.1562,0.1562,0.1562
EDUC,1982-04-14,0.1562,0.1562,0.1562,0.1562
EDUC,1982-04-15,0.1562,0.1562,0.1562,0.1562
EDUC,1982-04-16,0.1562,0.1562,0.1562,0.1562
EDUC,1982-04-19,0.1562,0.1562,0.1562,0.1562
EDUC,1982-04-20,0.1562,0.1562,0.1562,0.1562
EDUC,1982-04-21,0.1562,0.1562,0.1562,0.1562
EDUC,1982-04-22,0.0,0.2188,0.1562,0.1562
EDUC,1982-04-23,0.1562,0.1562,0.1562,0.1562
EDUC,1982-04-26,0.1562,0.1562,0.1562,0.1562
EDUC,1982-04-27,0.1562,0.1562,0.1562,0.1562
EDUC,1982-04-28,0.1562,0.1562,0.1562,0.1562
EDUC,1982-04-29,0.1562,0.1562,0.1562,0.1562
EDUC,1982-04-30,0.0,0.2188,0.1562,0.1562
EDUC,1982-05-03,0.1562,0.1562,0.1562,0.1562
EDUC,1982-05-04,0.1562,0.1562,0.1562,0.1562
EDUC,1982-05-05,0.0,0.2188,0.1562,0.1562
EDUC,1982-05-06,0.0,0.2188,0.1562,0.1562
EDUC,1982-05-07,0.0,0.2188,0.1562,0.1562
EDUC,1982-05-10,0.1562,0.1562,0.1562,0.1562
EDUC,1982-05-11,0.1562,0.1562,0.1562,0.1562
EDUC,1982-05-12,0.0,0.2188,0.1562,0.1562
EDUC,1982-05-13,0.1562,0.1562,0.1562,0.1562
EDUC,1982-05-14,0.1562,0.1562,0.1562,0.1562
EDUC,1982-05-17,0.0,0.2188,0.1562,0.1562
EDUC,1982-05-18,0.1562,0.1562,0.1562,0.1562
EDUC,1982-05-19,0.1562,0.1562,0.1562,0.1562
EDUC,1982-05-20,0.1562,0.1562,0.1562,0.1562
EDUC,1982-05-21,0.1562,0.1562,0.1562,0.1562
EDUC,1982-05-24,0.1562,0.1562,0.1562,0.1562
EDUC,1982-05-25,0.1562,0.1562,0.1562,0.1562
EDUC,1982-05-26,0.1562,0.1562,0.1562,0.1562
EDUC,1982-05-27,0.1562,0.1562,0.1562,0.1562
EDUC,1982-05-28,0.1562,0.1562,0.1562,0.1562
EDUC,1982-06-01,0.1562,0.1562,0.1562,0.1562
EDUC,1982-06-02,0.1562,0.1562,0.1562,0.1562
EDUC,1982-06-03,0.1562,0.1562,0.1562,0.1562
EDUC,1982-06-04,0.0,0.2188,0.1562,0.1562
EDUC,1982-06-07,0.1562,0.1562,0.1562,0.1562
EDUC,1982-06-08,0.1562,0.1562,0.1562,0.1562
EDUC,1982-06-09,0.0,0.2188,0.1562,0.1562
EDUC,1982-06-10,0.0,0.2188,0.1562,0.1562
EDUC,1982-06-11,0.1562,0.1562,0.1562,0.1562
EDUC,1982-06-14,0.0,0.2188,0.1562,0.1562
EDUC,1982-06-15,0.1562,0.1562,0.1562,0.1562
EDUC,1982-06-16,0.1562,0.1562,0.1562,0.1562
EDUC,1982-06-17,0.1562,0.1562,0.1562,0.1562
EDUC,1982-06-18,0.0,0.1875,0.1562,0.1562
EDUC,1982-06-21,0.1562,0.1562,0.1562,0.1562
EDUC,1982-06-22,0.1562,0.1562,0.1562,0.1562
EDUC,1982-06-23,0.1562,0.1562,0.1562,0.1562
EDUC,1982-06-24,0.0,0.1875,0.1562,0.1562
EDUC,1982-06-25,0.0,0.1875,0.1562,0.1562
EDUC,1982-06-28,0.1562,0.1562,0.1562,0.1562
EDUC,1982-06-29,0.1562,0.1562,0.1562,0.1562
EDUC,1982-06-30,0.1562,0.1562,0.1562,0.1562
EDUC,1982-07-01,0.1562,0.1562,0.1562,0.1562
EDUC,1982-07-02,0.1562,0.1562,0.1562,0.1562
EDUC,1982-07-06,0.0,0.1875,0.1562,0.1562
EDUC,1982-07-07,0.1562,0.1562,0.1562,0.1562
EDUC,1982-07-08,0.0,0.1875,0.125,0.125
EDUC,1982-07-09,0.125,0.125,0.125,0.125
EDUC,1982-07-12,0.125,0.125,0.125,0.125
EDUC,1982-07-13,0.0,0.1875,0.125,0.125
EDUC,1982-07-14,0.125,0.125,0.125,0.125
EDUC,1982-07-15,0.125,0.125,0.125,0.125
EDUC,1982-07-16,0.125,0.125,0.125,0.125
EDUC,1982-07-19,0.125,0.125,0.125,0.125
EDUC,1982-07-20,0.0,0.1875,0.125,0.125
EDUC,1982-07-21,0.125,0.125,0.125,0.125
EDUC,1982-07-22,0.125,0.125,0.125,0.125
EDUC,1982-07-23,0.125,0.125,0.125,0.125
EDUC,1982-07-26,0.0,0.1875,0.125,0.125
EDUC,1982-07-27,0.125,0.125,0.125,0.125
EDUC,1982-07-28,0.125,0.125,0.125,0.125
EDUC,1982-07-29,0.125,0.125,0.125,0.125
EDUC,1982-07-30,0.125,0.125,0.125,0.125
EDUC,1982-08-02,0.125,0.125,0.125,0.125
EDUC,1982-08-03,0.0,0.1875,0.125,0.125
EDUC,1982-08-04,0.0,0.1562,0.125,0.125
EDUC,1982-08-05,0.125,0.125,0.125,0.125
EDUC,1982-08-06,0.125,0.125,0.125,0.125
EDUC,1982-08-09,0.125,0.125,0.125,0.125
EDUC,1982-08-10,0.125,0.125,0.125,0.125
EDUC,1982-08-11,0.125,0.125,0.125,0.125
EDUC,1982-08-12,0.0,0.1562,0.125,0.125
EDUC,1982-08-13,0.125,0.125,0.125,0.125
EDUC,1982-08-16,0.125,0.125,0.125,0.125
EDUC,1982-08-17,0.125,0.125,0.125,0.125
EDUC,1982-08-18,0.125,0.125,0.125,0.125
EDUC,1982-08-19,0.125,0.125,0.125,0.125
EDUC,1982-08-20,0.125,0.125,0.125,0.125
EDUC,1982-08-23,0.125,0.125,0.125,0.125
EDUC,1982-08-24,0.125,0.125,0.125,0.125
EDUC,1982-08-25,0.125,0.125,0.125,0.125
EDUC,1982-08-26,0.125,0.125,0.125,0.125
EDUC,1982-08-27,0.125,0.125,0.125,0.125
EDUC,1982-08-30,0.0,0.1562,0.125,0.125
EDUC,1982-08-31,0.125,0.125,0.125,0.125
EDUC,1982-09-01,0.125,0.125,0.125,0.125
EDUC,1982-09-02,0.125,0.125,0.125,0.125
EDUC,1982-09-03,0.125,0.125,0.125,0.125
EDUC,1982-09-07,0.0,0.1562,0.125,0.125
EDUC,1982-09-08,0.125,0.125,0.125,0.125
EDUC,1982-09-09,0.125,0.125,0.125,0.125
EDUC,1982-09-10,0.0,0.1562,0.125,0.125
EDUC,1982-09-13,0.125,0.125,0.125,0.125
EDUC,1982-09-14,0.125,0.125,0.125,0.125
EDUC,1982-09-15,0.125,0.125,0.125,0.125
EDUC,1982-09-16,0.125,0.125,0.125,0.125
EDUC,1982-09-17,0.125,0.125,0.125,0.125
EDUC,1982-09-20,0.125,0.125,0.125,0.125
EDUC,1982-09-21,0.0,0.1875,0.125,0.125
EDUC,1982-09-22,0.125,0.125,0.125,0.125
EDUC,1982-09-23,0.125,0.125,0.125,0.125
EDUC,1982-09-24,0.125,0.125,0.125,0.125
EDUC,1982-09-27,0.0,0.1875,0.125,0.125
EDUC,1982-09-28,0.125,0.125,0.125,0.125
EDUC,1982-09-29,0.125,0.125,0.125,0.125
EDUC,1982-09-30,0.0,0.1875,0.125,0.125
EDUC,1982-10-01,0.125,0.125,0.125,0.125
EDUC,1982-10-04,0.125,0.125,0.125,0.125
EDUC,1982-10-05,0.125,0.125,0.125,0.125
EDUC,1982-10-06,0.0,0.1562,0.125,0.125
EDUC,1982-10-07,0.125,0.125,0.125,0.125
EDUC,1982-10-08,0.125,0.125,0.125,0.125
EDUC,1982-10-11,0.125,0.125,0.125,0.125
EDUC,1982-10-12,0.125,0.125,0.125,0.125
EDUC,1982-10-13,0.0,0.1562,0.125,0.125
EDUC,1982-10-14,0.125,0.125,0.125,0.125
EDUC,1982-10-15,0.125,0.125,0.125,0.125
EDUC,1982-10-18,0.0,0.1562,0.125,0.125
EDUC,1982-10-19,0.125,0.125,0.125,0.125
EDUC,1982-10-20,0.125,0.125,0.125,0.125
EDUC,1982-10-21,0.0,0.1562,0.125,0.125
EDUC,1982-10-22,0.0,0.1875,0.125,0.125
EDUC,1982-10-25,0.0,0.1562,0.125,0.125
EDUC,1982-10-26,0.0,0.1562,0.125,0.125
EDUC,1982-10-27,0.125,0.125,0.125,0.125
EDUC,1982-10-28,0.0,0.1562,0.125,0.125
EDUC,1982-10-29,0.0,0.1562,0.125,0.125
EDUC,1982-11-01,0.0,0.1562,0.125,0.125
EDUC,1982-11-02,0.0,0.1562,0.125,0.125
EDUC,1982-11-03,0.125,0.125,0.125,0.125
EDUC,1982-11-04,0.125,0.125,0.125,0.125
EDUC,1982-11-05,0.125,0.125,0.125,0.125
EDUC,1982-11-08,0.125,0.125,0.125,0.125
EDUC,1982-11-09,0.125,0.125,0.125,0.125
EDUC,1982-11-10,0.0,0.1562,0.1094,0.1094
EDUC,1982-11-11,0.1094,0.1094,0.1094,0.1094
EDUC,1982-11-12,0.1094,0.1094,0.1094,0.1094
EDUC,1982-11-15,0.1094,0.1094,0.1094,0.1094
EDUC,1982-11-16,0.1094,0.1094,0.1094,0.1094
EDUC,1982-11-17,0.1094,0.1094,0.1094,0.1094
EDUC,1982-11-18,0.0,0.1562,0.1094,0.1094
EDUC,1982-11-19,0.1094,0.1094,0.1094,0.1094
EDUC,1982-11-22,0.1094,0.1094,0.1094,0.1094
EDUC,1982-11-23,0.1094,0.1094,0.1094,0.1094
EDUC,1982-11-24,0.1094,0.1094,0.1094,0.1094
EDUC,1982-11-26,0.1094,0.1094,0.1094,0.1094
EDUC,1982-11-29,0.1094,0.1094,0.1094,0.1094
EDUC,1982-11-30,0.1094,0.1094,0.1094,0.1094
EDUC,1982-12-01,0.0,0.1875,0.1094,0.1094
EDUC,1982-12-02,0.0,0.1875,0.1094,0.1094
EDUC,1982-12-03,0.1094,0.1094,0.1094,0.1094
EDUC,1982-12-06,0.1094,0.1094,0.1094,0.1094
EDUC,1982-12-07,0.0,0.1875,0.1094,0.1094
EDUC,1982-12-08,0.0,0.1875,0.1094,0.1094
EDUC,1982-12-09,0.0,0.1875,0.1094,0.1094
EDUC,1982-12-10,0.1094,0.1094,0.1094,0.1094
EDUC,1982-12-13,0.0,0.1875,0.1094,0.1094
EDUC,1982-12-14,0.0,0.1875,0.1094,0.1094
EDUC,1982-12-15,0.0,0.1875,0.1094,0.1094
EDUC,1982-12-16,0.1094,0.1094,0.1094,0.1094
EDUC,1982-12-17,0.0,0.1875,0.1094,0.1094
EDUC,1982-12-20,0.0,0.1875,0.1094,0.1094
EDUC,1982-12-21,0.0,0.1875,0.1094,0.1094
EDUC,1982-12-22,0.0,0.1875,0.1094,0.1094
EDUC,1982-12-23,0.0,0.1875,0.1094,0.1094
EDUC,1982-12-27,0.0,0.1875,0.1094,0.1094
EDUC,1982-12-28,0.1094,0.1094,0.1094,0.1094
EDUC,1982-12-29,0.0,0.1875,0.1094,0.1094
EDUC,1982-12-30,0.0,0.1875,0.1094,0.1094
EDUC,1982-12-31,0.1094,0.1094,0.1094,0.1094
EDUC,1983-01-03,0.1094,0.1094,0.1094,0.1094
EDUC,1983-01-04,0.0,0.2031,0.125,0.125
EDUC,1983-01-05,0.125,0.125,0.125,0.125
EDUC,1983-01-06,0.125,0.125,0.125,0.125
EDUC,1983-01-07,0.125,0.125,0.125,0.125
EDUC,1983-01-10,0.125,0.125,0.125,0.125
EDUC,1983-01-11,0.0,0.2031,0.125,0.125
EDUC,1983-01-12,0.125,0.125,0.125,0.125
EDUC,1983-01-13,0.125,0.125,0.125,0.125
EDUC,1983-01-14,0.0,0.2031,0.125,0.125
EDUC,1983-01-17,0.125,0.125,0.125,0.125
EDUC,1983-01-18,0.125,0.125,0.125,0.125
EDUC,1983-01-19,0.125,0.125,0.125,0.125
EDUC,1983-01-20,0.0,0.2031,0.125,0.125
EDUC,1983-01-21,0.0,0.2031,0.125,0.125
EDUC,1983-01-24,0.125,0.125,0.125,0.125
EDUC,1983-01-25,0.125,0.125,0.125,0.125
EDUC,1983-01-26,0.125,0.125,0.125,0.125
EDUC,1983-01-27,0.125,0.125,0.125,0.125
EDUC,1983-01-28,0.0,0.2031,0.125,0.125
EDUC,1983-01-31,0.125,0.125,0.125,0.125
EDUC,1983-02-01,0.0,0.2031,0.125,0.125
EDUC,1983-02-02,0.125,0.125,0.125,0.125
EDUC,1983-02-03,0.0,0.2031,0.125,0.125
EDUC,1983-02-04,0.125,0.125,0.125,0.125
EDUC,1983-02-07,0.125,0.125,0.125,0.125
EDUC,1983-02-08,0.125,0.125,0.125,0.125
EDUC,1983-02-09,0.125,0.125,0.125,0.125
EDUC,1983-02-10,0.125,0.125,0.125,0.125
EDUC,1983-02-11,0.125,0.125,0.125,0.125
EDUC,1983-02-14,0.0,0.2031,0.125,0.125
EDUC,1983-02-15,0.125,0.125,0.125,0.125
EDUC,1983-02-16,0.0,0.2031,0.125,0.125
EDUC,1983-02-17,0.0,0.2031,0.125,0.125
EDUC,1983-02-18,0.0,0.2031,0.125,0.125
EDUC,1983-02-22,0.125,0.125,0.125,0.125
EDUC,1983-02-23,0.125,0.125,0.125,0.125
EDUC,1983-02-24,0.0,0.2031,0.125,0.125
EDUC,1983-02-25,0.125,0.125,0.125,0.125
EDUC,1983-02-28,0.125,0.125,0.125,0.125
EDUC,1983-03-01,0.125,0.125,0.125,0.125
EDUC,1983-03-02,0.125,0.125,0.125,0.125
EDUC,1983-03-03,0.125,0.125,0.125,0.125
EDUC,1983-03-04,0.125,0.125,0.125,0.125
EDUC,1983-03-07,0.125,0.125,0.125,0.125
EDUC,1983-03-08,0.125,0.125,0.125,0.125
EDUC,1983-03-09,0.125,0.125,0.125,0.125
EDUC,1983-03-10,0.0,0.2031,0.125,0.125
EDUC,1983-03-11,0.125,0.125,0.125,0.125
EDUC,1983-03-14,0.0,0.2031,0.125,0.125
EDUC,1983-03-15,0.0,0.2031,0.125,0.125
EDUC,1983-03-16,0.0,0.2031,0.125,0.125
EDUC,1983-03-17,0.125,0.125,0.125,0.125
EDUC,1983-03-18,0.0,0.2031,0.1406,0.1406
EDUC,1983-03-21,0.0,0.2031,0.1406,0.1406
EDUC,1983-03-22,0.1406,0.1406,0.1406,0.1406
EDUC,1983-03-23,0.1406,0.1406,0.1406,0.1406
EDUC,1983-03-24,0.0,0.2031,0.1562,0.1562
EDUC,1983-03-25,0.1562,0.1562,0.1562,0.1562
EDUC,1983-03-28,0.1562,0.1562,0.1562,0.1562
EDUC,1983-03-29,0.0,0.2031,0.1562,0.1562
EDUC,1983-03-30,0.1562,0.1562,0.1562,0.1562
EDUC,1983-03-31,0.1562,0.1562,0.1562,0.1562
EDUC,1983-04-04,0.0,0.2031,0.1562,0.1562
EDUC,1983-04-05,0.0,0.2031,0.1562,0.1562
EDUC,1983-04-06,0.0,0.2031,0.1562,0.1562
EDUC,1983-04-07,0.0,0.2031,0.1562,0.1562
EDUC,1983-04-08,0.0,0.2031,0.1562,0.1562
EDUC,1983-04-11,0.1562,0.1562,0.1562,0.1562
EDUC,1983-04-12,0.0,0.2031,0.1562,0.1562
EDUC,1983-04-13,0.0,0.2031,0.1406,0.1406
EDUC,1983-04-14,0.1406,0.1406,0.1406,0.1406
EDUC,1983-04-15,0.0,0.2031,0.1406,0.1406
EDUC,1983-04-18,0.0,0.2031,0.125,0.125
EDUC,1983-04-19,0.125,0.125,0.125,0.125
EDUC,1983-04-20,0.125,0.125,0.125,0.125
EDUC,1983-04-21,0.0,0.1875,0.1406,0.1406
EDUC,1983-04-22,0.0,0.1875,0.125,0.125
EDUC,1983-04-25,0.0,0.1875,0.125,0.125
EDUC,1983-04-26,0.0,0.1875,0.125,0.125
EDUC,1983-04-27,0.0,0.1875,0.125,0.125
EDUC,1983-04-28,0.0,0.1875,0.125,0.125
EDUC,1983-04-29,0.125,0.125,0.125,0.125
EDUC,1983-05-02,0.125,0.125,0.125,0.125
EDUC,1983-05-03,0.125,0.125,0.125,0.125
EDUC,1983-05-04,0.0,0.1875,0.125,0.125
EDUC,1983-05-05,0.125,0.125,0.125,0.125
EDUC,1983-05-06,0.0,0.1875,0.125,0.125
EDUC,1983-05-09,0.125,0.125,0.125,0.125
EDUC,1983-05-10,0.0,0.1875,0.125,0.125
EDUC,1983-05-11,0.125,0.125,0.125,0.125
EDUC,1983-05-12,0.0,0.1875,0.125,0.125
EDUC,1983-05-13,0.0,0.1875,0.125,0.125
EDUC,1983-05-16,0.0,0.1875,0.125,0.125
EDUC,1983-05-17,0.0,0.1875,0.125,0.125
EDUC,1983-05-18,0.0,0.1875,0.1406,0.1406
EDUC,1983-05-19,0.1406,0.1406,0.1406,0.1406
EDUC,1983-05-20,0.1406,0.1406,0.1406,0.1406
EDUC,1983-05-23,0.1406,0.1406,0.1406,0.1406
EDUC,1983-05-24,0.0,0.1875,0.1406,0.1406
EDUC,1983-05-25,0.1406,0.1406,0.1406,0.1406
EDUC,1983-05-26,0.0,0.1875,0.1406,0.1406
EDUC,1983-05-27,0.0,0.1875,0.1406,0.1406
EDUC,1983-05-31,0.1406,0.1406,0.1406,0.1406
EDUC,1983-06-01,0.1406,0.1406,0.1406,0.1406
EDUC,1983-06-02,0.0,0.2188,0.1406,0.1406
EDUC,1983-06-03,0.0,0.2188,0.1406,0.1406
EDUC,1983-06-06,0.1406,0.1406,0.1406,0.1406
EDUC,1983-06-07,0.1406,0.1406,0.1406,0.1406
EDUC,1983-06-08,0.1406,0.1406,0.1406,0.1406
EDUC,1983-06-09,0.1406,0.1406,0.1406,0.1406
EDUC,1983-06-10,0.1406,0.1406,0.1406,0.1406
EDUC,1983-06-13,0.0,0.2188,0.1562,0.1562
EDUC,1983-06-14,0.0,0.2188,0.1562,0.1562
EDUC,1983-06-15,0.1562,0.1562,0.1562,0.1562
EDUC,1983-06-16,0.1562,0.1562,0.1562,0.1562
EDUC,1983-06-17,0.0,0.2188,0.1562,0.1562
EDUC,1983-06-20,0.1562,0.1562,0.1562,0.1562
EDUC,1983-06-21,0.1562,0.1562,0.1562,0.1562
EDUC,1983-06-22,0.1562,0.1562,0.1562,0.1562
EDUC,1983-06-23,0.1562,0.1562,0.1562,0.1562
EDUC,1983-06-24,0.1562,0.1562,0.1562,0.1562
EDUC,1983-06-27,0.1562,0.1562,0.1562,0.1562
EDUC,1983-06-28,0.1562,0.1562,0.1562,0.1562
EDUC,1983-06-29,0.1562,0.1562,0.1562,0.1562
EDUC,1983-06-30,0.1562,0.1562,0.1562,0.1562
EDUC,1983-07-01,0.1562,0.1562,0.1562,0.1562
EDUC,1983-07-05,0.1562,0.1562,0.1562,0.1562
EDUC,1983-07-06,0.1562,0.1562,0.1562,0.1562
EDUC,1983-07-07,0.1562,0.1562,0.1562,0.1562
EDUC,1983-07-08,0.1562,0.1562,0.1562,0.1562
EDUC,1983-07-11,0.0,0.2188,0.1562,0.1562
EDUC,1983-07-12,0.1562,0.1562,0.1562,0.1562
EDUC,1983-07-13,0.0,0.2188,0.1562,0.1562
EDUC,1983-07-14,0.1562,0.1562,0.1562,0.1562
EDUC,1983-07-15,0.0,0.2188,0.1562,0.1562
EDUC,1983-07-18,0.0,0.2188,0.1562,0.1562
EDUC,1983-07-19,0.0,0.2188,0.1562,0.1562
EDUC,1983-07-20,0.1562,0.1562,0.1562,0.1562
EDUC,1983-07-21,0.0,0.2188,0.1562,0.1562
EDUC,1983-07-22,0.1562,0.1562,0.1562,0.1562
EDUC,1983-07-25,0.1562,0.1562,0.1562,0.1562
EDUC,1983-07-26,0.0,0.2188,0.1562,0.1562
EDUC,1983-07-27,0.1562,0.1562,0.1562,0.1562
EDUC,1983-07-28,0.1562,0.1562,0.1562,0.1562
EDUC,1983-07-29,0.1562,0.1562,0.1562,0.1562
EDUC,1983-08-01,0.1562,0.1562,0.1562,0.1562
EDUC,1983-08-02,0.1562,0.1562,0.1562,0.1562
EDUC,1983-08-03,0.0,0.1875,0.1562,0.1562
EDUC,1983-08-04,0.0,0.1875,0.1562,0.1562
EDUC,1983-08-05,0.1562,0.1562,0.1562,0.1562
EDUC,1983-08-08,0.1562,0.1562,0.1562,0.1562
EDUC,1983-08-09,0.1562,0.1562,0.1562,0.1562
EDUC,1983-08-10,0.1562,0.1562,0.1562,0.1562
EDUC,1983-08-11,0.1562,0.1562,0.1562,0.1562
EDUC,1983-08-12,0.0,0.1875,0.1562,0.1562
EDUC,1983-08-15,0.1562,0.1562,0.1562,0.1562
EDUC,1983-08-16,0.1562,0.1562,0.1562,0.1562
EDUC,1983-08-17,0.1562,0.1562,0.1562,0.1562
EDUC,1983-08-18,0.1562,0.1562,0.1562,0.1562
EDUC,1983-08-19,0.0,0.1875,0.1562,0.1562
EDUC,1983-08-22,0.1562,0.1562,0.1562,0.1562
EDUC,1983-08-23,0.1562,0.1562,0.1562,0.1562
EDUC,1983-08-24,0.1562,0.1562,0.1562,0.1562
EDUC,1983-08-25,0.1562,0.1562,0.1562,0.1562
EDUC,1983-08-26,0.1562,0.1562,0.1562,0.1562
EDUC,1983-08-29,0.1562,0.1562,0.1562,0.1562
EDUC,1983-08-30,0.0,0.1875,0.1562,0.1562
EDUC,1983-08-31,0.0,0.2031,0.1562,0.1562
EDUC,1983-09-01,0.1562,0.1562,0.1562,0.1562
EDUC,1983-09-02,0.0,0.2031,0.1562,0.1562
EDUC,1983-09-06,0.1562,0.1562,0.1562,0.1562
EDUC,1983-09-07,0.1562,0.1562,0.1562,0.1562
EDUC,1983-09-08,0.1562,0.1562,0.1562,0.1562
EDUC,1983-09-09,0.1562,0.1562,0.1562,0.1562
EDUC,1983-09-12,0.1562,0.1562,0.1562,0.1562
EDUC,1983-09-13,0.1562,0.1562,0.1562,0.1562
EDUC,1983-09-14,0.1562,0.1562,0.1562,0.1562
EDUC,1983-09-15,0.1562,0.1562,0.1562,0.1562
EDUC,1983-09-16,0.1562,0.1562,0.1562,0.1562
EDUC,1983-09-19,0.1562,0.1562,0.1562,0.1562
EDUC,1983-09-20,0.1562,0.1562,0.1562,0.1562
EDUC,1983-09-21,0.1562,0.1562,0.1562,0.1562
EDUC,1983-09-22,0.1562,0.1562,0.1562,0.1562
EDUC,1983-09-23,0.0,0.2031,0.1562,0.1562
EDUC,1983-09-26,0.1562,0.1562,0.1562,0.1562
EDUC,1983-09-27,0.1562,0.1562,0.1562,0.1562
EDUC,1983-09-28,0.0,0.2031,0.1562,0.1562
EDUC,1983-09-29,0.1562,0.1562,0.1562,0.1562
EDUC,1983-09-30,0.1562,0.1562,0.1562,0.1562
EDUC,1983-10-03,0.0,0.2031,0.1562,0.1562
EDUC,1983-10-04,0.1562,0.1562,0.1562,0.1562
EDUC,1983-10-05,0.0,0.1875,0.1562,0.1562
EDUC,1983-10-06,0.1562,0.1562,0.1562,0.1562
EDUC,1983-10-07,0.1562,0.1562,0.1562,0.1562
EDUC,1983-10-10,0.1562,0.1562,0.1562,0.1562
EDUC,1983-10-11,0.0,0.2031,0.1562,0.1562
EDUC,1983-10-12,0.0,0.2031,0.1562,0.1562
EDUC,1983-10-13,0.1562,0.1562,0.1562,0.1562
EDUC,1983-10-14,0.0,0.2031,0.1562,0.1562
EDUC,1983-10-17,0.1562,0.1562,0.1562,0.1562
EDUC,1983-10-18,0.0,0.2031,0.1406,0.1406
EDUC,1983-10-19,0.1406,0.1406,0.1406,0.1406
EDUC,1983-10-20,0.1406,0.1406,0.1406,0.1406
EDUC,1983-10-21,0.1406,0.1406,0.1406,0.1406
EDUC,1983-10-24,0.1406,0.1406,0.1406,0.1406
EDUC,1983-10-25,0.1406,0.1406,0.1406,0.1406
EDUC,1983-10-26,0.1406,0.1406,0.1406,0.1406
EDUC,1983-10-27,0.1406,0.1406,0.1406,0.1406
EDUC,1983-10-28,0.1406,0.1406,0.1406,0.1406
EDUC,1983-10-31,0.1406,0.1406,0.1406,0.1406
EDUC,1983-11-01,0.1406,0.1406,0.1406,0.1406
EDUC,1983-11-02,0.1406,0.1406,0.1406,0.1406
EDUC,1983-11-03,0.1406,0.1406,0.1406,0.1406
EDUC,1983-11-04,0.0,0.1719,0.1406,0.1406
EDUC,1983-11-07,0.1406,0.1406,0.1406,0.1406
EDUC,1983-11-08,0.0,0.1719,0.1406,0.1406
EDUC,1983-11-09,0.1406,0.1406,0.1406,0.1406
EDUC,1983-11-10,0.0,0.1719,0.1406,0.1406
EDUC,1983-11-11,0.0,0.1719,0.1406,0.1406
EDUC,1983-11-14,0.0,0.2188,0.1562,0.1562
EDUC,1983-11-15,0.0,0.2188,0.1875,0.1875
EDUC,1983-11-16,0.0,0.2344,0.1875,0.1875
EDUC,1983-11-17,0.0,0.2344,0.2188,0.2188
EDUC,1983-11-18,0.0,0.2812,0.2188,0.2188
EDUC,1983-11-21,0.0,0.2812,0.2188,0.2188
EDUC,1983-11-22,0.2188,0.2188,0.2188,0.2188
EDUC,1983-11-23,0.0,0.2812,0.2188,0.2188
EDUC,1983-11-25,0.0,0.25,0.2188,0.2188
EDUC,1983-11-28,0.0,0.25,0.2188,0.2188
EDUC,1983-11-29,0.2188,0.2188,0.2188,0.2188
EDUC,1983-11-30,0.2188,0.2188,0.2188,0.2188
EDUC,1983-12-01,0.0,0.2812,0.2188,0.2188
EDUC,1983-12-02,0.2188,0.2188,0.2188,0.2188
EDUC,1983-12-05,0.0,0.2812,0.2188,0.2188
EDUC,1983-12-06,0.0,0.2812,0.2188,0.2188
EDUC,1983-12-07,0.0,0.2812,0.2188,0.2188
EDUC,1983-12-08,0.0,0.2812,0.2188,0.2188
EDUC,1983-12-09,0.0,0.2812,0.2188,0.2188
EDUC,1983-12-12,0.0,0.2812,0.2188,0.2188
EDUC,1983-12-13,0.2188,0.2188,0.2188,0.2188
EDUC,1983-12-14,0.0,0.2812,0.2188,0.2188
EDUC,1983-12-15,0.2188,0.2188,0.2188,0.2188
EDUC,1983-12-16,0.2188,0.2188,0.2188,0.2188
EDUC,1983-12-19,0.0,0.2812,0.1875,0.1875
EDUC,1983-12-20,0.1875,0.1875,0.1875,0.1875
EDUC,1983-12-21,0.1875,0.1875,0.1875,0.1875
EDUC,1983-12-22,0.0,0.2812,0.1875,0.1875
EDUC,1983-12-23,0.1875,0.1875,0.1875,0.1875
EDUC,1983-12-27,0.0,0.2812,0.1875,0.1875
EDUC,1983-12-28,0.0,0.2188,0.1875,0.1875
EDUC,1983-12-29,0.0,0.2188,0.1875,0.1875
EDUC,1983-12-30,0.0,0.2188,0.1875,0.1875
EDUC,1984-01-03,0.1875,0.1875,0.1875,0.1875
EDUC,1984-01-04,0.0,0.2188,0.1875,0.1875
EDUC,1984-01-05,0.1875,0.1875,0.1875,0.1875
EDUC,1984-01-06,0.1875,0.1875,0.1875,0.1875
EDUC,1984-01-09,0.0,0.2188,0.1875,0.1875
EDUC,1984-01-10,0.0,0.2188,0.1875,0.1875
EDUC,1984-01-11,0.0,0.2188,0.1875,0.1875
EDUC,1984-01-12,0.0,0.2188,0.1875,0.1875
EDUC,1984-01-13,0.1875,0.1875,0.1875,0.1875
EDUC,1984-01-16,0.1875,0.1875,0.1875,0.1875
EDUC,1984-01-17,0.1875,0.1875,0.1875,0.1875
EDUC,1984-01-18,0.1875,0.1875,0.1875,0.1875
EDUC,1984-01-19,0.1875,0.1875,0.1875,0.1875
EDUC,1984-01-20,0.1875,0.1875,0.1875,0.1875
EDUC,1984-01-23,0.1875,0.1875,0.1875,0.1875
EDUC,1984-01-24,0.1875,0.1875,0.1875,0.1875
EDUC,1984-01-25,0.0,0.25,0.2188,0.2188
EDUC,1984-01-26,0.0,0.25,0.2188,0.2188
EDUC,1984-01-27,0.2188,0.2188,0.2188,0.2188
EDUC,1984-01-30,0.2188,0.2188,0.2188,0.2188
EDUC,1984-01-31,0.0,0.2812,0.2188,0.2188
EDUC,1984-02-01,0.0,0.2812,0.2188,0.2188
EDUC,1984-02-02,0.2188,0.2188,0.2188,0.2188
EDUC,1984-02-03,0.0,0.2812,0.2188,0.2188
EDUC,1984-02-06,0.2188,0.2188,0.2188,0.2188
EDUC,1984-02-07,0.2188,0.2188,0.2188,0.2188
EDUC,1984-02-08,0.2188,0.2188,0.2188,0.2188
EDUC,1984-02-09,0.2188,0.2188,0.2188,0.2188
EDUC,1984-02-10,0.2188,0.2188,0.2188,0.2188
EDUC,1984-02-13,0.2188,0.2188,0.2188,0.2188
EDUC,1984-02-14,0.0,0.25,0.2188,0.2188
EDUC,1984-02-15,0.2188,0.2188,0.2188,0.2188
EDUC,1984-02-16,0.2188,0.2188,0.2188,0.2188
EDUC,1984-02-17,0.0,0.25,0.2188,0.2188
EDUC,1984-02-21,0.2188,0.2188,0.2188,0.2188
EDUC,1984-02-22,0.0,0.25,0.2188,0.2188
EDUC,1984-02-23,0.2188,0.2188,0.2188,0.2188
EDUC,1984-02-24,0.0,0.25,0.1875,0.1875
EDUC,1984-02-27,0.1875,0.1875,0.1875,0.1875
EDUC,1984-02-28,0.1875,0.1875,0.1875,0.1875
EDUC,1984-02-29,0.1875,0.1875,0.1875,0.1875
EDUC,1984-03-01,0.1875,0.1875,0.1875,0.1875
EDUC,1984-03-02,0.0,0.25,0.1875,0.1875
EDUC,1984-03-05,0.1875,0.1875,0.1875,0.1875
EDUC,1984-03-06,0.1875,0.1875,0.1875,0.1875
EDUC,1984-03-07,0.1875,0.1875,0.1875,0.1875
EDUC,1984-03-08,0.0,0.25,0.1875,0.1875
EDUC,1984-03-09,0.0,0.25,0.1875,0.1875
EDUC,1984-03-12,0.0,0.2188,0.1562,0.1562
EDUC,1984-03-13,0.1562,0.1562,0.1562,0.1562
EDUC,1984-03-14,0.1562,0.1562,0.1562,0.1562
EDUC,1984-03-15,0.1562,0.1562,0.1562,0.1562
EDUC,1984-03-16,0.1562,0.1562,0.1562,0.1562
EDUC,1984-03-19,0.1562,0.1562,0.1562,0.1562
EDUC,1984-03-20,0.1562,0.1562,0.1562,0.1562
EDUC,1984-03-21,0.1562,0.1562,0.1562,0.1562
EDUC,1984-03-22,0.1562,0.1562,0.1562,0.1562
EDUC,1984-03-23,0.0,0.2188,0.1875,0.1875
EDUC,1984-03-26,0.0,0.2188,0.1875,0.1875
EDUC,1984-03-27,0.1875,0.1875,0.1875,0.1875
EDUC,1984-03-28,0.1875,0.1875,0.1875,0.1875
EDUC,1984-03-29,0.0,0.2188,0.1875,0.1875
EDUC,1984-03-30,0.1875,0.1875,0.1875,0.1875
EDUC,1984-04-02,0.0,0.2188,0.1875,0.1875
EDUC,1984-04-03,0.1875,0.1875,0.1875,0.1875
EDUC,1984-04-04,0.1875,0.1875,0.1875,0.1875
EDUC,1984-04-05,0.1875,0.1875,0.1875,0.1875
EDUC,1984-04-06,0.1875,0.1875,0.1875,0.1875
EDUC,1984-04-09,0.1875,0.1875,0.1875,0.1875
EDUC,1984-04-10,0.1875,0.1875,0.1875,0.1875
EDUC,1984-04-11,0.1875,0.1875,0.1875,0.1875
EDUC,1984-04-12,0.1875,0.1875,0.1875,0.1875
EDUC,1984-04-13,0.0,0.2188,0.1562,0.1562
EDUC,1984-04-16,0.1562,0.1562,0.1562,0.1562
EDUC,1984-04-17,0.1562,0.1562,0.1562,0.1562
EDUC,1984-04-18,0.1562,0.1562,0.1562,0.1562
EDUC,1984-04-19,0.1562,0.1562,0.1562,0.1562
EDUC,1984-04-23,0.1562,0.1562,0.1562,0.1562
EDUC,1984-04-24,0.0,0.2188,0.1562,0.1562
EDUC,1984-04-25,0.1562,0.1562,0.1562,0.1562
EDUC,1984-04-26,0.0,0.2188,0.1562,0.1562
EDUC,1984-04-27,0.1562,0.1562,0.1562,0.1562
EDUC,1984-04-30,0.1562,0.1562,0.1562,0.1562
EDUC,1984-05-01,0.1562,0.1562,0.1562,0.1562
EDUC,1984-05-02,0.1562,0.1562,0.1562,0.1562
EDUC,1984-05-03,0.1562,0.1562,0.1562,0.1562
EDUC,1984-05-04,0.1562,0.1562,0.1562,0.1562
EDUC,1984-05-07,0.0,0.2188,0.1562,0.1562
EDUC,1984-05-08,0.1562,0.1562,0.1562,0.1562
EDUC,1984-05-09,0.1562,0.1562,0.1562,0.1562
EDUC,1984-05-10,0.1562,0.1562,0.1562,0.1562
EDUC,1984-05-11,0.1562,0.1562,0.1562,0.1562
EDUC,1984-05-14,0.1562,0.1562,0.1562,0.1562
EDUC,1984-05-15,0.0,0.1875,0.1562,0.1562
EDUC,1984-05-16,0.0,0.1875,0.125,0.125
EDUC,1984-05-17,0.125,0.125,0.125,0.125
EDUC,1984-05-18,0.125,0.125,0.125,0.125
EDUC,1984-05-21,0.125,0.125,0.125,0.125
EDUC,1984-05-22,0.125,0.125,0.125,0.125
EDUC,1984-05-23,0.0,0.1875,0.125,0.125
EDUC,1984-05-24,0.125,0.125,0.125,0.125
EDUC,1984-05-25,0.125,0.125,0.125,0.125
EDUC,1984-05-29,0.125,0.125,0.125,0.125
EDUC,1984-05-30,0.125,0.125,0.125,0.125
EDUC,1984-05-31,0.125,0.125,0.125,0.125
EDUC,1984-06-01,0.0,0.1875,0.125,0.125
EDUC,1984-06-04,0.0,0.1875,0.125,0.125
EDUC,1984-06-05,0.125,0.125,0.125,0.125
EDUC,1984-06-06,0.125,0.125,0.125,0.125
EDUC,1984-06-07,0.125,0.125,0.125,0.125
EDUC,1984-06-08,0.125,0.125,0.125,0.125
EDUC,1984-06-11,0.125,0.125,0.125,0.125
EDUC,1984-06-12,0.125,0.125,0.125,0.125
EDUC,1984-06-13,0.125,0.125,0.125,0.125
EDUC,1984-06-14,0.125,0.125,0.125,0.125
EDUC,1984-06-15,0.125,0.125,0.125,0.125
EDUC,1984-06-18,0.125,0.125,0.125,0.125
EDUC,1984-06-19,0.125,0.125,0.125,0.125
EDUC,1984-06-20,0.0,0.1875,0.125,0.125
EDUC,1984-06-21,0.0,0.1562,0.125,0.125
EDUC,1984-06-22,0.0,0.1875,0.125,0.125
EDUC,1984-06-25,0.125,0.125,0.125,0.125
EDUC,1984-06-26,0.125,0.125,0.125,0.125
EDUC,1984-06-27,0.125,0.125,0.125,0.125
EDUC,1984-06-28,0.125,0.125,0.125,0.125
EDUC,1984-06-29,0.0,0.1875,0.125,0.125
EDUC,1984-07-02,0.125,0.125,0.125,0.125
EDUC,1984-07-03,0.125,0.125,0.125,0.125
EDUC,1984-07-05,0.125,0.125,0.125,0.125
EDUC,1984-07-06,0.0,0.1562,0.0938,0.0938
EDUC,1984-07-09,0.0938,0.0938,0.0938,0.0938
EDUC,1984-07-10,0.0938,0.0938,0.0938,0.0938
EDUC,1984-07-11,0.0,0.1562,0.0938,0.0938
EDUC,1984-07-12,0.0938,0.0938,0.0938,0.0938
EDUC,1984-07-13,0.0,0.1562,0.0938,0.0938
EDUC,1984-07-16,0.0,0.1562,0.0938,0.0938
EDUC,1984-07-17,0.0938,0.0938,0.0938,0.0938
EDUC,1984-07-18,0.0938,0.0938,0.0938,0.0938
EDUC,1984-07-19,0.0938,0.0938,0.0938,0.0938
EDUC,1984-07-20,0.0938,0.0938,0.0938,0.0938
EDUC,1984-07-23,0.0938,0.0938,0.0938,0.0938
EDUC,1984-07-24,0.0938,0.0938,0.0938,0.0938
EDUC,1984-07-25,0.0938,0.0938,0.0938,0.0938
EDUC,1984-07-26,0.0938,0.0938,0.0938,0.0938
EDUC,1984-07-27,0.0938,0.0938,0.0938,0.0938
EDUC,1984-07-30,0.0,0.1562,0.0938,0.0938
EDUC,1984-07-31,0.0938,0.0938,0.0938,0.0938
EDUC,1984-08-01,0.0,0.1562,0.0938,0.0938
EDUC,1984-08-02,0.0938,0.0938,0.0938,0.0938
EDUC,1984-08-03,0.0,0.1562,0.0938,0.0938
EDUC,1984-08-06,0.0938,0.0938,0.0938,0.0938
EDUC,1984-08-07,0.0938,0.0938,0.0938,0.0938
EDUC,1984-08-08,0.0938,0.0938,0.0938,0.0938
EDUC,1984-08-09,0.0938,0.0938,0.0938,0.0938
EDUC,1984-08-10,0.0938,0.0938,0.0938,0.0938
EDUC,1984-08-13,0.0938,0.0938,0.0938,0.0938
EDUC,1984-08-14,0.0938,0.0938,0.0938,0.0938
EDUC,1984-08-15,0.0938,0.0938,0.0938,0.0938
EDUC,1984-08-16,0.0938,0.0938,0.0938,0.0938
EDUC,1984-08-17,0.0938,0.0938,0.0938,0.0938
EDUC,1984-08-20,0.0,0.1562,0.0938,0.0938
EDUC,1984-08-21,0.0938,0.0938,0.0938,0.0938
EDUC,1984-08-22,0.0,0.1875,0.0938,0.0938
EDUC,1984-08-23,0.0938,0.0938,0.0938,0.0938
EDUC,1984-08-24,0.0938,0.0938,0.0938,0.0938
EDUC,1984-08-27,0.0938,0.0938,0.0938,0.0938
EDUC,1984-08-28,0.0938,0.0938,0.0938,0.0938
EDUC,1984-08-29,0.0938,0.0938,0.0938,0.0938
EDUC,1984-08-30,0.0938,0.0938,0.0938,0.0938
EDUC,1984-08-31,0.0938,0.0938,0.0938,0.0938
EDUC,1984-09-04,0.0,0.125,0.0938,0.0938
EDUC,1984-09-05,0.0,0.125,0.0781,0.0781
EDUC,1984-09-06,0.0,0.125,0.0781,0.0781
EDUC,1984-09-07,0.0,0.125,0.0781,0.0781
EDUC,1984-09-10,0.0781,0.0781,0.0781,0.0781
EDUC,1984-09-11,0.0781,0.0781,0.0781,0.0781
EDUC,1984-09-12,0.0781,0.0781,0.0781,0.0781
EDUC,1984-09-13,0.0781,0.0781,0.0781,0.0781
EDUC,1984-09-14,0.0781,0.0781,0.0781,0.0781
EDUC,1984-09-17,0.0781,0.0781,0.0781,0.0781
EDUC,1984-09-18,0.0781,0.0781,0.0781,0.0781
EDUC,1984-09-19,0.0,0.125,0.0859,0.0859
EDUC,1984-09-20,0.0,0.1172,0.0781,0.0781
EDUC,1984-09-21,0.0781,0.0781,0.0781,0.0781
EDUC,1984-09-24,0.0781,0.0781,0.0781,0.0781
EDUC,1984-09-25,0.0781,0.0781,0.0781,0.0781
EDUC,1984-09-26,0.0781,0.0781,0.0781,0.0781
EDUC,1984-09-27,0.0,0.1406,0.0781,0.0781
EDUC,1984-09-28,0.0,0.1406,0.0781,0.0781
EDUC,1984-10-01,0.0,0.1406,0.0781,0.0781
EDUC,1984-10-02,0.0781,0.0781,0.0781,0.0781
EDUC,1984-10-03,0.0,0.1406,0.0859,0.0859
EDUC,1984-10-04,0.0859,0.0859,0.0859,0.0859
EDUC,1984-10-05,0.0859,0.0859,0.0859,0.0859
EDUC,1984-10-08,0.0859,0.0859,0.0859,0.0859
EDUC,1984-10-09,0.0859,0.0859,0.0859,0.0859
EDUC,1984-10-10,0.0859,0.0859,0.0859,0.0859
EDUC,1984-10-11,0.0859,0.0859,0.0859,0.0859
EDUC,1984-10-12,0.0,0.1562,0.0781,0.0781
EDUC,1984-10-15,0.0781,0.0781,0.0781,0.0781
EDUC,1984-10-16,0.0781,0.0781,0.0781,0.0781
EDUC,1984-10-17,0.0781,0.0781,0.0781,0.0781
EDUC,1984-10-18,0.0781,0.0781,0.0781,0.0781
EDUC,1984-10-19,0.0781,0.0781,0.0781,0.0781
EDUC,1984-10-22,0.0781,0.0781,0.0781,0.0781
EDUC,1984-10-23,0.0781,0.0781,0.0781,0.0781
EDUC,1984-10-24,0.0781,0.0781,0.0781,0.0781
EDUC,1984-10-25,0.0781,0.0781,0.0781,0.0781
EDUC,1984-10-26,0.0781,0.0781,0.0781,0.0781
EDUC,1984-10-29,0.0781,0.0781,0.0781,0.0781
EDUC,1984-10-30,0.0781,0.0781,0.0781,0.0781
EDUC,1984-10-31,0.0,0.1172,0.0781,0.0781
EDUC,1984-11-01,0.0781,0.0781,0.0781,0.0781
EDUC,1984-11-02,0.0781,0.0781,0.0781,0.0781
EDUC,1984-11-05,0.0,0.1172,0.0781,0.0781
EDUC,1984-11-06,0.0,0.1172,0.0781,0.0781
EDUC,1984-11-07,0.0781,0.0781,0.0781,0.0781
EDUC,1984-11-08,0.0781,0.0781,0.0781,0.0781
EDUC,1984-11-09,0.0,0.1172,0.0781,0.0781
EDUC,1984-11-12,0.0781,0.0781,0.0781,0.0781
EDUC,1984-11-13,0.0781,0.0781,0.0781,0.0781
EDUC,1984-11-14,0.0781,0.0781,0.0781,0.0781
EDUC,1984-11-15,0.0781,0.0781,0.0781,0.0781
EDUC,1984-11-16,0.0,0.1016,0.0781,0.0781
EDUC,1984-11-19,0.0,0.1016,0.0781,0.0781
EDUC,1984-11-20,0.0781,0.0781,0.0781,0.0781
EDUC,1984-11-21,0.0781,0.0781,0.0781,0.0781
EDUC,1984-11-23,0.0781,0.0781,0.0781,0.0781
EDUC,1984-11-26,0.0781,0.0781,0.0781,0.0781
EDUC,1984-11-27,0.0781,0.0781,0.0781,0.0781
EDUC,1984-11-28,0.0,0.1172,0.0781,0.0781
EDUC,1984-11-29,0.0781,0.0781,0.0781,0.0781
EDUC,1984-11-30,0.0781,0.0781,0.0781,0.0781
EDUC,1984-12-03,0.0,0.1172,0.0781,0.0781
EDUC,1984-12-04,0.0781,0.0781,0.0781,0.0781
EDUC,1984-12-05,0.0,0.1172,0.0781,0.0781
EDUC,1984-12-06,0.0781,0.0781,0.0781,0.0781
EDUC,1984-12-07,0.0781,0.0781,0.0781,0.0781
EDUC,1984-12-10,0.0,0.0938,0.0781,0.0781
EDUC,1984-12-11,0.0781,0.0781,0.0781,0.0781
EDUC,1984-12-12,0.0,0.0938,0.0781,0.0781
EDUC,1984-12-13,0.0,0.0938,0.0781,0.0781
EDUC,1984-12-14,0.0781,0.0781,0.0781,0.0781
EDUC,1984-12-17,0.0,0.0938,0.0781,0.0781
EDUC,1984-12-18,0.0,0.0938,0.0781,0.0781
EDUC,1984-12-19,0.0781,0.0781,0.0781,0.0781
EDUC,1984-12-20,0.0,0.0938,0.0781,0.0781
EDUC,1984-12-21,0.0,0.0938,0.0781,0.0781
EDUC,1984-12-24,0.0781,0.0781,0.0781,0.0781
EDUC,1984-12-26,0.0781,0.0781,0.0781,0.0781
EDUC,1984-12-27,0.0,0.0938,0.0781,0.0781
EDUC,1984-12-28,0.0781,0.0781,0.0781,0.0781
EDUC,1984-12-31,0.0,0.0938,0.0781,0.0781
EDUC,1985-01-02,0.0781,0.0781,0.0781,0.0781
EDUC,1985-01-03,0.0781,0.0781,0.0781,0.0781
EDUC,1985-01-04,0.0781,0.0781,0.0781,0.0781
EDUC,1985-01-07,0.0,0.0938,0.0781,0.0781
EDUC,1985-01-08,0.0,0.1562,0.0781,0.0781
EDUC,1985-01-09,0.0781,0.0781,0.0781,0.0781
EDUC,1985-01-10,0.0781,0.0781,0.0781,0.0781
EDUC,1985-01-11,0.0781,0.0781,0.0781,0.0781
EDUC,1985-01-14,0.0781,0.0781,0.0781,0.0781
EDUC,1985-01-15,0.0,0.1562,0.0938,0.0938
EDUC,1985-01-16,0.0,0.1875,0.1094,0.1094
EDUC,1985-01-17,0.1094,0.1094,0.1094,0.1094
EDUC,1985-01-18,0.0,0.1875,0.1406,0.1406
EDUC,1985-01-21,0.0,0.2031,0.1406,0.1406
EDUC,1985-01-22,0.0,0.1875,0.1406,0.1406
EDUC,1985-01-23,0.0,0.1875,0.1562,0.1562
EDUC,1985-01-24,0.0,0.1719,0.1562,0.1562
EDUC,1985-01-25,0.0,0.1719,0.1562,0.1562
EDUC,1985-01-28,0.0,0.1875,0.1406,0.1406
EDUC,1985-01-29,0.1406,0.1406,0.1406,0.1406
EDUC,1985-01-30,0.0,0.1875,0.1406,0.1406
EDUC,1985-01-31,0.1406,0.1406,0.1406,0.1406
EDUC,1985-02-01,0.0,0.1875,0.1406,0.1406
EDUC,1985-02-04,0.1406,0.1406,0.1406,0.1406
EDUC,1985-02-05,0.1406,0.1406,0.1406,0.1406
EDUC,1985-02-06,0.1406,0.1406,0.1406,0.1406
EDUC,1985-02-07,0.1406,0.1406,0.1406,0.1406
EDUC,1985-02-08,0.1406,0.1406,0.1406,0.1406
EDUC,1985-02-11,0.1406,0.1406,0.1406,0.1406
EDUC,1985-02-12,0.1406,0.1406,0.1406,0.1406
EDUC,1985-02-13,0.1406,0.1406,0.1406,0.1406
EDUC,1985-02-14,0.0,0.1875,0.125,0.125
EDUC,1985-02-15,0.125,0.125,0.125,0.125
EDUC,1985-02-19,0.125,0.125,0.125,0.125
EDUC,1985-02-20,0.125,0.125,0.125,0.125
EDUC,1985-02-21,0.125,0.125,0.125,0.125
EDUC,1985-02-22,0.0,0.1875,0.1094,0.1094
EDUC,1985-02-25,0.1094,0.1094,0.1094,0.1094
EDUC,1985-02-26,0.1094,0.1094,0.1094,0.1094
EDUC,1985-02-27,0.0,0.1719,0.1094,0.1094
EDUC,1985-02-28,0.1094,0.1094,0.1094,0.1094
EDUC,1985-03-01,0.0,0.1719,0.1094,0.1094
EDUC,1985-03-04,0.1094,0.1094,0.1094,0.1094
EDUC,1985-03-05,0.0,0.1719,0.1094,0.1094
EDUC,1985-03-06,0.1094,0.1094,0.1094,0.1094
EDUC,1985-03-07,0.1094,0.1094,0.1094,0.1094
EDUC,1985-03-08,0.1094,0.1094,0.1094,0.1094
EDUC,1985-03-11,0.1094,0.1094,0.1094,0.1094
EDUC,1985-03-12,0.0,0.1719,0.1094,0.1094
EDUC,1985-03-13,0.1094,0.1094,0.1094,0.1094
EDUC,1985-03-14,0.1094,0.1094,0.1094,0.1094
EDUC,1985-03-15,0.1094,0.1094,0.1094,0.1094
EDUC,1985-03-18,0.1094,0.1094,0.1094,0.1094
EDUC,1985-03-19,0.1094,0.1094,0.1094,0.1094
EDUC,1985-03-20,0.1094,0.1094,0.1094,0.1094
EDUC,1985-03-21,0.0,0.1719,0.1094,0.1094
EDUC,1985-03-22,0.1094,0.1094,0.1094,0.1094
EDUC,1985-03-25,0.1094,0.1094,0.1094,0.1094
EDUC,1985-03-26,0.1094,0.1094,0.1094,0.1094
EDUC,1985-03-27,0.0,0.1562,0.1094,0.1094
EDUC,1985-03-28,0.1094,0.1094,0.1094,0.1094
EDUC,1985-03-29,0.0,0.1562,0.1094,0.1094
EDUC,1985-04-01,0.1094,0.1094,0.1094,0.1094
EDUC,1985-04-02,0.1094,0.1094,0.1094,0.1094
EDUC,1985-04-03,0.1094,0.1094,0.1094,0.1094
EDUC,1985-04-04,0.0,0.1562,0.1094,0.1094
EDUC,1985-04-08,0.1094,0.1094,0.1094,0.1094
EDUC,1985-04-09,0.0,0.1562,0.1094,0.1094
EDUC,1985-04-10,0.1094,0.1094,0.1094,0.1094
EDUC,1985-04-11,0.1094,0.1094,0.1094,0.1094
EDUC,1985-04-12,0.1094,0.1094,0.1094,0.1094
EDUC,1985-04-15,0.1094,0.1094,0.1094,0.1094
EDUC,1985-04-16,0.1094,0.1094,0.1094,0.1094
EDUC,1985-04-17,0.1094,0.1094,0.1094,0.1094
EDUC,1985-04-18,0.0,0.1562,0.1094,0.1094
EDUC,1985-04-19,0.1094,0.1094,0.1094,0.1094
EDUC,1985-04-22,0.1094,0.1094,0.1094,0.1094
EDUC,1985-04-23,0.1094,0.1094,0.1094,0.1094
EDUC,1985-04-24,0.1094,0.1094,0.1094,0.1094
EDUC,1985-04-25,0.1094,0.1094,0.1094,0.1094
EDUC,1985-04-26,0.1094,0.1094,0.1094,0.1094
EDUC,1985-04-29,0.1094,0.1094,0.1094,0.1094
EDUC,1985-04-30,0.0,0.1562,0.0938,0.0938
EDUC,1985-05-01,0.0,0.1562,0.0938,0.0938
EDUC,1985-05-02,0.0,0.1562,0.0938,0.0938
EDUC,1985-05-03,0.0938,0.0938,0.0938,0.0938
EDUC,1985-05-06,0.0938,0.0938,0.0938,0.0938
EDUC,1985-05-07,0.0938,0.0938,0.0938,0.0938
EDUC,1985-05-08,0.0,0.1562,0.0938,0.0938
EDUC,1985-05-09,0.0938,0.0938,0.0938,0.0938
EDUC,1985-05-10,0.0,0.1562,0.0938,0.0938
EDUC,1985-05-13,0.0,0.1562,0.0938,0.0938
EDUC,1985-05-14,0.0938,0.0938,0.0938,0.0938
EDUC,1985-05-15,0.0938,0.0938,0.0938,0.0938
EDUC,1985-05-16,0.0938,0.0938,0.0938,0.0938
EDUC,1985-05-17,0.0938,0.0938,0.0938,0.0938
EDUC,1985-05-20,0.0938,0.0938,0.0938,0.0938
EDUC,1985-05-21,0.0,0.1562,0.0938,0.0938
EDUC,1985-05-22,0.0938,0.0938,0.0938,0.0938
EDUC,1985-05-23,0.0,0.1562,0.0938,0.0938
EDUC,1985-05-24,0.0938,0.0938,0.0938,0.0938
EDUC,1985-05-28,0.0938,0.0938,0.0938,0.0938
EDUC,1985-05-29,0.0938,0.0938,0.0938,0.0938
EDUC,1985-05-30,0.0938,0.0938,0.0938,0.0938
EDUC,1985-05-31,0.0938,0.0938,0.0938,0.0938
EDUC,1985-06-03,0.0938,0.0938,0.0938,0.0938
EDUC,1985-06-04,0.0938,0.0938,0.0938,0.0938
EDUC,1985-06-05,0.0938,0.0938,0.0938,0.0938
EDUC,1985-06-06,0.0938,0.0938,0.0938,0.0938
EDUC,1985-06-07,0.0938,0.0938,0.0938,0.0938
EDUC,1985-06-10,0.0,0.1562,0.0938,0.0938
EDUC,1985-06-11,0.0938,0.0938,0.0938,0.0938
EDUC,1985-06-12,0.0,0.1562,0.0938,0.0938
EDUC,1985-06-13,0.0938,0.0938,0.0938,0.0938
EDUC,1985-06-14,0.0938,0.0938,0.0938,0.0938
EDUC,1985-06-17,0.0,0.1562,0.0938,0.0938
EDUC,1985-06-18,0.0938,0.0938,0.0938,0.0938
EDUC,1985-06-19,0.0938,0.0938,0.0938,0.0938
EDUC,1985-06-20,0.0938,0.0938,0.0938,0.0938
EDUC,1985-06-21,0.0938,0.0938,0.0938,0.0938
EDUC,1985-06-24,0.0938,0.0938,0.0938,0.0938
EDUC,1985-06-25,0.0938,0.0938,0.0938,0.0938
EDUC,1985-06-26,0.0938,0.0938,0.0938,0.0938
EDUC,1985-06-27,0.0938,0.0938,0.0938,0.0938
EDUC,1985-06-28,0.0938,0.0938,0.0938,0.0938
EDUC,1985-07-01,0.0938,0.0938,0.0938,0.0938
EDUC,1985-07-02,0.0,0.1875,0.125,0.125
EDUC,1985-07-03,0.0,0.1875,0.125,0.125
EDUC,1985-07-05,0.0,0.2188,0.1562,0.1562
EDUC,1985-07-08,0.0,0.2188,0.1562,0.1562
EDUC,1985-07-09,0.0,0.2031,0.1562,0.1562
EDUC,1985-07-10,0.1562,0.1562,0.1562,0.1562
EDUC,1985-07-11,0.0,0.2031,0.1562,0.1562
EDUC,1985-07-12,0.1562,0.1562,0.1562,0.1562
EDUC,1985-07-15,0.1562,0.1562,0.1562,0.1562
EDUC,1985-07-16,0.1562,0.1562,0.1562,0.1562
EDUC,1985-07-17,0.1562,0.1562,0.1562,0.1562
EDUC,1985-07-18,0.0,0.2188,0.1875,0.1875
EDUC,1985-07-19,0.1875,0.1875,0.1875,0.1875
EDUC,1985-07-22,0.0,0.2188,0.1719,0.1719
EDUC,1985-07-23,0.0,0.2031,0.1719,0.1719
EDUC,1985-07-24,0.1719,0.1719,0.1719,0.1719
EDUC,1985-07-25,0.0,0.2188,0.1719,0.1719
EDUC,1985-07-26,0.0,0.2188,0.1875,0.1875
EDUC,1985-07-29,0.0,0.2344,0.1875,0.1875
EDUC,1985-07-30,0.0,0.2656,0.2188,0.2188
EDUC,1985-07-31,0.0,0.2656,0.2188,0.2188
EDUC,1985-08-01,0.2188,0.2188,0.2188,0.2188
EDUC,1985-08-02,0.0,0.2656,0.2188,0.2188
EDUC,1985-08-05,0.2188,0.2188,0.2188,0.2188
EDUC,1985-08-06,0.2188,0.2188,0.2188,0.2188
EDUC,1985-08-07,0.0,0.2656,0.2188,0.2188
EDUC,1985-08-08,0.2188,0.2188,0.2188,0.2188
EDUC,1985-08-09,0.0,0.2656,0.2188,0.2188
EDUC,1985-08-12,0.0,0.2656,0.2344,0.2344
EDUC,1985-08-13,0.0,0.2656,0.2344,0.2344
EDUC,1985-08-14,0.0,0.2656,0.2188,0.2188
EDUC,1985-08-15,0.2188,0.2188,0.2188,0.2188
EDUC,1985-08-16,0.0,0.2656,0.2188,0.2188
EDUC,1985-08-19,0.0,0.25,0.2188,0.2188
EDUC,1985-08-20,0.0,0.25,0.2188,0.2188
EDUC,1985-08-21,0.0,0.25,0.2188,0.2188
EDUC,1985-08-22,0.0,0.2656,0.2188,0.2188
EDUC,1985-08-23,0.2188,0.2188,0.2188,0.2188
EDUC,1985-08-26,0.0,0.2656,0.2188,0.2188
EDUC,1985-08-27,0.0,0.2656,0.2188,0.2188
EDUC,1985-08-28,0.2188,0.2188,0.2188,0.2188
EDUC,1985-08-29,0.0,0.2656,0.2188,0.2188
EDUC,1985-08-30,0.2188,0.2188,0.2188,0.2188
EDUC,1985-09-03,0.0,0.2656,0.2188,0.2188
EDUC,1985-09-04,0.2188,0.2188,0.2188,0.2188
EDUC,1985-09-05,0.0,0.2656,0.2188,0.2188
EDUC,1985-09-06,0.2188,0.2188,0.2188,0.2188
EDUC,1985-09-09,0.0,0.2656,0.2344,0.2344
EDUC,1985-09-10,0.0,0.2812,0.25,0.25
EDUC,1985-09-11,0.0,0.2812,0.25,0.25
EDUC,1985-09-12,0.25,0.25,0.25,0.25
EDUC,1985-09-13,0.25,0.25,0.25,0.25
EDUC,1985-09-16,0.0,0.2812,0.25,0.25
EDUC,1985-09-17,0.0,0.2812,0.25,0.25
EDUC,1985-09-18,0.0,0.2812,0.25,0.25
EDUC,1985-09-19,0.0,0.2812,0.25,0.25
EDUC,1985-09-20,0.25,0.25,0.25,0.25
EDUC,1985-09-23,0.0,0.2812,0.25,0.25
EDUC,1985-09-24,0.25,0.25,0.25,0.25
EDUC,1985-09-25,0.25,0.25,0.25,0.25
EDUC,1985-09-26,0.0,0.2812,0.2344,0.2344
EDUC,1985-09-30,0.2344,0.2344,0.2344,0.2344
EDUC,1985-10-01,0.2344,0.2344,0.2344,0.2344
EDUC,1985-10-02,0.2344,0.2344,0.2344,0.2344
EDUC,1985-10-03,0.2344,0.2344,0.2344,0.2344
EDUC,1985-10-04,0.0,0.2812,0.2344,0.2344
EDUC,1985-10-07,0.0,0.2656,0.2188,0.2188
EDUC,1985-10-08,0.0,0.25,0.2031,0.2031
EDUC,1985-10-09,0.2031,0.2031,0.2031,0.2031
EDUC,1985-10-10,0.0,0.25,0.2188,0.2188
EDUC,1985-10-11,0.0,0.25,0.2188,0.2188
EDUC,1985-10-14,0.0,0.2656,0.2188,0.2188
EDUC,1985-10-15,0.0,0.25,0.2188,0.2188
EDUC,1985-10-16,0.2188,0.2188,0.2188,0.2188
EDUC,1985-10-17,0.2188,0.2188,0.2188,0.2188
EDUC,1985-10-18,0.2188,0.2188,0.2188,0.2188
EDUC,1985-10-21,0.0,0.25,0.2188,0.2188
EDUC,1985-10-22,0.0,0.25,0.2188,0.2188
EDUC,1985-10-23,0.2188,0.2188,0.2188,0.2188
EDUC,1985-10-24,0.2188,0.2188,0.2188,0.2188
EDUC,1985-10-25,0.2188,0.2188,0.2188,0.2188
EDUC,1985-10-28,0.2188,0.2188,0.2188,0.2188
EDUC,1985-10-29,0.2188,0.2188,0.2188,0.2188
EDUC,1985-10-30,0.2188,0.2188,0.2188,0.2188
EDUC,1985-10-31,0.2188,0.2188,0.2188,0.2188
EDUC,1985-11-01,0.2188,0.2188,0.2188,0.2188
EDUC,1985-11-04,0.2188,0.2188,0.2188,0.2188
EDUC,1985-11-05,0.0,0.25,0.2188,0.2188
EDUC,1985-11-06,0.0,0.25,0.2188,0.2188
EDUC,1985-11-07,0.2188,0.2188,0.2188,0.2188
EDUC,1985-11-08,0.2188,0.2188,0.2188,0.2188
EDUC,1985-11-11,0.0,0.25,0.2188,0.2188
EDUC,1985-11-12,0.0,0.25,0.2188,0.2188
EDUC,1985-11-13,0.0,0.25,0.2188,0.2188
EDUC,1985-11-14,0.0,0.25,0.2188,0.2188
EDUC,1985-11-15,0.2188,0.2188,0.2188,0.2188
EDUC,1985-11-18,0.2188,0.2188,0.2188,0.2188
EDUC,1985-11-19,0.0,0.25,0.2188,0.2188
EDUC,1985-11-20,0.2188,0.2188,0.2188,0.2188
EDUC,1985-11-21,0.0,0.25,0.2188,0.2188
EDUC,1985-11-22,0.2188,0.2188,0.2188,0.2188
EDUC,1985-11-25,0.2188,0.2188,0.2188,0.2188
EDUC,1985-11-26,0.0,0.25,0.2188,0.2188
EDUC,1985-11-27,0.0,0.2344,0.2188,0.2188
EDUC,1985-11-29,0.0,0.2344,0.2188,0.2188
EDUC,1985-12-02,0.0,0.2344,0.2031,0.2031
EDUC,1985-12-03,0.2031,0.2031,0.2031,0.2031
EDUC,1985-12-04,0.2031,0.2031,0.2031,0.2031
EDUC,1985-12-05,0.2031,0.2031,0.2031,0.2031
EDUC,1985-12-06,0.2031,0.2031,0.2031,0.2031
EDUC,1985-12-09,0.0,0.2188,0.1875,0.1875
EDUC,1985-12-10,0.0,0.2188,0.1875,0.1875
EDUC,1985-12-11,0.0,0.2188,0.1875,0.1875
EDUC,1985-12-12,0.1875,0.1875,0.1875,0.1875
EDUC,1985-12-13,0.1875,0.1875,0.1875,0.1875
EDUC,1985-12-16,0.0,0.2188,0.1875,0.1875
EDUC,1985-12-17,0.0,0.2188,0.1719,0.1719
EDUC,1985-12-18,0.0,0.2188,0.1719,0.1719
EDUC,1985-12-19,0.0,0.2188,0.1719,0.1719
EDUC,1985-12-20,0.1719,0.1719,0.1719,0.1719
EDUC,1985-12-23,0.0,0.2188,0.1875,0.1875
EDUC,1985-12-24,0.0,0.2188,0.1719,0.1719
EDUC,1985-12-26,0.1719,0.1719,0.1719,0.1719
EDUC,1985-12-27,0.0,0.2188,0.1719,0.1719
EDUC,1985-12-30,0.0,0.2188,0.1719,0.1719
EDUC,1985-12-31,0.0,0.2188,0.1719,0.1719
EDUC,1986-01-02,0.1719,0.1719,0.1719,0.1719
EDUC,1986-01-03,0.1719,0.1719,0.1719,0.1719
EDUC,1986-01-06,0.0,0.2188,0.1719,0.1719
EDUC,1986-01-07,0.1719,0.1719,0.1719,0.1719
EDUC,1986-01-08,0.1719,0.1719,0.1719,0.1719
EDUC,1986-01-09,0.1719,0.1719,0.1719,0.1719
EDUC,1986-01-10,0.1719,0.1719,0.1719,0.1719
EDUC,1986-01-13,0.1719,0.1719,0.1719,0.1719
EDUC,1986-01-14,0.1719,0.1719,0.1719,0.1719
EDUC,1986-01-15,0.1719,0.1719,0.1719,0.1719
EDUC,1986-01-16,0.1719,0.1719,0.1719,0.1719
EDUC,1986-01-17,0.1719,0.1719,0.1719,0.1719
EDUC,1986-01-20,0.1719,0.1719,0.1719,0.1719
EDUC,1986-01-21,0.1719,0.1719,0.1719,0.1719
EDUC,1986-01-22,0.1719,0.1719,0.1719,0.1719
EDUC,1986-01-23,0.1719,0.1719,0.1719,0.1719
EDUC,1986-01-24,0.1719,0.1719,0.1719,0.1719
EDUC,1986-01-27,0.0,0.1875,0.125,0.125
EDUC,1986-01-28,0.0,0.1875,0.125,0.125
EDUC,1986-01-29,0.125,0.125,0.125,0.125
EDUC,1986-01-30,0.125,0.125,0.125,0.125
EDUC,1986-01-31,0.125,0.125,0.125,0.125
EDUC,1986-02-03,0.125,0.125,0.125,0.125
EDUC,1986-02-04,0.0,0.1875,0.125,0.125
EDUC,1986-02-05,0.125,0.125,0.125,0.125
EDUC,1986-02-06,0.0,0.1875,0.125,0.125
EDUC,1986-02-07,0.125,0.125,0.125,0.125
EDUC,1986-02-10,0.125,0.125,0.125,0.125
EDUC,1986-02-11,0.125,0.125,0.125,0.125
EDUC,1986-02-12,0.125,0.125,0.125,0.125
EDUC,1986-02-13,0.125,0.125,0.125,0.125
EDUC,1986-02-14,0.125,0.125,0.125,0.125
EDUC,1986-02-18,0.125,0.125,0.125,0.125
EDUC,1986-02-19,0.125,0.125,0.125,0.125
EDUC,1986-02-20,0.125,0.125,0.125,0.125
EDUC,1986-02-21,0.0,0.1875,0.125,0.125
EDUC,1986-02-24,0.125,0.125,0.125,0.125
EDUC,1986-02-25,0.125,0.125,0.125,0.125
EDUC,1986-02-26,0.125,0.125,0.125,0.125
EDUC,1986-02-27,0.125,0.125,0.125,0.125
EDUC,1986-02-28,0.125,0.125,0.125,0.125
EDUC,1986-03-03,0.0,0.1875,0.125,0.125
EDUC,1986-03-04,0.0,0.1875,0.125,0.125
EDUC,1986-03-05,0.125,0.125,0.125,0.125
EDUC,1986-03-06,0.125,0.125,0.125,0.125
EDUC,1986-03-07,0.0,0.1875,0.1406,0.1406
EDUC,1986-03-10,0.1406,0.1406,0.1406,0.1406
EDUC,1986-03-11,0.1406,0.1406,0.1406,0.1406
EDUC,1986-03-12,0.1406,0.1406,0.1406,0.1406
EDUC,1986-03-13,0.0,0.1875,0.1406,0.1406
EDUC,1986-03-14,0.0,0.1875,0.1406,0.1406
EDUC,1986-03-17,0.1406,0.1406,0.1406,0.1406
EDUC,1986-03-18,0.1406,0.1406,0.1406,0.1406
EDUC,1986-03-19,0.1406,0.1406,0.1406,0.1406
EDUC,1986-03-20,0.0,0.1875,0.1406,0.1406
EDUC,1986-03-21,0.0,0.1875,0.1406,0.1406
EDUC,1986-03-24,0.1406,0.1406,0.1406,0.1406
EDUC,1986-03-25,0.0,0.1719,0.1406,0.1406
EDUC,1986-03-26,0.1406,0.1406,0.1406,0.1406
EDUC,1986-03-27,0.0,0.1875,0.1406,0.1406
EDUC,1986-03-31,0.1406,0.1406,0.1406,0.1406
EDUC,1986-04-01,0.1406,0.1406,0.1406,0.1406
EDUC,1986-04-02,0.0,0.1719,0.1406,0.1406
EDUC,1986-04-03,0.1406,0.1406,0.1406,0.1406
EDUC,1986-04-04,0.0,0.1875,0.1562,0.1562
EDUC,1986-04-07,0.0,0.1875,0.1562,0.1562
EDUC,1986-04-08,0.0,0.1875,0.1562,0.1562
EDUC,1986-04-09,0.0,0.2188,0.1562,0.1562
EDUC,1986-04-10,0.1562,0.1562,0.1562,0.1562
EDUC,1986-04-11,0.1562,0.1562,0.1562,0.1562
EDUC,1986-04-14,0.1562,0.1562,0.1562,0.1562
EDUC,1986-04-15,0.1562,0.1562,0.1562,0.1562
EDUC,1986-04-16,0.0,0.2031,0.1719,0.1719
EDUC,1986-04-17,0.1719,0.1719,0.1719,0.1719
EDUC,1986-04-18,0.0,0.2031,0.1719,0.1719
EDUC,1986-04-21,0.0,0.2188,0.1719,0.1719
EDUC,1986-04-22,0.1719,0.1719,0.1719,0.1719
EDUC,1986-04-23,0.0,0.2031,0.1719,0.1719
EDUC,1986-04-24,0.1719,0.1719,0.1719,0.1719
EDUC,1986-04-25,0.1719,0.1719,0.1719,0.1719
EDUC,1986-04-28,0.1719,0.1719,0.1719,0.1719
EDUC,1986-04-29,0.0,0.2031,0.1719,0.1719
EDUC,1986-04-30,0.1719,0.1719,0.1719,0.1719
EDUC,1986-05-01,0.0,0.2031,0.1719,0.1719
EDUC,1986-05-02,0.1719,0.1719,0.1719,0.1719
EDUC,1986-05-05,0.0,0.2031,0.1562,0.1562
EDUC,1986-05-06,0.0,0.2031,0.1562,0.1562
EDUC,1986-05-07,0.0,0.2031,0.1562,0.1562
EDUC,1986-05-08,0.1562,0.1562,0.1562,0.1562
EDUC,1986-05-09,0.1562,0.1562,0.1562,0.1562
EDUC,1986-05-12,0.1562,0.1562,0.1562,0.1562
EDUC,1986-05-13,0.1562,0.1562,0.1562,0.1562
EDUC,1986-05-14,0.1562,0.1562,0.1562,0.1562
EDUC,1986-05-15,0.1562,0.1562,0.1562,0.1562
EDUC,1986-05-16,0.1562,0.1562,0.1562,0.1562
EDUC,1986-05-19,0.1562,0.1562,0.1562,0.1562
EDUC,1986-05-20,0.1562,0.1562,0.1562,0.1562
EDUC,1986-05-21,0.0,0.2031,0.1406,0.1406
EDUC,1986-05-22,0.1406,0.1406,0.1406,0.1406
EDUC,1986-05-23,0.1406,0.1406,0.1406,0.1406
EDUC,1986-05-27,0.1406,0.1406,0.1406,0.1406
EDUC,1986-05-28,0.1406,0.1406,0.1406,0.1406
EDUC,1986-05-29,0.0,0.2031,0.1406,0.1406
EDUC,1986-05-30,0.1406,0.1406,0.1406,0.1406
EDUC,1986-06-02,0.1406,0.1406,0.1406,0.1406
EDUC,1986-06-03,0.1406,0.1406,0.1406,0.1406
EDUC,1986-06-04,0.1406,0.1406,0.1406,0.1406
EDUC,1986-06-05,0.1406,0.1406,0.1406,0.1406
EDUC,1986-06-06,0.1406,0.1406,0.1406,0.1406
EDUC,1986-06-09,0.1406,0.1406,0.1406,0.1406
EDUC,1986-06-10,0.1406,0.1406,0.1406,0.1406
EDUC,1986-06-11,0.1406,0.1406,0.1406,0.1406
EDUC,1986-06-12,0.0,0.1719,0.1406,0.1406
EDUC,1986-06-13,0.0,0.1562,0.125,0.125
EDUC,1986-06-16,0.125,0.125,0.125,0.125
EDUC,1986-06-17,0.125,0.125,0.125,0.125
EDUC,1986-06-18,0.125,0.125,0.125,0.125
EDUC,1986-06-19,0.125,0.125,0.125,0.125
EDUC,1986-06-20,0.0,0.1562,0.125,0.125
EDUC,1986-06-23,0.125,0.125,0.125,0.125
EDUC,1986-06-24,0.125,0.125,0.125,0.125
EDUC,1986-06-25,0.125,0.125,0.125,0.125
EDUC,1986-06-26,0.125,0.125,0.125,0.125
EDUC,1986-06-27,0.125,0.125,0.125,0.125
EDUC,1986-06-30,0.125,0.125,0.125,0.125
EDUC,1986-07-01,0.0,0.1562,0.125,0.125
EDUC,1986-07-02,0.125,0.125,0.125,0.125
EDUC,1986-07-03,0.125,0.125,0.125,0.125
EDUC,1986-07-07,0.125,0.125,0.125,0.125
EDUC,1986-07-08,0.0,0.1562,0.125,0.125
EDUC,1986-07-09,0.125,0.125,0.125,0.125
EDUC,1986-07-10,0.0,0.1562,0.125,0.125
EDUC,1986-07-11,0.0,0.1562,0.125,0.125
EDUC,1986-07-14,0.125,0.125,0.125,0.125
EDUC,1986-07-15,0.0,0.1562,0.125,0.125
EDUC,1986-07-16,0.125,0.125,0.125,0.125
EDUC,1986-07-17,0.125,0.125,0.125,0.125
EDUC,1986-07-18,0.125,0.125,0.125,0.125
EDUC,1986-07-21,0.125,0.125,0.125,0.125
EDUC,1986-07-22,0.125,0.125,0.125,0.125
EDUC,1986-07-23,0.0,0.1562,0.125,0.125
EDUC,1986-07-24,0.0,0.1562,0.125,0.125
EDUC,1986-07-25,0.125,0.125,0.125,0.125
EDUC,1986-07-28,0.125,0.125,0.125,0.125
EDUC,1986-07-29,0.125,0.125,0.125,0.125
EDUC,1986-07-30,0.125,0.125,0.125,0.125
EDUC,1986-07-31,0.125,0.125,0.125,0.125
EDUC,1986-08-01,0.125,0.125,0.125,0.125
EDUC,1986-08-04,0.125,0.125,0.125,0.125
EDUC,1986-08-05,0.125,0.125,0.125,0.125
EDUC,1986-08-06,0.125,0.125,0.125,0.125
EDUC,1986-08-07,0.0,0.1562,0.0938,0.0938
EDUC,1986-08-08,0.0938,0.0938,0.0938,0.0938
EDUC,1986-08-11,0.0938,0.0938,0.0938,0.0938
EDUC,1986-08-12,0.0938,0.0938,0.0938,0.0938
EDUC,1986-08-13,0.0938,0.0938,0.0938,0.0938
EDUC,1986-08-14,0.0938,0.0938,0.0938,0.0938
EDUC,1986-08-15,0.0938,0.0938,0.0938,0.0938
EDUC,1986-08-18,0.0,0.1562,0.0938,0.0938
EDUC,1986-08-19,0.0938,0.0938,0.0938,0.0938
EDUC,1986-08-20,0.0,0.1562,0.0938,0.0938
EDUC,1986-08-21,0.0938,0.0938,0.0938,0.0938
EDUC,1986-08-22,0.0938,0.0938,0.0938,0.0938
EDUC,1986-08-25,0.0938,0.0938,0.0938,0.0938
EDUC,1986-08-26,0.0938,0.0938,0.0938,0.0938
EDUC,1986-08-27,0.0938,0.0938,0.0938,0.0938
EDUC,1986-08-28,0.0938,0.0938,0.0938,0.0938
EDUC,1986-08-29,0.0938,0.0938,0.0938,0.0938
EDUC,1986-09-02,0.0938,0.0938,0.0938,0.0938
EDUC,1986-09-03,0.0,0.125,0.0938,0.0938
EDUC,1986-09-04,0.0938,0.0938,0.0938,0.0938
EDUC,1986-09-05,0.0938,0.0938,0.0938,0.0938
EDUC,1986-09-08,0.0,0.125,0.0938,0.0938
EDUC,1986-09-09,0.0,0.1406,0.0938,0.0938
EDUC,1986-09-10,0.0,0.1562,0.1094,0.1094
EDUC,1986-09-11,0.0,0.1875,0.1406,0.1406
EDUC,1986-09-12,0.1406,0.1406,0.1406,0.1406
EDUC,1986-09-15,0.0,0.1875,0.1406,0.1406
EDUC,1986-09-16,0.1406,0.1406,0.1406,0.1406
EDUC,1986-09-17,0.0,0.1875,0.1406,0.1406
EDUC,1986-09-18,0.0,0.1875,0.1406,0.1406
EDUC,1986-09-19,0.1406,0.1406,0.1406,0.1406
EDUC,1986-09-22,0.1406,0.1406,0.1406,0.1406
EDUC,1986-09-23,0.0,0.1875,0.125,0.125
EDUC,1986-09-24,0.125,0.125,0.125,0.125
EDUC,1986-09-25,0.125,0.125,0.125,0.125
EDUC,1986-09-26,0.125,0.125,0.125,0.125
EDUC,1986-09-29,0.0,0.1875,0.125,0.125
EDUC,1986-09-30,0.0,0.1875,0.1406,0.1406
EDUC,1986-10-01,0.0,0.1875,0.1406,0.1406
EDUC,1986-10-02,0.0,0.1875,0.1406,0.1406
EDUC,1986-10-03,0.0,0.1875,0.1406,0.1406
EDUC,1986-10-06,0.0,0.2656,0.2031,0.2031
EDUC,1986-10-07,0.0,0.2812,0.2031,0.2031
EDUC,1986-10-08,0.0,0.3125,0.2344,0.2344
EDUC,1986-10-09,0.0,0.3125,0.25,0.25
EDUC,1986-10-10,0.0,0.3125,0.25,0.25
EDUC,1986-10-13,0.0,0.3125,0.25,0.25
EDUC,1986-10-14,0.0,0.3125,0.25,0.25
EDUC,1986-10-15,0.0,0.3125,0.25,0.25
EDUC,1986-10-16,0.0,0.3125,0.25,0.25
EDUC,1986-10-17,0.0,0.2812,0.2188,0.2188
EDUC,1986-10-20,0.2188,0.2188,0.2188,0.2188
EDUC,1986-10-21,0.0,0.25,0.2188,0.2188
EDUC,1986-10-22,0.2188,0.2188,0.2188,0.2188
EDUC,1986-10-23,0.0,0.2812,0.2188,0.2188
EDUC,1986-10-24,0.0,0.2969,0.2344,0.2344
EDUC,1986-10-27,0.0,0.2969,0.2344,0.2344
EDUC,1986-10-28,0.2344,0.2344,0.2344,0.2344
EDUC,1986-10-29,0.2344,0.2344,0.2344,0.2344
EDUC,1986-10-30,0.2344,0.2344,0.2344,0.2344
EDUC,1986-10-31,0.2344,0.2344,0.2344,0.2344
EDUC,1986-11-03,0.0,0.3125,0.25,0.25
EDUC,1986-11-04,0.25,0.25,0.25,0.25
EDUC,1986-11-05,0.0,0.3438,0.2656,0.2656
EDUC,1986-11-06,0.0,0.3438,0.2812,0.2812
EDUC,1986-11-07,0.0,0.3594,0.3281,0.3281
EDUC,1986-11-10,0.0,0.375,0.3125,0.3125
EDUC,1986-11-11,0.0,0.375,0.3125,0.3125
EDUC,1986-11-12,0.0,0.375,0.3125,0.3125
EDUC,1986-11-13,0.0,0.4062,0.3438,0.3438
EDUC,1986-11-14,0.0,0.4062,0.3438,0.3438
EDUC,1986-11-17,0.0,0.4062,0.3438,0.3438
EDUC,1986-11-18,0.0,0.4062,0.3438,0.3438
EDUC,1986-11-19,0.3438,0.3438,0.3438,0.3438
EDUC,1986-11-20,0.0,0.4375,0.375,0.375
EDUC,1986-11-21,0.0,0.5156,0.4688,0.4688
EDUC,1986-11-24,0.0,0.5156,0.4375,0.4375
EDUC,1986-11-25,0.0,0.5156,0.4688,0.4688
EDUC,1986-11-26,0.0,0.5312,0.4688,0.4688
EDUC,1986-11-28,0.0,0.5312,0.4688,0.4688
EDUC,1986-12-01,0.0,0.5312,0.4688,0.4688
EDUC,1986-12-02,0.0,0.5312,0.4688,0.4688
EDUC,1986-12-03,0.0,0.5156,0.4688,0.4688
EDUC,1986-12-04,0.0,0.5,0.4688,0.4688
EDUC,1986-12-05,0.0,0.5156,0.4844,0.4844
EDUC,1986-12-08,0.0,0.5625,0.5,0.5
EDUC,1986-12-09,0.0,0.5625,0.5,0.5
EDUC,1986-12-10,0.0,0.5625,0.5,0.5
EDUC,1986-12-11,0.0,0.5938,0.5312,0.5312
EDUC,1986-12-12,0.0,0.5625,0.5312,0.5312
EDUC,1986-12-15,0.0,0.5781,0.5312,0.5312
EDUC,1986-12-16,0.0,0.5625,0.5,0.5
EDUC,1986-12-17,0.0,0.5625,0.5,0.5
EDUC,1986-12-18,0.0,0.5312,0.5,0.5
EDUC,1986-12-19,0.0,0.5312,0.5,0.5
EDUC,1986-12-22,0.0,0.5312,0.5,0.5
EDUC,1986-12-23,0.0,0.5312,0.5,0.5
EDUC,1986-12-24,0.0,0.5312,0.5,0.5
EDUC,1986-12-26,0.0,0.5312,0.5,0.5
EDUC,1986-12-29,0.0,0.5312,0.5,0.5
EDUC,1986-12-30,0.5,0.5,0.5,0.5
EDUC,1986-12-31,0.0,0.5312,0.5,0.5
EDUC,1987-01-02,0.5,0.5,0.5,0.5
EDUC,1987-01-05,0.0,0.5312,0.5,0.5
EDUC,1987-01-06,0.5,0.5,0.5,0.5
EDUC,1987-01-07,0.0,0.5312,0.5,0.5
EDUC,1987-01-08,0.5,0.5,0.5,0.5
EDUC,1987-01-09,0.5,0.5,0.5,0.5
EDUC,1987-01-12,0.0,0.5625,0.5,0.5
EDUC,1987-01-13,0.0,0.5625,0.5,0.5
EDUC,1987-01-14,0.0,0.5938,0.5312,0.5312
EDUC,1987-01-15,0.0,0.5938,0.5312,0.5312
EDUC,1987-01-16,0.0,0.5938,0.5312,0.5312
EDUC,1987-01-19,0.0,0.5625,0.5312,0.5312
EDUC,1987-01-20,0.0,0.5625,0.5,0.5
EDUC,1987-01-21,0.0,0.5156,0.4688,0.4688
EDUC,1987-01-22,0.0,0.5312,0.4688,0.4688
EDUC,1987-01-23,0.0,0.5312,0.4688,0.4688
EDUC,1987-01-26,0.0,0.5312,0.4688,0.4688
EDUC,1987-01-27,0.0,0.5312,0.4688,0.4688
EDUC,1987-01-28,0.0,0.5156,0.4688,0.4688
EDUC,1987-01-29,0.0,0.5156,0.4688,0.4688
EDUC,1987-01-30,0.0,0.5156,0.4688,0.4688
EDUC,1987-02-02,0.4688,0.4688,0.4688,0.4688
EDUC,1987-02-03,0.0,0.5312,0.4688,0.4688
EDUC,1987-02-04,0.4688,0.4688,0.4688,0.4688
EDUC,1987-02-05,0.0,0.5312,0.4688,0.4688
EDUC,1987-02-06,0.4688,0.4688,0.4688,0.4688
EDUC,1987-02-09,0.0,0.5312,0.4688,0.4688
EDUC,1987-02-10,0.0,0.5312,0.4688,0.4688
EDUC,1987-02-11,0.0,0.5312,0.4688,0.4688
EDUC,1987-02-12,0.0,0.5312,0.4688,0.4688
EDUC,1987-02-13,0.0,0.5312,0.4688,0.4688
EDUC,1987-02-17,0.0,0.5312,0.4688,0.4688
EDUC,1987-02-18,0.0,0.5312,0.4688,0.4688
EDUC,1987-02-19,0.0,0.5312,0.5,0.5
EDUC,1987-02-20,0.0,0.5625,0.5,0.5
EDUC,1987-02-23,0.0,0.5312,0.5,0.5
EDUC,1987-02-24,0.0,0.5312,0.5,0.5
EDUC,1987-02-25,0.0,0.5312,0.5,0.5
EDUC,1987-02-26,0.0,0.5312,0.5,0.5
EDUC,1987-02-27,0.5,0.5,0.5,0.5
EDUC,1987-03-02,0.0,0.5625,0.5,0.5
EDUC,1987-03-03,0.0,0.5625,0.5,0.5
EDUC,1987-03-04,0.0,0.5312,0.4688,0.4688
EDUC,1987-03-05,0.0,0.5312,0.4688,0.4688
EDUC,1987-03-06,0.0,0.5312,0.4688,0.4688
EDUC,1987-03-09,0.4688,0.4688,0.4688,0.4688
EDUC,1987-03-10,0.0,0.5312,0.4688,0.4688
EDUC,1987-03-11,0.0,0.5312,0.4688,0.4688
EDUC,1987-03-12,0.4688,0.4688,0.4688,0.4688
EDUC,1987-03-13,0.4688,0.4688,0.4688,0.4688
EDUC,1987-03-16,0.0,0.5312,0.4688,0.4688
EDUC,1987-03-17,0.0,0.5,0.4375,0.4375
EDUC,1987-03-18,0.4375,0.4375,0.4375,0.4375
EDUC,1987-03-19,0.4375,0.4375,0.4375,0.4375
EDUC,1987-03-20,0.0,0.5,0.4375,0.4375
EDUC,1987-03-23,0.0,0.5,0.4375,0.4375
EDUC,1987-03-24,0.0,0.5,0.4375,0.4375
EDUC,1987-03-25,0.0,0.5,0.4375,0.4375
EDUC,1987-03-26,0.0,0.5,0.4375,0.4375
EDUC,1987-03-27,0.4375,0.4375,0.4375,0.4375
EDUC,1987-03-30,0.0,0.4688,0.4062,0.4062
EDUC,1987-03-31,0.0,0.4688,0.4062,0.4062
EDUC,1987-04-01,0.0,0.4688,0.4062,0.4062
EDUC,1987-04-02,0.4062,0.4062,0.4062,0.4062
EDUC,1987-04-03,0.0,0.4688,0.4219,0.4219
EDUC,1987-04-06,0.4219,0.4219,0.4219,0.4219
EDUC,1987-04-07,0.0,0.4688,0.4219,0.4219
EDUC,1987-04-08,0.4219,0.4219,0.4219,0.4219
EDUC,1987-04-09,0.0,0.4688,0.4219,0.4219
EDUC,1987-04-10,0.4219,0.4219,0.4219,0.4219
EDUC,1987-04-13,0.0,0.4688,0.4219,0.4219
EDUC,1987-04-14,0.0,0.4688,0.4219,0.4219
EDUC,1987-04-15,0.0,0.4688,0.4219,0.4219
EDUC,1987-04-16,0.0,0.4688,0.4219,0.4219
EDUC,1987-04-20,0.4219,0.4219,0.4219,0.4219
EDUC,1987-04-21,0.0,0.4688,0.4219,0.4219
EDUC,1987-04-22,0.4219,0.4219,0.4219,0.4219
EDUC,1987-04-23,0.4219,0.4219,0.4219,0.4219
EDUC,1987-04-24,0.0,0.4688,0.4062,0.4062
EDUC,1987-04-27,0.0,0.4688,0.4219,0.4219
EDUC,1987-04-28,0.0,0.4688,0.4219,0.4219
EDUC,1987-04-29,0.4219,0.4219,0.4219,0.4219
EDUC,1987-04-30,0.4219,0.4219,0.4219,0.4219
EDUC,1987-05-01,0.0,0.4688,0.4219,0.4219
EDUC,1987-05-04,0.0,0.4844,0.4219,0.4219
EDUC,1987-05-05,0.0,0.4844,0.4219,0.4219
EDUC,1987-05-06,0.0,0.4844,0.4219,0.4219
EDUC,1987-05-07,0.0,0.5,0.4375,0.4375
EDUC,1987-05-08,0.4375,0.4375,0.4375,0.4375
EDUC,1987-05-11,0.0,0.5156,0.4531,0.4531
EDUC,1987-05-12,0.0,0.5156,0.4531,0.4531
EDUC,1987-05-13,0.0,0.5156,0.4531,0.4531
EDUC,1987-05-14,0.4531,0.4531,0.4531,0.4531
EDUC,1987-05-15,0.4531,0.4531,0.4531,0.4531
EDUC,1987-05-18,0.0,0.5156,0.4531,0.4531
EDUC,1987-05-19,0.0,0.5156,0.4531,0.4531
EDUC,1987-05-20,0.4531,0.4531,0.4531,0.4531
EDUC,1987-05-21,0.0,0.5156,0.4531,0.4531
EDUC,1987-05-22,0.0,0.5156,0.4531,0.4531
EDUC,1987-05-26,0.0,0.5156,0.4531,0.4531
EDUC,1987-05-27,0.0,0.5156,0.4531,0.4531
EDUC,1987-05-28,0.0,0.5156,0.4688,0.4688
EDUC,1987-05-29,0.0,0.5156,0.4688,0.4688
EDUC,1987-06-01,0.0,0.5156,0.4531,0.4531
EDUC,1987-06-02,0.0,0.5,0.4531,0.4531
EDUC,1987-06-03,0.0,0.5,0.4531,0.4531
EDUC,1987-06-04,0.0,0.5,0.4531,0.4531
EDUC,1987-06-05,0.0,0.5,0.4531,0.4531
EDUC,1987-06-08,0.0,0.5,0.4531,0.4531
EDUC,1987-06-09,0.0,0.5,0.4531,0.4531
EDUC,1987-06-10,0.0,0.5,0.4531,0.4531
EDUC,1987-06-11,0.0,0.5,0.4531,0.4531
EDUC,1987-06-12,0.4531,0.4531,0.4531,0.4531
EDUC,1987-06-15,0.4531,0.4531,0.4531,0.4531
EDUC,1987-06-16,0.0,0.5,0.4531,0.4531
EDUC,1987-06-17,0.0,0.5,0.4531,0.4531
EDUC,1987-06-18,0.4531,0.4531,0.4531,0.4531
EDUC,1987-06-19,0.4531,0.4531,0.4531,0.4531
EDUC,1987-06-22,0.0,0.5,0.4531,0.4531
EDUC,1987-06-23,0.0,0.5,0.4531,0.4531
EDUC,1987-06-24,0.0,0.5,0.4531,0.4531
EDUC,1987-06-25,0.0,0.5,0.4531,0.4531
EDUC,1987-06-26,0.0,0.5,0.4531,0.4531
EDUC,1987-06-29,0.0,0.5,0.4531,0.4531
EDUC,1987-06-30,0.0,0.5,0.4531,0.4531
EDUC,1987-07-01,0.0,0.5,0.4531,0.4531
EDUC,1987-07-02,0.0,0.5,0.4531,0.4531
EDUC,1987-07-06,0.0,0.5,0.4531,0.4531
EDUC,1987-07-07,0.4531,0.4531,0.4531,0.4531
EDUC,1987-07-08,0.0,0.5,0.4531,0.4531
EDUC,1987-07-09,0.4531,0.4531,0.4531,0.4531
EDUC,1987-07-10,0.0,0.5,0.4531,0.4531
EDUC,1987-07-13,0.4531,0.4531,0.4531,0.4531
EDUC,1987-07-14,0.0,0.5312,0.4844,0.4844
EDUC,1987-07-15,0.0,0.5312,0.4844,0.4844
EDUC,1987-07-16,0.0,0.5312,0.4844,0.4844
EDUC,1987-07-17,0.0,0.5312,0.4844,0.4844
EDUC,1987-07-20,0.0,0.4844,0.4531,0.4531
EDUC,1987-07-21,0.4531,0.4531,0.4531,0.4531
EDUC,1987-07-22,0.4531,0.4531,0.4531,0.4531
EDUC,1987-07-23,0.0,0.4844,0.4531,0.4531
EDUC,1987-07-24,0.0,0.4688,0.4219,0.4219
EDUC,1987-07-27,0.0,0.4531,0.4062,0.4062
EDUC,1987-07-28,0.0,0.4531,0.4062,0.4062
EDUC,1987-07-29,0.0,0.4531,0.4062,0.4062
EDUC,1987-07-30,0.4062,0.4062,0.4062,0.4062
EDUC,1987-07-31,0.4062,0.4062,0.4062,0.4062
EDUC,1987-08-03,0.4062,0.4062,0.4062,0.4062
EDUC,1987-08-04,0.4062,0.4062,0.4062,0.4062
EDUC,1987-08-05,0.0,0.4531,0.4062,0.4062
EDUC,1987-08-06,0.4062,0.4062,0.4062,0.4062
EDUC,1987-08-07,0.0,0.5,0.4375,0.4375
EDUC,1987-08-10,0.4375,0.4375,0.4375,0.4375
EDUC,1987-08-11,0.0,0.5,0.4375,0.4375
EDUC,1987-08-12,0.4375,0.4375,0.4375,0.4375
EDUC,1987-08-13,0.4375,0.4375,0.4375,0.4375
EDUC,1987-08-14,0.4375,0.4375,0.4375,0.4375
EDUC,1987-08-17,0.4375,0.4375,0.4375,0.4375
EDUC,1987-08-18,0.0,0.5,0.4375,0.4375
EDUC,1987-08-19,0.0,0.4688,0.4375,0.4375
EDUC,1987-08-20,0.0,0.4688,0.4062,0.4062
EDUC,1987-08-21,0.0,0.4688,0.4062,0.4062
EDUC,1987-08-24,0.0,0.4375,0.375,0.375
EDUC,1987-08-25,0.375,0.375,0.375,0.375
EDUC,1987-08-26,0.0,0.4375,0.375,0.375
EDUC,1987-08-27,0.0,0.4375,0.375,0.375
EDUC,1987-08-28,0.375,0.375,0.375,0.375
EDUC,1987-08-31,0.0,0.4062,0.3438,0.3438
EDUC,1987-09-01,0.3438,0.3438,0.3438,0.3438
EDUC,1987-09-02,0.0,0.4062,0.3438,0.3438
EDUC,1987-09-03,0.0,0.4062,0.3438,0.3438
EDUC,1987-09-04,0.3438,0.3438,0.3438,0.3438
EDUC,1987-09-08,0.3438,0.3438,0.3438,0.3438
EDUC,1987-09-09,0.3438,0.3438,0.3438,0.3438
EDUC,1987-09-10,0.0,0.4062,0.3438,0.3438
EDUC,1987-09-11,0.0,0.4062,0.3438,0.3438
EDUC,1987-09-14,0.0,0.4062,0.3438,0.3438
EDUC,1987-09-15,0.0,0.3906,0.3438,0.3438
EDUC,1987-09-16,0.3438,0.3438,0.3438,0.3438
EDUC,1987-09-17,0.3438,0.3438,0.3438,0.3438
EDUC,1987-09-18,0.0,0.3906,0.3438,0.3438
EDUC,1987-09-21,0.3438,0.3438,0.3438,0.3438
EDUC,1987-09-22,0.0,0.3906,0.3438,0.3438
EDUC,1987-09-23,0.0,0.3906,0.3438,0.3438
EDUC,1987-09-24,0.3438,0.3438,0.3438,0.3438
EDUC,1987-09-25,0.3438,0.3438,0.3438,0.3438
EDUC,1987-09-28,0.3438,0.3438,0.3438,0.3438
EDUC,1987-09-29,0.3438,0.3438,0.3438,0.3438
EDUC,1987-09-30,0.0,0.4062,0.3594,0.3594
EDUC,1987-10-01,0.0,0.4062,0.3594,0.3594
EDUC,1987-10-02,0.0,0.4062,0.3594,0.3594
EDUC,1987-10-05,0.3594,0.3594,0.3594,0.3594
EDUC,1987-10-06,0.0,0.4062,0.3594,0.3594
EDUC,1987-10-07,0.0,0.4062,0.3594,0.3594
EDUC,1987-10-08,0.3594,0.3594,0.3594,0.3594
EDUC,1987-10-09,0.3594,0.3594,0.3594,0.3594
EDUC,1987-10-12,0.3594,0.3594,0.3594,0.3594
EDUC,1987-10-13,0.3594,0.3594,0.3594,0.3594
EDUC,1987-10-14,0.0,0.4062,0.3594,0.3594
EDUC,1987-10-15,0.3594,0.3594,0.3594,0.3594
EDUC,1987-10-16,0.0,0.4062,0.3438,0.3438
EDUC,1987-10-19,0.0,0.3438,0.3125,0.3125
EDUC,1987-10-20,0.0,0.3438,0.2812,0.2812
EDUC,1987-10-21,0.2812,0.2812,0.2812,0.2812
EDUC,1987-10-22,0.0,0.3438,0.2812,0.2812
EDUC,1987-10-23,0.0,0.375,0.2812,0.2812
EDUC,1987-10-26,0.2812,0.2812,0.2812,0.2812
EDUC,1987-10-27,0.0,0.3125,0.2188,0.2188
EDUC,1987-10-28,0.2188,0.2188,0.2188,0.2188
EDUC,1987-10-29,0.0,0.3125,0.2188,0.2188
EDUC,1987-10-30,0.2188,0.2188,0.2188,0.2188
EDUC,1987-11-02,0.2188,0.2188,0.2188,0.2188
EDUC,1987-11-03,0.2188,0.2188,0.2188,0.2188
EDUC,1987-11-04,0.2188,0.2188,0.2188,0.2188
EDUC,1987-11-05,0.2188,0.2188,0.2188,0.2188
EDUC,1987-11-06,0.2188,0.2188,0.2188,0.2188
EDUC,1987-11-09,0.2188,0.2188,0.2188,0.2188
EDUC,1987-11-10,0.2188,0.2188,0.2188,0.2188
EDUC,1987-11-11,0.2188,0.2188,0.2188,0.2188
EDUC,1987-11-12,0.0,0.3125,0.2188,0.2188
EDUC,1987-11-13,0.0,0.3125,0.2188,0.2188
EDUC,1987-11-16,0.0,0.3125,0.2188,0.2188
EDUC,1987-11-17,0.0,0.3125,0.2188,0.2188
EDUC,1987-11-18,0.2188,0.2188,0.2188,0.2188
EDUC,1987-11-19,0.0,0.3125,0.2188,0.2188
EDUC,1987-11-20,0.0,0.3125,0.2188,0.2188
EDUC,1987-11-23,0.2188,0.2188,0.2188,0.2188
EDUC,1987-11-24,0.0,0.2812,0.2031,0.2031
EDUC,1987-11-25,0.2031,0.2031,0.2031,0.2031
EDUC,1987-11-27,0.2031,0.2031,0.2031,0.2031
EDUC,1987-11-30,0.0,0.2812,0.2031,0.2031
EDUC,1987-12-01,0.0,0.25,0.1875,0.1875
EDUC,1987-12-02,0.0,0.25,0.1875,0.1875
EDUC,1987-12-03,0.0,0.25,0.1875,0.1875
EDUC,1987-12-04,0.0,0.25,0.1875,0.1875
EDUC,1987-12-07,0.0,0.25,0.1875,0.1875
EDUC,1987-12-08,0.0,0.25,0.1875,0.1875
EDUC,1987-12-09,0.1875,0.1875,0.1875,0.1875
EDUC,1987-12-10,0.1875,0.1875,0.1875,0.1875
EDUC,1987-12-11,0.1875,0.1875,0.1875,0.1875
EDUC,1987-12-14,0.0,0.25,0.1875,0.1875
EDUC,1987-12-15,0.0,0.25,0.1875,0.1875
EDUC,1987-12-16,0.1875,0.1875,0.1875,0.1875
EDUC,1987-12-17,0.0,0.25,0.2188,0.2188
EDUC,1987-12-18,0.0,0.2812,0.2344,0.2344
EDUC,1987-12-21,0.0,0.2812,0.2344,0.2344
EDUC,1987-12-22,0.0,0.2812,0.2344,0.2344
EDUC,1987-12-23,0.0,0.3281,0.25,0.25
EDUC,1987-12-24,0.25,0.25,0.25,0.25
EDUC,1987-12-28,0.25,0.25,0.25,0.25
EDUC,1987-12-29,0.25,0.25,0.25,0.25
EDUC,1987-12-30,0.0,0.3281,0.25,0.25
EDUC,1987-12-31,0.0,0.3281,0.25,0.25
EDUC,1988-01-04,0.25,0.25,0.25,0.25
EDUC,1988-01-05,0.0,0.3281,0.2812,0.2812
EDUC,1988-01-06,0.2812,0.2812,0.2812,0.2812
EDUC,1988-01-07,0.2812,0.2812,0.2812,0.2812
EDUC,1988-01-08,0.2812,0.2812,0.2812,0.2812
EDUC,1988-01-11,0.0,0.3281,0.25,0.25
EDUC,1988-01-12,0.0,0.3281,0.2656,0.2656
EDUC,1988-01-13,0.2656,0.2656,0.2656,0.2656
EDUC,1988-01-14,0.2656,0.2656,0.2656,0.2656
EDUC,1988-01-15,0.0,0.3281,0.2656,0.2656
EDUC,1988-01-18,0.2656,0.2656,0.2656,0.2656
EDUC,1988-01-19,0.2656,0.2656,0.2656,0.2656
EDUC,1988-01-20,0.0,0.3281,0.2656,0.2656
EDUC,1988-01-21,0.2656,0.2656,0.2656,0.2656
EDUC,1988-01-22,0.2656,0.2656,0.2656,0.2656
EDUC,1988-01-25,0.0,0.3281,0.2656,0.2656
EDUC,1988-01-26,0.2656,0.2656,0.2656,0.2656
EDUC,1988-01-27,0.0,0.3281,0.2656,0.2656
EDUC,1988-01-28,0.2656,0.2656,0.2656,0.2656
EDUC,1988-01-29,0.0,0.3281,0.2656,0.2656
EDUC,1988-02-01,0.2656,0.2656,0.2656,0.2656
EDUC,1988-02-02,0.0,0.3125,0.2656,0.2656
EDUC,1988-02-03,0.2656,0.2656,0.2656,0.2656
EDUC,1988-02-04,0.0,0.2812,0.2344,0.2344
EDUC,1988-02-05,0.2344,0.2344,0.2344,0.2344
EDUC,1988-02-08,0.2344,0.2344,0.2344,0.2344
EDUC,1988-02-09,0.2344,0.2344,0.2344,0.2344
EDUC,1988-02-10,0.2344,0.2344,0.2344,0.2344
EDUC,1988-02-11,0.2344,0.2344,0.2344,0.2344
EDUC,1988-02-12,0.0,0.2812,0.2344,0.2344
EDUC,1988-02-16,0.0,0.2812,0.2344,0.2344
EDUC,1988-02-17,0.2344,0.2344,0.2344,0.2344
EDUC,1988-02-18,0.2344,0.2344,0.2344,0.2344
EDUC,1988-02-19,0.0,0.2812,0.2344,0.2344
EDUC,1988-02-22,0.2344,0.2344,0.2344,0.2344
EDUC,1988-02-23,0.2344,0.2344,0.2344,0.2344
EDUC,1988-02-24,0.0,0.2812,0.2344,0.2344
EDUC,1988-02-25,0.2344,0.2344,0.2344,0.2344
EDUC,1988-02-26,0.0,0.2812,0.2344,0.2344
EDUC,1988-02-29,0.2344,0.2344,0.2344,0.2344
EDUC,1988-03-01,0.2344,0.2344,0.2344,0.2344
EDUC,1988-03-02,0.2344,0.2344,0.2344,0.2344
EDUC,1988-03-03,0.0,0.2812,0.2344,0.2344
EDUC,1988-03-04,0.2344,0.2344,0.2344,0.2344
EDUC,1988-03-07,0.0,0.2812,0.2344,0.2344
EDUC,1988-03-08,0.0,0.2812,0.2344,0.2344
EDUC,1988-03-09,0.0,0.2812,0.2344,0.2344
EDUC,1988-03-10,0.0,0.2812,0.2344,0.2344
EDUC,1988-03-11,0.2344,0.2344,0.2344,0.2344
EDUC,1988-03-14,0.2344,0.2344,0.2344,0.2344
EDUC,1988-03-15,0.2344,0.2344,0.2344,0.2344
EDUC,1988-03-16,0.0,0.2812,0.2344,0.2344
EDUC,1988-03-17,0.0,0.2812,0.2344,0.2344
EDUC,1988-03-18,0.2344,0.2344,0.2344,0.2344
EDUC,1988-03-21,0.2344,0.2344,0.2344,0.2344
EDUC,1988-03-22,0.0,0.2656,0.2344,0.2344
EDUC,1988-03-23,0.0,0.2344,0.2031,0.2031
EDUC,1988-03-24,0.2031,0.2031,0.2031,0.2031
EDUC,1988-03-25,0.2031,0.2031,0.2031,0.2031
EDUC,1988-03-28,0.0,0.2344,0.2031,0.2031
EDUC,1988-03-29,0.2031,0.2031,0.2031,0.2031
EDUC,1988-03-30,0.2031,0.2031,0.2031,0.2031
EDUC,1988-03-31,0.0,0.2344,0.2031,0.2031
EDUC,1988-04-04,0.0,0.2344,0.2031,0.2031
EDUC,1988-04-05,0.0,0.2344,0.2031,0.2031
EDUC,1988-04-06,0.0,0.2344,0.2031,0.2031
EDUC,1988-04-07,0.2031,0.2031,0.2031,0.2031
EDUC,1988-04-08,0.2031,0.2031,0.2031,0.2031
EDUC,1988-04-11,0.0,0.2344,0.2031,0.2031
EDUC,1988-04-12,0.2031,0.2031,0.2031,0.2031
EDUC,1988-04-13,0.2031,0.2031,0.2031,0.2031
EDUC,1988-04-14,0.2031,0.2031,0.2031,0.2031
EDUC,1988-04-15,0.2031,0.2031,0.2031,0.2031
EDUC,1988-04-18,0.0,0.2344,0.2031,0.2031
EDUC,1988-04-19,0.0,0.2344,0.2031,0.2031
EDUC,1988-04-20,0.2031,0.2031,0.2031,0.2031
EDUC,1988-04-21,0.0,0.2344,0.2031,0.2031
EDUC,1988-04-22,0.0,0.2344,0.2031,0.2031
EDUC,1988-04-25,0.2031,0.2031,0.2031,0.2031
EDUC,1988-04-26,0.2031,0.2031,0.2031,0.2031
EDUC,1988-04-27,0.0,0.2344,0.2031,0.2031
EDUC,1988-04-28,0.2031,0.2031,0.2031,0.2031
EDUC,1988-04-29,0.0,0.2344,0.2031,0.2031
EDUC,1988-05-02,0.0,0.2344,0.2031,0.2031
EDUC,1988-05-03,0.0,0.2344,0.2031,0.2031
EDUC,1988-05-04,0.2031,0.2031,0.2031,0.2031
EDUC,1988-05-05,0.2031,0.2031,0.2031,0.2031
EDUC,1988-05-06,0.0,0.2344,0.2031,0.2031
EDUC,1988-05-09,0.2031,0.2031,0.2031,0.2031
EDUC,1988-05-10,0.0,0.2344,0.2031,0.2031
EDUC,1988-05-11,0.2031,0.2031,0.2031,0.2031
EDUC,1988-05-12,0.2031,0.2031,0.2031,0.2031
EDUC,1988-05-13,0.2031,0.2031,0.2031,0.2031
EDUC,1988-05-16,0.2031,0.2031,0.2031,0.2031
EDUC,1988-05-17,0.2031,0.2031,0.2031,0.2031
EDUC,1988-05-18,0.0,0.2344,0.2031,0.2031
EDUC,1988-05-19,0.2031,0.2031,0.2031,0.2031
EDUC,1988-05-20,0.0,0.2344,0.2031,0.2031
EDUC,1988-05-23,0.0,0.2344,0.2031,0.2031
EDUC,1988-05-24,0.0,0.2344,0.2031,0.2031
EDUC,1988-05-25,0.2031,0.2031,0.2031,0.2031
EDUC,1988-05-26,0.0,0.2344,0.2031,0.2031
EDUC,1988-05-27,0.0,0.2344,0.1875,0.1875
EDUC,1988-05-31,0.1875,0.1875,0.1875,0.1875
EDUC,1988-06-01,0.1875,0.1875,0.1875,0.1875
EDUC,1988-06-02,0.0,0.2188,0.1875,0.1875
EDUC,1988-06-03,0.0,0.2188,0.1875,0.1875
EDUC,1988-06-06,0.0,0.2031,0.1562,0.1562
EDUC,1988-06-07,0.1562,0.1562,0.1562,0.1562
EDUC,1988-06-08,0.1562,0.1562,0.1562,0.1562
EDUC,1988-06-09,0.1562,0.1562,0.1562,0.1562
EDUC,1988-06-10,0.1562,0.1562,0.1562,0.1562
EDUC,1988-06-13,0.1562,0.1562,0.1562,0.1562
EDUC,1988-06-14,0.1562,0.1562,0.1562,0.1562
EDUC,1988-06-15,0.0,0.1875,0.1562,0.1562
EDUC,1988-06-16,0.0,0.1875,0.1562,0.1562
EDUC,1988-06-17,0.1562,0.1562,0.1562,0.1562
EDUC,1988-06-20,0.1562,0.1562,0.1562,0.1562
EDUC,1988-06-21,0.1562,0.1562,0.1562,0.1562
EDUC,1988-06-22,0.0,0.1875,0.1562,0.1562
EDUC,1988-06-23,0.1562,0.1562,0.1562,0.1562
EDUC,1988-06-24,0.0,0.1875,0.1562,0.1562
EDUC,1988-06-27,0.1562,0.1562,0.1562,0.1562
EDUC,1988-06-28,0.0,0.1875,0.1562,0.1562
EDUC,1988-06-29,0.1562,0.1562,0.1562,0.1562
EDUC,1988-06-30,0.1562,0.1562,0.1562,0.1562
EDUC,1988-07-01,0.1562,0.1562,0.1562,0.1562
EDUC,1988-07-05,0.1562,0.1562,0.1562,0.1562
EDUC,1988-07-06,0.1562,0.1562,0.1562,0.1562
EDUC,1988-07-07,0.1562,0.1562,0.1562,0.1562
EDUC,1988-07-08,0.1562,0.1562,0.1562,0.1562
EDUC,1988-07-11,0.0,0.1875,0.1562,0.1562
EDUC,1988-07-12,0.1562,0.1562,0.1562,0.1562
EDUC,1988-07-13,0.1562,0.1562,0.1562,0.1562
EDUC,1988-07-14,0.1562,0.1562,0.1562,0.1562
EDUC,1988-07-15,0.1562,0.1562,0.1562,0.1562
EDUC,1988-07-18,0.1562,0.1562,0.1562,0.1562
EDUC,1988-07-19,0.1562,0.1562,0.1562,0.1562
EDUC,1988-07-20,0.1562,0.1562,0.1562,0.1562
EDUC,1988-07-21,0.1562,0.1562,0.1562,0.1562
EDUC,1988-07-22,0.1562,0.1562,0.1562,0.1562
EDUC,1988-07-25,0.0,0.1875,0.1562,0.1562
EDUC,1988-07-26,0.1562,0.1562,0.1562,0.1562
EDUC,1988-07-27,0.0,0.1875,0.1562,0.1562
EDUC,1988-07-28,0.1562,0.1562,0.1562,0.1562
EDUC,1988-07-29,0.1562,0.1562,0.1562,0.1562
EDUC,1988-08-01,0.1562,0.1562,0.1562,0.1562
EDUC,1988-08-02,0.0,0.1875,0.1562,0.1562
EDUC,1988-08-03,0.0,0.1875,0.1562,0.1562
EDUC,1988-08-04,0.1562,0.1562,0.1562,0.1562
EDUC,1988-08-05,0.1562,0.1562,0.1562,0.1562
EDUC,1988-08-08,0.1562,0.1562,0.1562,0.1562
EDUC,1988-08-09,0.1562,0.1562,0.1562,0.1562
EDUC,1988-08-10,0.1562,0.1562,0.1562,0.1562
EDUC,1988-08-11,0.1562,0.1562,0.1562,0.1562
EDUC,1988-08-12,0.0,0.1875,0.1562,0.1562
EDUC,1988-08-15,0.1562,0.1562,0.1562,0.1562
EDUC,1988-08-16,0.1562,0.1562,0.1562,0.1562
EDUC,1988-08-17,0.0,0.1875,0.1562,0.1562
EDUC,1988-08-18,0.1562,0.1562,0.1562,0.1562
EDUC,1988-08-19,0.1562,0.1562,0.1562,0.1562
EDUC,1988-08-22,0.1562,0.1562,0.1562,0.1562
EDUC,1988-08-23,0.1562,0.1562,0.1562,0.1562
EDUC,1988-08-24,0.1562,0.1562,0.1562,0.1562
EDUC,1988-08-25,0.0,0.1875,0.1406,0.1406
EDUC,1988-08-26,0.1406,0.1406,0.1406,0.1406
EDUC,1988-08-29,0.1406,0.1406,0.1406,0.1406
EDUC,1988-08-30,0.1406,0.1406,0.1406,0.1406
EDUC,1988-08-31,0.1406,0.1406,0.1406,0.1406
EDUC,1988-09-01,0.0,0.1875,0.1406,0.1406
EDUC,1988-09-02,0.1406,0.1406,0.1406,0.1406
EDUC,1988-09-06,0.1406,0.1406,0.1406,0.1406
EDUC,1988-09-07,0.0,0.1875,0.1406,0.1406
EDUC,1988-09-08,0.1406,0.1406,0.1406,0.1406
EDUC,1988-09-09,0.0,0.1875,0.1406,0.1406
EDUC,1988-09-12,0.1406,0.1406,0.1406,0.1406
EDUC,1988-09-13,0.1406,0.1406,0.1406,0.1406
EDUC,1988-09-14,0.1406,0.1406,0.1406,0.1406
EDUC,1988-09-15,0.0,0.1875,0.1484,0.1484
EDUC,1988-09-16,0.0,0.2188,0.1719,0.1719
EDUC,1988-09-19,0.1719,0.1719,0.1719,0.1719
EDUC,1988-09-20,0.1719,0.1719,0.1719,0.1719
EDUC,1988-09-21,0.1719,0.1719,0.1719,0.1719
EDUC,1988-09-22,0.0,0.2188,0.1719,0.1719
EDUC,1988-09-23,0.1719,0.1719,0.1719,0.1719
EDUC,1988-09-26,0.0,0.2188,0.1719,0.1719
EDUC,1988-09-27,0.1719,0.1719,0.1719,0.1719
EDUC,1988-09-28,0.0,0.2188,0.1719,0.1719
EDUC,1988-09-29,0.0,0.2188,0.1719,0.1719
EDUC,1988-09-30,0.1719,0.1719,0.1719,0.1719
EDUC,1988-10-03,0.1719,0.1719,0.1719,0.1719
EDUC,1988-10-04,0.1719,0.1719,0.1719,0.1719
EDUC,1988-10-05,0.1719,0.1719,0.1719,0.1719
EDUC,1988-10-06,0.1719,0.1719,0.1719,0.1719
EDUC,1988-10-07,0.0,0.2188,0.1719,0.1719
EDUC,1988-10-10,0.0,0.2188,0.1719,0.1719
EDUC,1988-10-11,0.0,0.2188,0.1719,0.1719
EDUC,1988-10-12,0.1719,0.1719,0.1719,0.1719
EDUC,1988-10-13,0.1719,0.1719,0.1719,0.1719
EDUC,1988-10-14,0.0,0.2188,0.1719,0.1719
EDUC,1988-10-17,0.0,0.2188,0.1719,0.1719
EDUC,1988-10-18,0.1719,0.1719,0.1719,0.1719
EDUC,1988-10-19,0.1719,0.1719,0.1719,0.1719
EDUC,1988-10-20,0.1719,0.1719,0.1719,0.1719
EDUC,1988-10-21,0.1719,0.1719,0.1719,0.1719
EDUC,1988-10-24,0.0,0.2188,0.1719,0.1719
EDUC,1988-10-25,0.1719,0.1719,0.1719,0.1719
EDUC,1988-10-26,0.0,0.2188,0.1719,0.1719
EDUC,1988-10-27,0.0,0.2188,0.1719,0.1719
EDUC,1988-10-28,0.0,0.2188,0.1719,0.1719
EDUC,1988-10-31,0.1719,0.1719,0.1719,0.1719
EDUC,1988-11-01,0.1719,0.1719,0.1719,0.1719
EDUC,1988-11-02,0.1719,0.1719,0.1719,0.1719
EDUC,1988-11-03,0.0,0.2188,0.1719,0.1719
EDUC,1988-11-04,0.1719,0.1719,0.1719,0.1719
EDUC,1988-11-07,0.1719,0.1719,0.1719,0.1719
EDUC,1988-11-08,0.1719,0.1719,0.1719,0.1719
EDUC,1988-11-09,0.0,0.2188,0.1719,0.1719
EDUC,1988-11-10,0.1719,0.1719,0.1719,0.1719
EDUC,1988-11-11,0.1719,0.1719,0.1719,0.1719
EDUC,1988-11-14,0.1719,0.1719,0.1719,0.1719
EDUC,1988-11-15,0.1719,0.1719,0.1719,0.1719
EDUC,1988-11-16,0.1719,0.1719,0.1719,0.1719
EDUC,1988-11-17,0.1719,0.1719,0.1719,0.1719
EDUC,1988-11-18,0.0,0.2188,0.1719,0.1719
EDUC,1988-11-21,0.1719,0.1719,0.1719,0.1719
EDUC,1988-11-22,0.1719,0.1719,0.1719,0.1719
EDUC,1988-11-23,0.1719,0.1719,0.1719,0.1719
EDUC,1988-11-25,0.1719,0.1719,0.1719,0.1719
EDUC,1988-11-28,0.1719,0.1719,0.1719,0.1719
EDUC,1988-11-29,0.1719,0.1719,0.1719,0.1719
EDUC,1988-11-30,0.1719,0.1719,0.1719,0.1719
EDUC,1988-12-01,0.1719,0.1719,0.1719,0.1719
EDUC,1988-12-02,0.1719,0.1719,0.1719,0.1719
EDUC,1988-12-05,0.1719,0.1719,0.1719,0.1719
EDUC,1988-12-06,0.1719,0.1719,0.1719,0.1719
EDUC,1988-12-07,0.1719,0.1719,0.1719,0.1719
EDUC,1988-12-08,0.0,0.2031,0.1719,0.1719
EDUC,1988-12-09,0.0,0.2031,0.1719,0.1719
EDUC,1988-12-12,0.1719,0.1719,0.1719,0.1719
EDUC,1988-12-13,0.0,0.2188,0.1719,0.1719
EDUC,1988-12-14,0.0,0.2188,0.1719,0.1719
EDUC,1988-12-15,0.0,0.2188,0.1719,0.1719
EDUC,1988-12-16,0.1719,0.1719,0.1719,0.1719
EDUC,1988-12-19,0.1719,0.1719,0.1719,0.1719
EDUC,1988-12-20,0.1719,0.1719,0.1719,0.1719
EDUC,1988-12-21,0.1719,0.1719,0.1719,0.1719
EDUC,1988-12-22,0.0,0.2344,0.1875,0.1875
EDUC,1988-12-23,0.0,0.2344,0.1875,0.1875
EDUC,1988-12-27,0.1875,0.1875,0.1875,0.1875
EDUC,1988-12-28,0.0,0.2344,0.1875,0.1875
EDUC,1988-12-29,0.1875,0.1875,0.1875,0.1875
EDUC,1988-12-30,0.0,0.2188,0.2031,0.2031
EDUC,1989-01-03,0.2031,0.2031,0.2031,0.2031
EDUC,1989-01-04,0.2031,0.2031,0.2031,0.2031
EDUC,1989-01-05,0.2031,0.2031,0.2031,0.2031
EDUC,1989-01-06,0.0,0.2344,0.2031,0.2031
EDUC,1989-01-09,0.2031,0.2031,0.2031,0.2031
EDUC,1989-01-10,0.0,0.2344,0.2031,0.2031
EDUC,1989-01-11,0.2031,0.2031,0.2031,0.2031
EDUC,1989-01-12,0.0,0.2344,0.2188,0.2188
EDUC,1989-01-13,0.2188,0.2188,0.2188,0.2188
EDUC,1989-01-16,0.0,0.25,0.2188,0.2188
EDUC,1989-01-17,0.0,0.25,0.2188,0.2188
EDUC,1989-01-18,0.0,0.25,0.2188,0.2188
EDUC,1989-01-19,0.0,0.25,0.2188,0.2188
EDUC,1989-01-20,0.2188,0.2188,0.2188,0.2188
EDUC,1989-01-23,0.2188,0.2188,0.2188,0.2188
EDUC,1989-01-24,0.0,0.25,0.2188,0.2188
EDUC,1989-01-25,0.2188,0.2188,0.2188,0.2188
EDUC,1989-01-26,0.0,0.2344,0.2188,0.2188
EDUC,1989-01-27,0.2188,0.2188,0.2188,0.2188
EDUC,1989-01-30,0.2188,0.2188,0.2188,0.2188
EDUC,1989-01-31,0.2188,0.2188,0.2188,0.2188
EDUC,1989-02-01,0.0,0.2344,0.2188,0.2188
EDUC,1989-02-02,0.0,0.2344,0.2188,0.2188
EDUC,1989-02-03,0.0,0.2188,0.2031,0.2031
EDUC,1989-02-06,0.0,0.25,0.1875,0.1875
EDUC,1989-02-07,0.0,0.25,0.2031,0.2031
EDUC,1989-02-08,0.0,0.2344,0.1875,0.1875
EDUC,1989-02-09,0.1875,0.1875,0.1875,0.1875
EDUC,1989-02-10,0.1875,0.1875,0.1875,0.1875
EDUC,1989-02-13,0.0,0.2344,0.1875,0.1875
EDUC,1989-02-14,0.0,0.25,0.1875,0.1875
EDUC,1989-02-15,0.1875,0.1875,0.1875,0.1875
EDUC,1989-02-16,0.1875,0.1875,0.1875,0.1875
EDUC,1989-02-17,0.0,0.2188,0.2031,0.2031
EDUC,1989-02-21,0.0,0.2188,0.2031,0.2031
EDUC,1989-02-22,0.0,0.2188,0.2031,0.2031
EDUC,1989-02-23,0.0,0.2188,0.2031,0.2031
EDUC,1989-02-24,0.0,0.2188,0.1875,0.1875
EDUC,1989-02-27,0.1875,0.1875,0.1875,0.1875
EDUC,1989-02-28,0.0,0.1875,0.1562,0.1562
EDUC,1989-03-01,0.1562,0.1562,0.1562,0.1562
EDUC,1989-03-02,0.1562,0.1562,0.1562,0.1562
EDUC,1989-03-03,0.0,0.1875,0.1562,0.1562
EDUC,1989-03-06,0.1562,0.1562,0.1562,0.1562
EDUC,1989-03-07,0.0,0.1875,0.1562,0.1562
EDUC,1989-03-08,0.1562,0.1562,0.1562,0.1562
EDUC,1989-03-09,0.0,0.1797,0.1562,0.1562
EDUC,1989-03-10,0.0,0.1797,0.1562,0.1562
EDUC,1989-03-13,0.0,0.1875,0.1562,0.1562
EDUC,1989-03-14,0.0,0.1797,0.1562,0.1562
EDUC,1989-03-15,0.1562,0.1562,0.1562,0.1562
EDUC,1989-03-16,0.0,0.1797,0.1562,0.1562
EDUC,1989-03-17,0.0,0.1797,0.1562,0.1562
EDUC,1989-03-20,0.1562,0.1562,0.1562,0.1562
EDUC,1989-03-21,0.1562,0.1562,0.1562,0.1562
EDUC,1989-03-22,0.1562,0.1562,0.1562,0.1562
EDUC,1989-03-23,0.0,0.1797,0.1562,0.1562
EDUC,1989-03-27,0.1562,0.1562,0.1562,0.1562
EDUC,1989-03-28,0.1562,0.1562,0.1562,0.1562
EDUC,1989-03-29,0.1562,0.1562,0.1562,0.1562
EDUC,1989-03-30,0.1562,0.1562,0.1562,0.1562
EDUC,1989-03-31,0.1562,0.1562,0.1562,0.1562
EDUC,1989-04-03,0.0,0.1797,0.1562,0.1562
EDUC,1989-04-04,0.1562,0.1562,0.1562,0.1562
EDUC,1989-04-05,0.0,0.1719,0.1562,0.1562
EDUC,1989-04-06,0.1562,0.1562,0.1562,0.1562
EDUC,1989-04-07,0.0,0.1719,0.1562,0.1562
EDUC,1989-04-10,0.1562,0.1562,0.1562,0.1562
EDUC,1989-04-11,0.0,0.1719,0.1562,0.1562
EDUC,1989-04-12,0.1562,0.1562,0.1562,0.1562
EDUC,1989-04-13,0.1562,0.1562,0.1562,0.1562
EDUC,1989-04-14,0.0,0.1875,0.1719,0.1719
EDUC,1989-04-17,0.0,0.1875,0.1719,0.1719
EDUC,1989-04-18,0.0,0.2031,0.1719,0.1719
EDUC,1989-04-19,0.1719,0.1719,0.1719,0.1719
EDUC,1989-04-20,0.0,0.2031,0.1719,0.1719
EDUC,1989-04-21,0.0,0.2031,0.1875,0.1875
EDUC,1989-04-24,0.0,0.2031,0.1875,0.1875
EDUC,1989-04-25,0.1875,0.1875,0.1875,0.1875
EDUC,1989-04-26,0.0,0.2031,0.1875,0.1875
EDUC,1989-04-27,0.1875,0.1875,0.1875,0.1875
EDUC,1989-04-28,0.1875,0.1875,0.1875,0.1875
EDUC,1989-05-01,0.1875,0.1875,0.1875,0.1875
EDUC,1989-05-02,0.1875,0.1875,0.1875,0.1875
EDUC,1989-05-03,0.1875,0.1875,0.1875,0.1875
EDUC,1989-05-04,0.0,0.2031,0.1875,0.1875
EDUC,1989-05-05,0.1875,0.1875,0.1875,0.1875
EDUC,1989-05-08,0.1875,0.1875,0.1875,0.1875
EDUC,1989-05-09,0.1875,0.1875,0.1875,0.1875
EDUC,1989-05-10,0.1875,0.1875,0.1875,0.1875
EDUC,1989-05-11,0.1875,0.1875,0.1875,0.1875
EDUC,1989-05-12,0.0,0.2031,0.1719,0.1719
EDUC,1989-05-15,0.0,0.2031,0.1719,0.1719
EDUC,1989-05-16,0.0,0.2031,0.1719,0.1719
EDUC,1989-05-17,0.0,0.1875,0.1719,0.1719
EDUC,1989-05-18,0.0,0.1875,0.1719,0.1719
EDUC,1989-05-19,0.1719,0.1719,0.1719,0.1719
EDUC,1989-05-22,0.1719,0.1719,0.1719,0.1719
EDUC,1989-05-23,0.1719,0.1719,0.1719,0.1719
EDUC,1989-05-24,0.0,0.1875,0.1562,0.1562
EDUC,1989-05-25,0.0,0.1875,0.1562,0.1562
EDUC,1989-05-26,0.1562,0.1562,0.1562,0.1562
EDUC,1989-05-30,0.0,0.1875,0.1562,0.1562
EDUC,1989-05-31,0.1562,0.1562,0.1562,0.1562
EDUC,1989-06-01,0.1562,0.1562,0.1562,0.1562
EDUC,1989-06-02,0.1562,0.1562,0.1562,0.1562
EDUC,1989-06-05,0.1562,0.1562,0.1562,0.1562
EDUC,1989-06-06,0.0,0.1875,0.1562,0.1562
EDUC,1989-06-07,0.1562,0.1562,0.1562,0.1562
EDUC,1989-06-08,0.0,0.1875,0.1562,0.1562
EDUC,1989-06-09,0.1562,0.1562,0.1562,0.1562
EDUC,1989-06-12,0.1562,0.1562,0.1562,0.1562
EDUC,1989-06-13,0.1562,0.1562,0.1562,0.1562
EDUC,1989-06-14,0.1562,0.1562,0.1562,0.1562
EDUC,1989-06-15,0.1562,0.1562,0.1562,0.1562
EDUC,1989-06-16,0.0,0.1875,0.1562,0.1562
EDUC,1989-06-19,0.0,0.1875,0.1562,0.1562
EDUC,1989-06-20,0.0,0.1875,0.1562,0.1562
EDUC,1989-06-21,0.0,0.1875,0.1562,0.1562
EDUC,1989-06-22,0.1562,0.1562,0.1562,0.1562
EDUC,1989-06-23,0.1562,0.1562,0.1562,0.1562
EDUC,1989-06-26,0.0,0.1875,0.1562,0.1562
EDUC,1989-06-27,0.0,0.1875,0.1562,0.1562
EDUC,1989-06-28,0.0,0.1875,0.1562,0.1562
EDUC,1989-06-29,0.1562,0.1562,0.1562,0.1562
EDUC,1989-06-30,0.1562,0.1562,0.1562,0.1562
EDUC,1989-07-03,0.1562,0.1562,0.1562,0.1562
EDUC,1989-07-05,0.0,0.1875,0.1562,0.1562
EDUC,1989-07-06,0.1562,0.1562,0.1562,0.1562
EDUC,1989-07-07,0.0,0.1875,0.1562,0.1562
EDUC,1989-07-10,0.1562,0.1562,0.1562,0.1562
EDUC,1989-07-11,0.1562,0.1562,0.1562,0.1562
EDUC,1989-07-12,0.1562,0.1562,0.1562,0.1562
EDUC,1989-07-13,0.0,0.1875,0.1562,0.1562
EDUC,1989-07-14,0.0,0.1875,0.1719,0.1719
EDUC,1989-07-17,0.0,0.2188,0.1719,0.1719
EDUC,1989-07-18,0.0,0.2188,0.1719,0.1719
EDUC,1989-07-19,0.0,0.2188,0.1875,0.1875
EDUC,1989-07-20,0.1875,0.1875,0.1875,0.1875
EDUC,1989-07-21,0.1875,0.1875,0.1875,0.1875
EDUC,1989-07-24,0.0,0.2188,0.1875,0.1875
EDUC,1989-07-25,0.0,0.2188,0.1875,0.1875
EDUC,1989-07-26,0.1875,0.1875,0.1875,0.1875
EDUC,1989-07-27,0.1875,0.1875,0.1875,0.1875
EDUC,1989-07-28,0.0,0.2188,0.1875,0.1875
EDUC,1989-07-31,0.0,0.2188,0.1875,0.1875
EDUC,1989-08-01,0.1875,0.1875,0.1875,0.1875
EDUC,1989-08-02,0.1875,0.1875,0.1875,0.1875
EDUC,1989-08-03,0.0,0.2344,0.2031,0.2031
EDUC,1989-08-04,0.0,0.2344,0.2188,0.2188
EDUC,1989-08-07,0.0,0.2812,0.2344,0.2344
EDUC,1989-08-08,0.0,0.2656,0.2344,0.2344
EDUC,1989-08-09,0.0,0.2656,0.2344,0.2344
EDUC,1989-08-10,0.0,0.2656,0.2188,0.2188
EDUC,1989-08-11,0.2188,0.2188,0.2188,0.2188
EDUC,1989-08-14,0.2188,0.2188,0.2188,0.2188
EDUC,1989-08-15,0.0,0.2656,0.2188,0.2188
EDUC,1989-08-16,0.2188,0.2188,0.2188,0.2188
EDUC,1989-08-17,0.0,0.2656,0.2344,0.2344
EDUC,1989-08-18,0.2344,0.2344,0.2344,0.2344
EDUC,1989-08-21,0.0,0.2812,0.2344,0.2344
EDUC,1989-08-22,0.0,0.2812,0.2344,0.2344
EDUC,1989-08-23,0.0,0.2812,0.2344,0.2344
EDUC,1989-08-24,0.0,0.2812,0.2344,0.2344
EDUC,1989-08-25,0.0,0.2656,0.2344,0.2344
EDUC,1989-08-28,0.0,0.2656,0.2344,0.2344
EDUC,1989-08-29,0.0,0.2656,0.2344,0.2344
EDUC,1989-08-30,0.0,0.2656,0.2344,0.2344
EDUC,1989-08-31,0.0,0.2656,0.25,0.25
EDUC,1989-09-01,0.0,0.2812,0.25,0.25
EDUC,1989-09-05,0.0,0.2812,0.25,0.25
EDUC,1989-09-06,0.0,0.2812,0.25,0.25
EDUC,1989-09-07,0.25,0.25,0.25,0.25
EDUC,1989-09-08,0.25,0.25,0.25,0.25
EDUC,1989-09-11,0.0,0.3125,0.2656,0.2656
EDUC,1989-09-12,0.0,0.3125,0.2656,0.2656
EDUC,1989-09-13,0.2656,0.2656,0.2656,0.2656
EDUC,1989-09-14,0.0,0.3125,0.2656,0.2656
EDUC,1989-09-15,0.0,0.3125,0.2656,0.2656
EDUC,1989-09-18,0.2656,0.2656,0.2656,0.2656
EDUC,1989-09-19,0.2656,0.2656,0.2656,0.2656
EDUC,1989-09-20,0.0,0.3125,0.2656,0.2656
EDUC,1989-09-21,0.0,0.3125,0.2656,0.2656
EDUC,1989-09-22,0.0,0.3125,0.2656,0.2656
EDUC,1989-09-25,0.2656,0.2656,0.2656,0.2656
EDUC,1989-09-26,0.0,0.3125,0.2656,0.2656
EDUC,1989-09-27,0.0,0.2812,0.25,0.25
EDUC,1989-09-28,0.25,0.25,0.25,0.25
EDUC,1989-09-29,0.25,0.25,0.25,0.25
EDUC,1989-10-02,0.25,0.25,0.25,0.25
EDUC,1989-10-03,0.25,0.25,0.25,0.25
EDUC,1989-10-04,0.0,0.2812,0.25,0.25
EDUC,1989-10-05,0.0,0.2812,0.25,0.25
EDUC,1989-10-06,0.0,0.2812,0.25,0.25
EDUC,1989-10-09,0.0,0.2812,0.25,0.25
EDUC,1989-10-10,0.0,0.2812,0.25,0.25
EDUC,1989-10-11,0.0,0.2812,0.25,0.25
EDUC,1989-10-12,0.0,0.2812,0.25,0.25
EDUC,1989-10-13,0.25,0.25,0.25,0.25
EDUC,1989-10-16,0.25,0.25,0.25,0.25
EDUC,1989-10-17,0.0,0.2812,0.2344,0.2344
EDUC,1989-10-18,0.2344,0.2344,0.2344,0.2344
EDUC,1989-10-19,0.0,0.2812,0.2344,0.2344
EDUC,1989-10-20,0.2344,0.2344,0.2344,0.2344
EDUC,1989-10-23,0.0,0.2812,0.2344,0.2344
EDUC,1989-10-24,0.2344,0.2344,0.2344,0.2344
EDUC,1989-10-25,0.2344,0.2344,0.2344,0.2344
EDUC,1989-10-26,0.2344,0.2344,0.2344,0.2344
EDUC,1989-10-27,0.0,0.2812,0.2344,0.2344
EDUC,1989-10-30,0.2344,0.2344,0.2344,0.2344
EDUC,1989-10-31,0.0,0.2812,0.2344,0.2344
EDUC,1989-11-01,0.0,0.2812,0.2344,0.2344
EDUC,1989-11-02,0.2344,0.2344,0.2344,0.2344
EDUC,1989-11-03,0.2344,0.2344,0.2344,0.2344
EDUC,1989-11-06,0.0,0.2812,0.2344,0.2344
EDUC,1989-11-07,0.0,0.2812,0.2344,0.2344
EDUC,1989-11-08,0.0,0.2656,0.2344,0.2344
EDUC,1989-11-09,0.0,0.2812,0.2344,0.2344
EDUC,1989-11-10,0.0,0.2969,0.2656,0.2656
EDUC,1989-11-13,0.0,0.2969,0.2656,0.2656
EDUC,1989-11-14,0.0,0.2969,0.25,0.25
EDUC,1989-11-15,0.0,0.2969,0.25,0.25
EDUC,1989-11-16,0.25,0.25,0.25,0.25
EDUC,1989-11-17,0.0,0.2969,0.25,0.25
EDUC,1989-11-20,0.25,0.25,0.25,0.25
EDUC,1989-11-21,0.25,0.25,0.25,0.25
EDUC,1989-11-22,0.0,0.2969,0.25,0.25
EDUC,1989-11-24,0.25,0.25,0.25,0.25
EDUC,1989-11-27,0.0,0.2969,0.25,0.25
EDUC,1989-11-28,0.0,0.2969,0.25,0.25
EDUC,1989-11-29,0.0,0.2969,0.25,0.25
EDUC,1989-11-30,0.0,0.2969,0.2656,0.2656
EDUC,1989-12-01,0.2656,0.2656,0.2656,0.2656
EDUC,1989-12-04,0.0,0.2969,0.2656,0.2656
EDUC,1989-12-05,0.2656,0.2656,0.2656,0.2656
EDUC,1989-12-06,0.0,0.3125,0.2812,0.2812
EDUC,1989-12-07,0.0,0.3125,0.2812,0.2812
EDUC,1989-12-08,0.0,0.3281,0.2812,0.2812
EDUC,1989-12-11,0.0,0.3281,0.2812,0.2812
EDUC,1989-12-12,0.0,0.3281,0.2812,0.2812
EDUC,1989-12-13,0.0,0.3281,0.2812,0.2812
EDUC,1989-12-14,0.0,0.3281,0.2812,0.2812
EDUC,1989-12-15,0.0,0.3281,0.2812,0.2812
EDUC,1989-12-18,0.0,0.3125,0.2812,0.2812
EDUC,1989-12-19,0.0,0.3125,0.2812,0.2812
EDUC,1989-12-20,0.0,0.3281,0.2812,0.2812
EDUC,1989-12-21,0.0,0.3281,0.2812,0.2812
EDUC,1989-12-22,0.0,0.3281,0.2812,0.2812
EDUC,1989-12-26,0.2812,0.2812,0.2812,0.2812
EDUC,1989-12-27,0.2812,0.2812,0.2812,0.2812
EDUC,1989-12-28,0.0,0.3281,0.2812,0.2812
EDUC,1989-12-29,0.0,0.3281,0.2812,0.2812
EDUC,1990-01-02,0.0,0.3281,0.2812,0.2812
EDUC,1990-01-03,0.0,0.375,0.3281,0.3281
EDUC,1990-01-04,0.0,0.375,0.3281,0.3281
EDUC,1990-01-05,0.0,0.375,0.3281,0.3281
EDUC,1990-01-08,0.0,0.375,0.3125,0.3125
EDUC,1990-01-09,0.3125,0.3125,0.3125,0.3125
EDUC,1990-01-10,0.0,0.375,0.3125,0.3125
EDUC,1990-01-11,0.0,0.375,0.3125,0.3125
EDUC,1990-01-12,0.3125,0.3125,0.3125,0.3125
EDUC,1990-01-15,0.3125,0.3125,0.3125,0.3125
EDUC,1990-01-16,0.0,0.375,0.3125,0.3125
EDUC,1990-01-17,0.3125,0.3125,0.3125,0.3125
EDUC,1990-01-18,0.0,0.375,0.3125,0.3125
EDUC,1990-01-19,0.3125,0.3125,0.3125,0.3125
EDUC,1990-01-22,0.3125,0.3125,0.3125,0.3125
EDUC,1990-01-23,0.0,0.375,0.3125,0.3125
EDUC,1990-01-24,0.0,0.375,0.3125,0.3125
EDUC,1990-01-25,0.0,0.375,0.3125,0.3125
EDUC,1990-01-26,0.0,0.375,0.3125,0.3125
EDUC,1990-01-29,0.0,0.375,0.3125,0.3125
EDUC,1990-01-30,0.0,0.375,0.3125,0.3125
EDUC,1990-01-31,0.0,0.375,0.3125,0.3125
EDUC,1990-02-01,0.0,0.375,0.3125,0.3125
EDUC,1990-02-02,0.3125,0.3125,0.3125,0.3125
EDUC,1990-02-05,0.0,0.3281,0.2969,0.2969
EDUC,1990-02-06,0.2969,0.2969,0.2969,0.2969
EDUC,1990-02-07,0.0,0.3438,0.2969,0.2969
EDUC,1990-02-08,0.0,0.3438,0.2969,0.2969
EDUC,1990-02-09,0.0,0.375,0.3125,0.3125
EDUC,1990-02-12,0.0,0.375,0.3125,0.3125
EDUC,1990-02-13,0.0,0.3281,0.25,0.25
EDUC,1990-02-14,0.0,0.3281,0.2812,0.2812
EDUC,1990-02-15,0.2812,0.2812,0.2812,0.2812
EDUC,1990-02-16,0.0,0.3594,0.2969,0.2969
EDUC,1990-02-20,0.2969,0.2969,0.2969,0.2969
EDUC,1990-02-21,0.0,0.3594,0.2969,0.2969
EDUC,1990-02-22,0.0,0.3594,0.2812,0.2812
EDUC,1990-02-23,0.0,0.3594,0.2812,0.2812
EDUC,1990-02-26,0.0,0.3594,0.2812,0.2812
EDUC,1990-02-27,0.0,0.3594,0.2812,0.2812
EDUC,1990-02-28,0.2812,0.2812,0.2812,0.2812
EDUC,1990-03-01,0.0,0.3438,0.25,0.25
EDUC,1990-03-02,0.0,0.3438,0.2656,0.2656
EDUC,1990-03-05,0.2656,0.2656,0.2656,0.2656
EDUC,1990-03-06,0.2656,0.2656,0.2656,0.2656
EDUC,1990-03-07,0.0,0.3438,0.2656,0.2656
EDUC,1990-03-08,0.0,0.3438,0.2656,0.2656
EDUC,1990-03-09,0.0,0.3438,0.2812,0.2812
EDUC,1990-03-12,0.0,0.3438,0.2812,0.2812
EDUC,1990-03-13,0.0,0.375,0.2812,0.2812
EDUC,1990-03-14,0.2812,0.2812,0.2812,0.2812
EDUC,1990-03-15,0.2812,0.2812,0.2812,0.2812
EDUC,1990-03-16,0.0,0.375,0.2812,0.2812
EDUC,1990-03-19,0.0,0.375,0.2812,0.2812
EDUC,1990-03-20,0.2812,0.2812,0.2812,0.2812
EDUC,1990-03-21,0.2812,0.2812,0.2812,0.2812
EDUC,1990-03-22,0.0,0.375,0.2812,0.2812
EDUC,1990-03-23,0.0,0.375,0.2969,0.2969
EDUC,1990-03-26,0.0,0.3594,0.2969,0.2969
EDUC,1990-03-27,0.0,0.3906,0.3125,0.3125
EDUC,1990-03-28,0.0,0.375,0.3125,0.3125
EDUC,1990-03-29,0.3125,0.3125,0.3125,0.3125
EDUC,1990-03-30,0.3125,0.3125,0.3125,0.3125
EDUC,1990-04-02,0.3125,0.3125,0.3125,0.3125
EDUC,1990-04-03,0.0,0.375,0.2969,0.2969
EDUC,1990-04-04,0.2969,0.2969,0.2969,0.2969
EDUC,1990-04-05,0.0,0.3594,0.2969,0.2969
EDUC,1990-04-06,0.2969,0.2969,0.2969,0.2969
EDUC,1990-04-09,0.0,0.3594,0.2969,0.2969
EDUC,1990-04-10,0.0,0.3594,0.2969,0.2969
EDUC,1990-04-11,0.2969,0.2969,0.2969,0.2969
EDUC,1990-04-12,0.2969,0.2969,0.2969,0.2969
EDUC,1990-04-16,0.0,0.3594,0.2969,0.2969
EDUC,1990-04-17,0.0,0.3438,0.2969,0.2969
EDUC,1990-04-18,0.0,0.3438,0.2812,0.2812
EDUC,1990-04-19,0.2812,0.2812,0.2812,0.2812
EDUC,1990-04-20,0.0,0.3438,0.2812,0.2812
EDUC,1990-04-23,0.0,0.3281,0.2656,0.2656
EDUC,1990-04-24,0.2656,0.2656,0.2656,0.2656
EDUC,1990-04-25,0.2656,0.2656,0.2656,0.2656
EDUC,1990-04-26,0.0,0.3438,0.2812,0.2812
EDUC,1990-04-27,0.2812,0.2812,0.2812,0.2812
EDUC,1990-04-30,0.2812,0.2812,0.2812,0.2812
EDUC,1990-05-01,0.0,0.375,0.3125,0.3125
EDUC,1990-05-02,0.0,0.375,0.3125,0.3125
EDUC,1990-05-03,0.0,0.375,0.3281,0.3281
EDUC,1990-05-04,0.3281,0.3281,0.3281,0.3281
EDUC,1990-05-07,0.0,0.375,0.3281,0.3281
EDUC,1990-05-08,0.0,0.375,0.3281,0.3281
EDUC,1990-05-09,0.0,0.375,0.3125,0.3125
EDUC,1990-05-10,0.0,0.375,0.3125,0.3125
EDUC,1990-05-11,0.0,0.375,0.3125,0.3125
EDUC,1990-05-14,0.0,0.375,0.3281,0.3281
EDUC,1990-05-15,0.0,0.3594,0.3281,0.3281
EDUC,1990-05-16,0.0,0.375,0.3281,0.3281
EDUC,1990-05-17,0.3281,0.3281,0.3281,0.3281
EDUC,1990-05-18,0.0,0.375,0.3281,0.3281
EDUC,1990-05-21,0.0,0.375,0.3281,0.3281
EDUC,1990-05-22,0.3281,0.3281,0.3281,0.3281
EDUC,1990-05-23,0.0,0.375,0.3281,0.3281
EDUC,1990-05-24,0.0,0.375,0.3281,0.3281
EDUC,1990-05-25,0.0,0.375,0.3281,0.3281
EDUC,1990-05-29,0.0,0.3594,0.3125,0.3125
EDUC,1990-05-30,0.3125,0.3125,0.3125,0.3125
EDUC,1990-05-31,0.0,0.3594,0.3125,0.3125
EDUC,1990-06-01,0.3125,0.3125,0.3125,0.3125
EDUC,1990-06-04,0.0,0.3594,0.3125,0.3125
EDUC,1990-06-05,0.3125,0.3125,0.3125,0.3125
EDUC,1990-06-06,0.3125,0.3125,0.3125,0.3125
EDUC,1990-06-07,0.0,0.3594,0.3125,0.3125
EDUC,1990-06-08,0.0,0.3594,0.3125,0.3125
EDUC,1990-06-11,0.0,0.3594,0.3125,0.3125
EDUC,1990-06-12,0.3125,0.3125,0.3125,0.3125
EDUC,1990-06-13,0.0,0.375,0.3281,0.3281
EDUC,1990-06-14,0.3281,0.3281,0.3281,0.3281
EDUC,1990-06-15,0.3281,0.3281,0.3281,0.3281
EDUC,1990-06-18,0.0,0.375,0.3438,0.3438
EDUC,1990-06-19,0.0,0.3906,0.375,0.375
EDUC,1990-06-20,0.0,0.4375,0.375,0.375
EDUC,1990-06-21,0.0,0.4375,0.375,0.375
EDUC,1990-06-22,0.0,0.4062,0.375,0.375
EDUC,1990-06-25,0.0,0.4062,0.375,0.375
EDUC,1990-06-26,0.0,0.4062,0.375,0.375
EDUC,1990-06-27,0.0,0.4062,0.375,0.375
EDUC,1990-06-28,0.375,0.375,0.375,0.375
EDUC,1990-06-29,0.0,0.4375,0.375,0.375
EDUC,1990-07-02,0.0,0.5,0.4062,0.4062
EDUC,1990-07-03,0.0,0.5,0.4375,0.4375
EDUC,1990-07-05,0.0,0.5,0.4062,0.4062
EDUC,1990-07-06,0.4062,0.4062,0.4062,0.4062
EDUC,1990-07-09,0.0,0.4688,0.4062,0.4062
EDUC,1990-07-10,0.0,0.4375,0.375,0.375
EDUC,1990-07-11,0.0,0.4375,0.375,0.375
EDUC,1990-07-12,0.0,0.4375,0.375,0.375
EDUC,1990-07-13,0.0,0.4375,0.375,0.375
EDUC,1990-07-16,0.0,0.4375,0.375,0.375
EDUC,1990-07-17,0.0,0.4375,0.375,0.375
EDUC,1990-07-18,0.0,0.4062,0.3438,0.3438
EDUC,1990-07-19,0.0,0.4062,0.3438,0.3438
EDUC,1990-07-20,0.0,0.4062,0.3438,0.3438
EDUC,1990-07-23,0.0,0.4062,0.3438,0.3438
EDUC,1990-07-24,0.0,0.375,0.3125,0.3125
EDUC,1990-07-25,0.0,0.375,0.3125,0.3125
EDUC,1990-07-26,0.3125,0.3125,0.3125,0.3125
EDUC,1990-07-27,0.0,0.375,0.3125,0.3125
EDUC,1990-07-30,0.0,0.375,0.3125,0.3125
EDUC,1990-07-31,0.3125,0.3125,0.3125,0.3125
EDUC,1990-08-01,0.0,0.375,0.3125,0.3125
EDUC,1990-08-02,0.0,0.375,0.3125,0.3125
EDUC,1990-08-03,0.0,0.375,0.3125,0.3125
EDUC,1990-08-06,0.0,0.375,0.3125,0.3125
EDUC,1990-08-07,0.3125,0.3125,0.3125,0.3125
EDUC,1990-08-08,0.0,0.375,0.3125,0.3125
EDUC,1990-08-09,0.3125,0.3125,0.3125,0.3125
EDUC,1990-08-10,0.0,0.375,0.2812,0.2812
EDUC,1990-08-13,0.0,0.375,0.2812,0.2812
EDUC,1990-08-14,0.0,0.3438,0.2812,0.2812
EDUC,1990-08-15,0.2812,0.2812,0.2812,0.2812
EDUC,1990-08-16,0.2812,0.2812,0.2812,0.2812
EDUC,1990-08-17,0.2812,0.2812,0.2812,0.2812
EDUC,1990-08-20,0.2812,0.2812,0.2812,0.2812
EDUC,1990-08-21,0.2812,0.2812,0.2812,0.2812
EDUC,1990-08-22,0.2812,0.2812,0.2812,0.2812
EDUC,1990-08-23,0.2812,0.2812,0.2812,0.2812
EDUC,1990-08-24,0.0,0.3125,0.2812,0.2812
EDUC,1990-08-27,0.2812,0.2812,0.2812,0.2812
EDUC,1990-08-28,0.2812,0.2812,0.2812,0.2812
EDUC,1990-08-29,0.2812,0.2812,0.2812,0.2812
EDUC,1990-08-30,0.2812,0.2812,0.2812,0.2812
EDUC,1990-08-31,0.2812,0.2812,0.2812,0.2812
EDUC,1990-09-04,0.2812,0.2812,0.2812,0.2812
EDUC,1990-09-05,0.0,0.3125,0.2812,0.2812
EDUC,1990-09-06,0.2812,0.2812,0.2812,0.2812
EDUC,1990-09-07,0.2812,0.2812,0.2812,0.2812
EDUC,1990-09-10,0.0,0.2812,0.2344,0.2344
EDUC,1990-09-11,0.2344,0.2344,0.2344,0.2344
EDUC,1990-09-12,0.2344,0.2344,0.2344,0.2344
EDUC,1990-09-13,0.0,0.2812,0.2344,0.2344
EDUC,1990-09-14,0.2344,0.2344,0.2344,0.2344
EDUC,1990-09-17,0.0,0.2656,0.1875,0.1875
EDUC,1990-09-18,0.0,0.2656,0.1875,0.1875
EDUC,1990-09-19,0.1875,0.1875,0.1875,0.1875
EDUC,1990-09-20,0.0,0.2656,0.1875,0.1875
EDUC,1990-09-21,0.1875,0.1875,0.1875,0.1875
EDUC,1990-09-24,0.1875,0.1875,0.1875,0.1875
EDUC,1990-09-25,0.1875,0.1875,0.1875,0.1875
EDUC,1990-09-26,0.1875,0.1875,0.1875,0.1875
EDUC,1990-09-27,0.1875,0.1875,0.1875,0.1875
EDUC,1990-09-28,0.1875,0.1875,0.1875,0.1875
EDUC,1990-10-01,0.1875,0.1875,0.1875,0.1875
EDUC,1990-10-02,0.1875,0.1875,0.1875,0.1875
EDUC,1990-10-03,0.1875,0.1875,0.1875,0.1875
EDUC,1990-10-04,0.1875,0.1875,0.1875,0.1875
EDUC,1990-10-05,0.1875,0.1875,0.1875,0.1875
EDUC,1990-10-08,0.1875,0.1875,0.1875,0.1875
EDUC,1990-10-09,0.1875,0.1875,0.1875,0.1875
EDUC,1990-10-10,0.0,0.25,0.1875,0.1875
EDUC,1990-10-11,0.1875,0.1875,0.1875,0.1875
EDUC,1990-10-12,0.1875,0.1875,0.1875,0.1875
EDUC,1990-10-15,0.1875,0.1875,0.1875,0.1875
EDUC,1990-10-16,0.1875,0.1875,0.1875,0.1875
EDUC,1990-10-17,0.1875,0.1875,0.1875,0.1875
EDUC,1990-10-18,0.1875,0.1875,0.1875,0.1875
EDUC,1990-10-19,0.1875,0.1875,0.1875,0.1875
EDUC,1990-10-22,0.1875,0.1875,0.1875,0.1875
EDUC,1990-10-23,0.0,0.2188,0.125,0.125
EDUC,1990-10-24,0.125,0.125,0.125,0.125
EDUC,1990-10-25,0.125,0.125,0.125,0.125
EDUC,1990-10-26,0.0,0.2188,0.125,0.125
EDUC,1990-10-29,0.0,0.2188,0.125,0.125
EDUC,1990-10-30,0.125,0.125,0.125,0.125
EDUC,1990-10-31,0.0,0.2188,0.125,0.125
EDUC,1990-11-01,0.125,0.125,0.125,0.125
EDUC,1990-11-02,0.125,0.125,0.125,0.125
EDUC,1990-11-05,0.125,0.125,0.125,0.125
EDUC,1990-11-06,0.0,0.2188,0.125,0.125
EDUC,1990-11-07,0.0,0.2188,0.125,0.125
EDUC,1990-11-08,0.125,0.125,0.125,0.125
EDUC,1990-11-09,0.125,0.125,0.125,0.125
EDUC,1990-11-12,0.125,0.125,0.125,0.125
EDUC,1990-11-13,0.0,0.1875,0.125,0.125
EDUC,1990-11-14,0.0,0.1719,0.0938,0.0938
EDUC,1990-11-15,0.0938,0.0938,0.0938,0.0938
EDUC,1990-11-16,0.0938,0.0938,0.0938,0.0938
EDUC,1990-11-19,0.0938,0.0938,0.0938,0.0938
EDUC,1990-11-20,0.0938,0.0938,0.0938,0.0938
EDUC,1990-11-21,0.0938,0.0938,0.0938,0.0938
EDUC,1990-11-23,0.0,0.1719,0.0938,0.0938
EDUC,1990-11-26,0.0938,0.0938,0.0938,0.0938
EDUC,1990-11-27,0.0938,0.0938,0.0938,0.0938
EDUC,1990-11-28,0.0,0.1719,0.0938,0.0938
EDUC,1990-11-29,0.0938,0.0938,0.0938,0.0938
EDUC,1990-11-30,0.0938,0.0938,0.0938,0.0938
EDUC,1990-12-03,0.0,0.1719,0.0938,0.0938
EDUC,1990-12-04,0.0938,0.0938,0.0938,0.0938
EDUC,1990-12-05,0.0,0.1875,0.1094,0.1094
EDUC,1990-12-06,0.1094,0.1094,0.1094,0.1094
EDUC,1990-12-07,0.1094,0.1094,0.1094,0.1094
EDUC,1990-12-10,0.0,0.2031,0.1094,0.1094
EDUC,1990-12-11,0.1094,0.1094,0.1094,0.1094
EDUC,1990-12-12,0.1094,0.1094,0.1094,0.1094
EDUC,1990-12-13,0.0,0.2031,0.1094,0.1094
EDUC,1990-12-14,0.0,0.2031,0.1094,0.1094
EDUC,1990-12-17,0.0,0.1719,0.0938,0.0938
EDUC,1990-12-18,0.0,0.1562,0.0938,0.0938
EDUC,1990-12-19,0.0938,0.0938,0.0938,0.0938
EDUC,1990-12-20,0.0938,0.0938,0.0938,0.0938
EDUC,1990-12-21,0.0,0.1562,0.0938,0.0938
EDUC,1990-12-24,0.0938,0.0938,0.0938,0.0938
EDUC,1990-12-26,0.0938,0.0938,0.0938,0.0938
EDUC,1990-12-27,0.0938,0.0938,0.0938,0.0938
EDUC,1990-12-28,0.0938,0.0938,0.0938,0.0938
EDUC,1990-12-31,0.0,0.1562,0.0938,0.0938
EDUC,1991-01-02,0.0938,0.0938,0.0938,0.0938
EDUC,1991-01-03,0.0938,0.0938,0.0938,0.0938
EDUC,1991-01-04,0.0938,0.0938,0.0938,0.0938
EDUC,1991-01-07,0.0938,0.0938,0.0938,0.0938
EDUC,1991-01-08,0.0938,0.0938,0.0938,0.0938
EDUC,1991-01-09,0.0938,0.0938,0.0938,0.0938
EDUC,1991-01-10,0.0938,0.0938,0.0938,0.0938
EDUC,1991-01-11,0.0938,0.0938,0.0938,0.0938
EDUC,1991-01-14,0.0938,0.0938,0.0938,0.0938
EDUC,1991-01-15,0.0938,0.0938,0.0938,0.0938
EDUC,1991-01-16,0.0938,0.0938,0.0938,0.0938
EDUC,1991-01-17,0.0938,0.0938,0.0938,0.0938
EDUC,1991-01-18,0.0938,0.0938,0.0938,0.0938
EDUC,1991-01-21,0.0938,0.0938,0.0938,0.0938
EDUC,1991-01-22,0.0938,0.0938,0.0938,0.0938
EDUC,1991-01-23,0.0,0.1562,0.0938,0.0938
EDUC,1991-01-24,0.0938,0.0938,0.0938,0.0938
EDUC,1991-01-25,0.0938,0.0938,0.0938,0.0938
EDUC,1991-01-28,0.0,0.1562,0.0938,0.0938
EDUC,1991-01-29,0.0938,0.0938,0.0938,0.0938
EDUC,1991-01-30,0.0938,0.0938,0.0938,0.0938
EDUC,1991-01-31,0.0938,0.0938,0.0938,0.0938
EDUC,1991-02-01,0.0938,0.0938,0.0938,0.0938
EDUC,1991-02-04,0.0938,0.0938,0.0938,0.0938
EDUC,1991-02-05,0.0,0.1875,0.0938,0.0938
EDUC,1991-02-06,0.0938,0.0938,0.0938,0.0938
EDUC,1991-02-07,0.0,0.1875,0.0938,0.0938
EDUC,1991-02-08,0.0938,0.0938,0.0938,0.0938
EDUC,1991-02-11,0.0938,0.0938,0.0938,0.0938
EDUC,1991-02-12,0.0938,0.0938,0.0938,0.0938
EDUC,1991-02-13,0.0938,0.0938,0.0938,0.0938
EDUC,1991-02-14,0.0938,0.0938,0.0938,0.0938
EDUC,1991-02-15,0.0938,0.0938,0.0938,0.0938
EDUC,1991-02-19,0.0938,0.0938,0.0938,0.0938
EDUC,1991-02-20,0.0,0.2031,0.1094,0.1094
EDUC,1991-02-21,0.1094,0.1094,0.1094,0.1094
EDUC,1991-02-22,0.0,0.2031,0.1094,0.1094
EDUC,1991-02-25,0.0,0.2031,0.1094,0.1094
EDUC,1991-02-26,0.1094,0.1094,0.1094,0.1094
EDUC,1991-02-27,0.1094,0.1094,0.1094,0.1094
EDUC,1991-02-28,0.1094,0.1094,0.1094,0.1094
EDUC,1991-03-01,0.1094,0.1094,0.1094,0.1094
EDUC,1991-03-04,0.1094,0.1094,0.1094,0.1094
EDUC,1991-03-05,0.1094,0.1094,0.1094,0.1094
EDUC,1991-03-06,0.0,0.2031,0.1094,0.1094
EDUC,1991-03-07,0.1094,0.1094,0.1094,0.1094
EDUC,1991-03-08,0.1094,0.1094,0.1094,0.1094
EDUC,1991-03-11,0.1094,0.1094,0.1094,0.1094
EDUC,1991-03-12,0.1094,0.1094,0.1094,0.1094
EDUC,1991-03-13,0.0,0.2188,0.125,0.125
EDUC,1991-03-14,0.0,0.2188,0.125,0.125
EDUC,1991-03-15,0.125,0.125,0.125,0.125
EDUC,1991-03-18,0.125,0.125,0.125,0.125
EDUC,1991-03-19,0.0,0.2188,0.125,0.125
EDUC,1991-03-20,0.0,0.25,0.1562,0.1562
EDUC,1991-03-21,0.1562,0.1562,0.1562,0.1562
EDUC,1991-03-22,0.1562,0.1562,0.1562,0.1562
EDUC,1991-03-25,0.1562,0.1562,0.1562,0.1562
EDUC,1991-03-26,0.0,0.25,0.1562,0.1562
EDUC,1991-03-27,0.1562,0.1562,0.1562,0.1562
EDUC,1991-03-28,0.0,0.25,0.1562,0.1562
EDUC,1991-04-01,0.0,0.2656,0.1719,0.1719
EDUC,1991-04-02,0.0,0.25,0.1562,0.1562
EDUC,1991-04-03,0.1562,0.1562,0.1562,0.1562
EDUC,1991-04-04,0.1562,0.1562,0.1562,0.1562
EDUC,1991-04-05,0.0,0.25,0.1562,0.1562
EDUC,1991-04-08,0.1562,0.1562,0.1562,0.1562
EDUC,1991-04-09,0.1562,0.1562,0.1562,0.1562
EDUC,1991-04-10,0.0,0.25,0.1562,0.1562
EDUC,1991-04-11,0.1562,0.1562,0.1562,0.1562
EDUC,1991-04-12,0.1562,0.1562,0.1562,0.1562
EDUC,1991-04-15,0.0,0.2812,0.1875,0.1875
EDUC,1991-04-16,0.1875,0.1875,0.1875,0.1875
EDUC,1991-04-17,0.0,0.2812,0.1875,0.1875
EDUC,1991-04-18,0.1875,0.1875,0.1875,0.1875
EDUC,1991-04-19,0.1875,0.1875,0.1875,0.1875
EDUC,1991-04-22,0.0,0.2812,0.1875,0.1875
EDUC,1991-04-23,0.1875,0.1875,0.1875,0.1875
EDUC,1991-04-24,0.1875,0.1875,0.1875,0.1875
EDUC,1991-04-25,0.1875,0.1875,0.1875,0.1875
EDUC,1991-04-26,0.1875,0.1875,0.1875,0.1875
EDUC,1991-04-29,0.0,0.2812,0.1875,0.1875
EDUC,1991-04-30,0.1875,0.1875,0.1875,0.1875
EDUC,1991-05-01,0.1875,0.1875,0.1875,0.1875
EDUC,1991-05-02,0.1875,0.1875,0.1875,0.1875
EDUC,1991-05-03,0.1875,0.1875,0.1875,0.1875
EDUC,1991-05-06,0.1875,0.1875,0.1875,0.1875
EDUC,1991-05-07,0.0,0.2969,0.2031,0.2031
EDUC,1991-05-08,0.0,0.2969,0.2031,0.2031
EDUC,1991-05-09,0.2031,0.2031,0.2031,0.2031
EDUC,1991-05-10,0.0,0.2969,0.2031,0.2031
EDUC,1991-05-13,0.2031,0.2031,0.2031,0.2031
EDUC,1991-05-14,0.2031,0.2031,0.2031,0.2031
EDUC,1991-05-15,0.2031,0.2031,0.2031,0.2031
EDUC,1991-05-16,0.2031,0.2031,0.2031,0.2031
EDUC,1991-05-17,0.0,0.2969,0.2031,0.2031
EDUC,1991-05-20,0.2031,0.2031,0.2031,0.2031
EDUC,1991-05-21,0.0,0.2969,0.2031,0.2031
EDUC,1991-05-22,0.0,0.2969,0.2031,0.2031
EDUC,1991-05-23,0.2031,0.2031,0.2031,0.2031
EDUC,1991-05-24,0.2031,0.2031,0.2031,0.2031
EDUC,1991-05-28,0.2031,0.2031,0.2031,0.2031
EDUC,1991-05-29,0.2031,0.2031,0.2031,0.2031
EDUC,1991-05-30,0.2031,0.2031,0.2031,0.2031
EDUC,1991-05-31,0.2031,0.2031,0.2031,0.2031
EDUC,1991-06-03,0.2031,0.2031,0.2031,0.2031
EDUC,1991-06-04,0.2031,0.2031,0.2031,0.2031
EDUC,1991-06-05,0.2031,0.2031,0.2031,0.2031
EDUC,1991-06-06,0.2031,0.2031,0.2031,0.2031
EDUC,1991-06-07,0.2031,0.2031,0.2031,0.2031
EDUC,1991-06-10,0.2031,0.2031,0.2031,0.2031
EDUC,1991-06-11,0.2031,0.2031,0.2031,0.2031
EDUC,1991-06-12,0.2031,0.2031,0.2031,0.2031
EDUC,1991-06-13,0.2031,0.2031,0.2031,0.2031
EDUC,1991-06-14,0.2031,0.2031,0.2031,0.2031
EDUC,1991-06-17,0.2031,0.2031,0.2031,0.2031
EDUC,1991-06-18,0.2031,0.2031,0.2031,0.2031
EDUC,1991-06-19,0.2031,0.2031,0.2031,0.2031
EDUC,1991-06-20,0.2031,0.2031,0.2031,0.2031
EDUC,1991-06-21,0.2031,0.2031,0.2031,0.2031
EDUC,1991-06-24,0.2031,0.2031,0.2031,0.2031
EDUC,1991-06-25,0.2031,0.2031,0.2031,0.2031
EDUC,1991-06-26,0.2031,0.2031,0.2031,0.2031
EDUC,1991-06-27,0.0,0.2969,0.2031,0.2031
EDUC,1991-06-28,0.2031,0.2031,0.2031,0.2031
EDUC,1991-07-01,0.2031,0.2031,0.2031,0.2031
EDUC,1991-07-02,0.2031,0.2031,0.2031,0.2031
EDUC,1991-07-03,0.2031,0.2031,0.2031,0.2031
EDUC,1991-07-05,0.2031,0.2031,0.2031,0.2031
EDUC,1991-07-08,0.0,0.2969,0.2031,0.2031
EDUC,1991-07-09,0.2031,0.2031,0.2031,0.2031
EDUC,1991-07-10,0.2031,0.2031,0.2031,0.2031
EDUC,1991-07-11,0.0,0.2969,0.2031,0.2031
EDUC,1991-07-12,0.0,0.2969,0.2031,0.2031
EDUC,1991-07-15,0.2031,0.2031,0.2031,0.2031
EDUC,1991-07-16,0.0,0.25,0.1719,0.1719
EDUC,1991-07-17,0.0,0.25,0.2031,0.2031
EDUC,1991-07-18,0.0,0.25,0.1875,0.1875
EDUC,1991-07-19,0.1875,0.1875,0.1875,0.1875
EDUC,1991-07-22,0.1875,0.1875,0.1875,0.1875
EDUC,1991-07-23,0.0,0.25,0.1875,0.1875
EDUC,1991-07-24,0.1875,0.1875,0.1875,0.1875
EDUC,1991-07-25,0.1875,0.1875,0.1875,0.1875
EDUC,1991-07-26,0.1875,0.1875,0.1875,0.1875
EDUC,1991-07-29,0.1875,0.1875,0.1875,0.1875
EDUC,1991-07-30,0.1875,0.1875,0.1875,0.1875
EDUC,1991-07-31,0.1875,0.1875,0.1875,0.1875
EDUC,1991-08-01,0.1875,0.1875,0.1875,0.1875
EDUC,1991-08-02,0.1875,0.1875,0.1875,0.1875
EDUC,1991-08-05,0.1875,0.1875,0.1875,0.1875
EDUC,1991-08-06,0.1875,0.1875,0.1875,0.1875
EDUC,1991-08-07,0.0,0.25,0.1875,0.1875
EDUC,1991-08-08,0.1875,0.1875,0.1875,0.1875
EDUC,1991-08-09,0.0,0.25,0.1875,0.1875
EDUC,1991-08-12,0.1875,0.1875,0.1875,0.1875
EDUC,1991-08-13,0.1875,0.1875,0.1875,0.1875
EDUC,1991-08-14,0.1875,0.1875,0.1875,0.1875
EDUC,1991-08-15,0.1875,0.1875,0.1875,0.1875
EDUC,1991-08-16,0.1875,0.1875,0.1875,0.1875
EDUC,1991-08-19,0.1875,0.1875,0.1875,0.1875
EDUC,1991-08-20,0.1875,0.1875,0.1875,0.1875
EDUC,1991-08-21,0.1875,0.1875,0.1875,0.1875
EDUC,1991-08-22,0.1875,0.1875,0.1875,0.1875
EDUC,1991-08-23,0.0,0.25,0.1719,0.1719
EDUC,1991-08-26,0.1719,0.1719,0.1719,0.1719
EDUC,1991-08-27,0.0,0.25,0.1719,0.1719
EDUC,1991-08-28,0.1719,0.1719,0.1719,0.1719
EDUC,1991-08-29,0.1719,0.1719,0.1719,0.1719
EDUC,1991-08-30,0.1719,0.1719,0.1719,0.1719
EDUC,1991-09-03,0.0,0.25,0.1719,0.1719
EDUC,1991-09-04,0.1719,0.1719,0.1719,0.1719
EDUC,1991-09-05,0.1719,0.1719,0.1719,0.1719
EDUC,1991-09-06,0.0,0.25,0.1719,0.1719
EDUC,1991-09-09,0.1719,0.1719,0.1719,0.1719
EDUC,1991-09-10,0.1719,0.1719,0.1719,0.1719
EDUC,1991-09-11,0.1719,0.1719,0.1719,0.1719
EDUC,1991-09-12,0.1719,0.1719,0.1719,0.1719
EDUC,1991-09-13,0.1719,0.1719,0.1719,0.1719
EDUC,1991-09-16,0.1719,0.1719,0.1719,0.1719
EDUC,1991-09-17,0.1719,0.1719,0.1719,0.1719
EDUC,1991-09-18,0.1719,0.1719,0.1719,0.1719
EDUC,1991-09-19,0.0,0.2344,0.1562,0.1562
EDUC,1991-09-20,0.1562,0.1562,0.1562,0.1562
EDUC,1991-09-23,0.1562,0.1562,0.1562,0.1562
EDUC,1991-09-24,0.1562,0.1562,0.1562,0.1562
EDUC,1991-09-25,0.1562,0.1562,0.1562,0.1562
EDUC,1991-09-26,0.1562,0.1562,0.1562,0.1562
EDUC,1991-09-27,0.1562,0.1562,0.1562,0.1562
EDUC,1991-09-30,0.0,0.2344,0.1562,0.1562
EDUC,1991-10-01,0.1562,0.1562,0.1562,0.1562
EDUC,1991-10-02,0.0,0.2344,0.1562,0.1562
EDUC,1991-10-03,0.0,0.2344,0.1562,0.1562
EDUC,1991-10-04,0.0,0.2344,0.1562,0.1562
EDUC,1991-10-07,0.1562,0.1562,0.1562,0.1562
EDUC,1991-10-08,0.1562,0.1562,0.1562,0.1562
EDUC,1991-10-09,0.0,0.2344,0.1562,0.1562
EDUC,1991-10-10,0.0,0.2812,0.2188,0.2188
EDUC,1991-10-11,0.2188,0.2188,0.2188,0.2188
EDUC,1991-10-14,0.0,0.2812,0.2344,0.2344
EDUC,1991-10-15,0.0,0.2656,0.2188,0.2188
EDUC,1991-10-16,0.2188,0.2188,0.2188,0.2188
EDUC,1991-10-17,0.0,0.2656,0.2188,0.2188
EDUC,1991-10-18,0.0,0.2656,0.2188,0.2188
EDUC,1991-10-21,0.0,0.2656,0.2188,0.2188
EDUC,1991-10-22,0.2188,0.2188,0.2188,0.2188
EDUC,1991-10-23,0.0,0.2812,0.2188,0.2188
EDUC,1991-10-24,0.0,0.2812,0.2188,0.2188
EDUC,1991-10-25,0.0,0.25,0.2188,0.2188
EDUC,1991-10-28,0.0,0.25,0.2188,0.2188
EDUC,1991-10-29,0.2188,0.2188,0.2188,0.2188
EDUC,1991-10-30,0.0,0.25,0.2188,0.2188
EDUC,1991-10-31,0.0,0.2812,0.2188,0.2188
EDUC,1991-11-01,0.0,0.2812,0.2188,0.2188
EDUC,1991-11-04,0.2188,0.2188,0.2188,0.2188
EDUC,1991-11-05,0.2188,0.2188,0.2188,0.2188
EDUC,1991-11-06,0.0,0.3438,0.25,0.25
EDUC,1991-11-07,0.25,0.25,0.25,0.25
EDUC,1991-11-08,0.25,0.25,0.25,0.25
EDUC,1991-11-11,0.0,0.3281,0.25,0.25
EDUC,1991-11-12,0.25,0.25,0.25,0.25
EDUC,1991-11-13,0.25,0.25,0.25,0.25
EDUC,1991-11-14,0.0,0.3281,0.25,0.25
EDUC,1991-11-15,0.25,0.25,0.25,0.25
EDUC,1991-11-18,0.25,0.25,0.25,0.25
EDUC,1991-11-19,0.0,0.3281,0.2656,0.2656
EDUC,1991-11-20,0.2656,0.2656,0.2656,0.2656
EDUC,1991-11-21,0.0,0.3281,0.2656,0.2656
EDUC,1991-11-22,0.2656,0.2656,0.2656,0.2656
EDUC,1991-11-25,0.0,0.3125,0.25,0.25
EDUC,1991-11-26,0.0,0.3125,0.25,0.25
EDUC,1991-11-27,0.0,0.3125,0.25,0.25
EDUC,1991-11-29,0.25,0.25,0.25,0.25
EDUC,1991-12-02,0.25,0.25,0.25,0.25
EDUC,1991-12-03,0.0,0.3125,0.25,0.25
EDUC,1991-12-04,0.0,0.3125,0.25,0.25
EDUC,1991-12-05,0.25,0.25,0.25,0.25
EDUC,1991-12-06,0.0,0.3125,0.25,0.25
EDUC,1991-12-09,0.0,0.3438,0.2812,0.2812
EDUC,1991-12-10,0.0,0.3438,0.2969,0.2969
EDUC,1991-12-11,0.2969,0.2969,0.2969,0.2969
EDUC,1991-12-12,0.0,0.3438,0.3125,0.3125
EDUC,1991-12-13,0.0,0.3438,0.2969,0.2969
EDUC,1991-12-16,0.0,0.3438,0.3125,0.3125
EDUC,1991-12-17,0.0,0.4062,0.3125,0.3125
EDUC,1991-12-18,0.0,0.4062,0.3438,0.3438
EDUC,1991-12-19,0.0,0.4062,0.3281,0.3281
EDUC,1991-12-20,0.0,0.375,0.3281,0.3281
EDUC,1991-12-23,0.0,0.375,0.3281,0.3281
EDUC,1991-12-24,0.3281,0.3281,0.3281,0.3281
EDUC,1991-12-26,0.3281,0.3281,0.3281,0.3281
EDUC,1991-12-27,0.0,0.4062,0.3438,0.3438
EDUC,1991-12-30,0.0,0.4375,0.375,0.375
EDUC,1991-12-31,0.0,0.4375,0.375,0.375
EDUC,1992-01-02,0.0,0.4375,0.375,0.375
EDUC,1992-01-03,0.0,0.4375,0.375,0.375
EDUC,1992-01-06,0.0,0.4062,0.3438,0.3438
EDUC,1992-01-07,0.3438,0.3438,0.3438,0.3438
EDUC,1992-01-08,0.3438,0.3438,0.3438,0.3438
EDUC,1992-01-09,0.3438,0.3438,0.3438,0.3438
EDUC,1992-01-10,0.3438,0.3438,0.3438,0.3438
EDUC,1992-01-13,0.0,0.4062,0.3438,0.3438
EDUC,1992-01-14,0.0,0.375,0.3438,0.3438
EDUC,1992-01-15,0.0,0.4062,0.3438,0.3438
EDUC,1992-01-16,0.3438,0.3438,0.3438,0.3438
EDUC,1992-01-17,0.0,0.4062,0.3438,0.3438
EDUC,1992-01-20,0.0,0.4375,0.375,0.375
EDUC,1992-01-21,0.0,0.4375,0.375,0.375
EDUC,1992-01-22,0.0,0.4375,0.375,0.375
EDUC,1992-01-23,0.0,0.4375,0.375,0.375
EDUC,1992-01-24,0.0,0.4688,0.4062,0.4062
EDUC,1992-01-27,0.0,0.4688,0.4375,0.4375
EDUC,1992-01-28,0.0,0.4688,0.4062,0.4062
EDUC,1992-01-29,0.0,0.4688,0.4062,0.4062
EDUC,1992-01-30,0.4062,0.4062,0.4062,0.4062
EDUC,1992-01-31,0.0,0.4688,0.4062,0.4062
EDUC,1992-02-03,0.0,0.4688,0.4062,0.4062
EDUC,1992-02-04,0.0,0.4688,0.4062,0.4062
EDUC,1992-02-05,0.0,0.4688,0.4062,0.4062
EDUC,1992-02-06,0.4062,0.4062,0.4062,0.4062
EDUC,1992-02-07,0.0,0.4688,0.4062,0.4062
EDUC,1992-02-10,0.0,0.4688,0.4062,0.4062
EDUC,1992-02-11,0.0,0.4688,0.4062,0.4062
EDUC,1992-02-12,0.4062,0.4062,0.4062,0.4062
EDUC,1992-02-13,0.4062,0.4062,0.4062,0.4062
EDUC,1992-02-14,0.4062,0.4062,0.4062,0.4062
EDUC,1992-02-18,0.0,0.4688,0.4062,0.4062
EDUC,1992-02-19,0.4062,0.4062,0.4062,0.4062
EDUC,1992-02-20,0.4062,0.4062,0.4062,0.4062
EDUC,1992-02-21,0.4062,0.4062,0.4062,0.4062
EDUC,1992-02-24,0.0,0.4688,0.4062,0.4062
EDUC,1992-02-25,0.0,0.4688,0.4062,0.4062
EDUC,1992-02-26,0.0,0.4688,0.4062,0.4062
EDUC,1992-02-27,0.0,0.4688,0.4062,0.4062
EDUC,1992-02-28,0.0,0.4688,0.4062,0.4062
EDUC,1992-03-02,0.4062,0.4062,0.4062,0.4062
EDUC,1992-03-03,0.0,0.4688,0.4062,0.4062
EDUC,1992-03-04,0.0,0.4688,0.4062,0.4062
EDUC,1992-03-05,0.0,0.4688,0.4062,0.4062
EDUC,1992-03-06,0.0,0.4688,0.4062,0.4062
EDUC,1992-03-09,0.0,0.4688,0.4062,0.4062
EDUC,1992-03-10,0.0,0.4688,0.4062,0.4062
EDUC,1992-03-11,0.0,0.4688,0.4062,0.4062
EDUC,1992-03-12,0.4062,0.4062,0.4062,0.4062
EDUC,1992-03-13,0.0,0.4688,0.4062,0.4062
EDUC,1992-03-16,0.4062,0.4062,0.4062,0.4062
EDUC,1992-03-17,0.0,0.4688,0.4062,0.4062
EDUC,1992-03-18,0.0,0.4688,0.4062,0.4062
EDUC,1992-03-19,0.0,0.4688,0.4062,0.4062
EDUC,1992-03-20,0.0,0.4688,0.4062,0.4062
EDUC,1992-03-23,0.0,0.4688,0.375,0.375
EDUC,1992-03-24,0.0,0.4062,0.375,0.375
EDUC,1992-03-25,0.0,0.4375,0.375,0.375
EDUC,1992-03-26,0.375,0.375,0.375,0.375
EDUC,1992-03-27,0.0,0.4375,0.375,0.375
EDUC,1992-03-30,0.375,0.375,0.375,0.375
EDUC,1992-03-31,0.375,0.375,0.375,0.375
EDUC,1992-04-01,0.0,0.4375,0.3594,0.3594
EDUC,1992-04-02,0.0,0.4375,0.3594,0.3594
EDUC,1992-04-03,0.0,0.4375,0.3594,0.3594
EDUC,1992-04-06,0.0,0.4375,0.3594,0.3594
EDUC,1992-04-07,0.3594,0.3594,0.3594,0.3594
EDUC,1992-04-08,0.3594,0.3594,0.3594,0.3594
EDUC,1992-04-09,0.3594,0.3594,0.3594,0.3594
EDUC,1992-04-10,0.3594,0.3594,0.3594,0.3594
EDUC,1992-04-13,0.3594,0.3594,0.3594,0.3594
EDUC,1992-04-14,0.3594,0.3594,0.3594,0.3594
EDUC,1992-04-15,0.3594,0.3594,0.3594,0.3594
EDUC,1992-04-16,0.0,0.4375,0.3594,0.3594
EDUC,1992-04-20,0.3594,0.3594,0.3594,0.3594
EDUC,1992-04-21,0.0,0.4375,0.3594,0.3594
EDUC,1992-04-22,0.0,0.4375,0.3594,0.3594
EDUC,1992-04-23,0.0,0.4375,0.3594,0.3594
EDUC,1992-04-24,0.3594,0.3594,0.3594,0.3594
EDUC,1992-04-27,0.3594,0.3594,0.3594,0.3594
EDUC,1992-04-28,0.0,0.4375,0.3594,0.3594
EDUC,1992-04-29,0.0,0.4375,0.3594,0.3594
EDUC,1992-04-30,0.3594,0.3594,0.3594,0.3594
EDUC,1992-05-01,0.0,0.4375,0.3594,0.3594
EDUC,1992-05-04,0.3594,0.3594,0.3594,0.3594
EDUC,1992-05-05,0.0,0.4531,0.3594,0.3594
EDUC,1992-05-06,0.0,0.4688,0.375,0.375
EDUC,1992-05-07,0.0,0.4688,0.375,0.375
EDUC,1992-05-08,0.375,0.375,0.375,0.375
EDUC,1992-05-11,0.0,0.4688,0.375,0.375
EDUC,1992-05-12,0.375,0.375,0.375,0.375
EDUC,1992-05-13,0.0,0.4688,0.4062,0.4062
EDUC,1992-05-14,0.0,0.4688,0.4062,0.4062
EDUC,1992-05-15,0.0,0.4688,0.4062,0.4062
EDUC,1992-05-18,0.0,0.4688,0.4062,0.4062
EDUC,1992-05-19,0.0,0.4688,0.4062,0.4062
EDUC,1992-05-20,0.0,0.4688,0.4062,0.4062
EDUC,1992-05-21,0.0,0.4688,0.4062,0.4062
EDUC,1992-05-22,0.0,0.4688,0.4062,0.4062
EDUC,1992-05-26,0.4062,0.4062,0.4062,0.4062
EDUC,1992-05-27,0.4062,0.4062,0.4062,0.4062
EDUC,1992-05-28,0.0,0.4688,0.4062,0.4062
EDUC,1992-05-29,0.0,0.4688,0.4062,0.4062
EDUC,1992-06-01,0.4062,0.4062,0.4062,0.4062
EDUC,1992-06-02,0.0,0.4688,0.4062,0.4062
EDUC,1992-06-03,0.0,0.4688,0.4062,0.4062
EDUC,1992-06-04,0.0,0.4688,0.4062,0.4062
EDUC,1992-06-05,0.0,0.4688,0.4062,0.4062
EDUC,1992-06-08,0.4062,0.4062,0.4062,0.4062
EDUC,1992-06-09,0.0,0.4688,0.4062,0.4062
EDUC,1992-06-10,0.0,0.4375,0.375,0.375
EDUC,1992-06-11,0.0,0.4062,0.3438,0.3438
EDUC,1992-06-12,0.3438,0.3438,0.3438,0.3438
EDUC,1992-06-15,0.3438,0.3438,0.3438,0.3438
EDUC,1992-06-16,0.3438,0.3438,0.3438,0.3438
EDUC,1992-06-17,0.3438,0.3828,0.3438,0.3828
EDUC,1992-06-18,0.3438,0.3438,0.3438,0.3438
EDUC,1992-06-19,0.3438,0.3438,0.3438,0.3438
EDUC,1992-06-22,0.3438,0.3438,0.3438,0.3438
EDUC,1992-06-23,0.4062,0.4062,0.4062,0.4062
EDUC,1992-06-24,0.4062,0.4062,0.4062,0.4062
EDUC,1992-06-25,0.4062,0.4062,0.4062,0.4062
EDUC,1992-06-26,0.4062,0.4062,0.4062,0.4062
EDUC,1992-06-29,0.4375,0.4375,0.4375,0.4375
EDUC,1992-06-30,0.4375,0.4375,0.4375,0.4375
EDUC,1992-07-01,0.4375,0.4375,0.4375,0.4375
EDUC,1992-07-02,0.4375,0.4375,0.4375,0.4375
EDUC,1992-07-06,0.4375,0.4375,0.4375,0.4375
EDUC,1992-07-07,0.4375,0.4375,0.4375,0.4375
EDUC,1992-07-08,0.4375,0.4375,0.4375,0.4375
EDUC,1992-07-09,0.4375,0.4375,0.4375,0.4375
EDUC,1992-07-10,0.4375,0.4375,0.4375,0.4375
EDUC,1992-07-13,0.375,0.375,0.375,0.375
EDUC,1992-07-14,0.4375,0.4375,0.4062,0.4062
EDUC,1992-07-15,0.4062,0.4062,0.4062,0.4062
EDUC,1992-07-16,0.4062,0.4531,0.4062,0.4531
EDUC,1992-07-17,0.4062,0.4062,0.4062,0.4062
EDUC,1992-07-20,0.4688,0.4688,0.4688,0.4688
EDUC,1992-07-21,0.4688,0.4688,0.4688,0.4688
EDUC,1992-07-22,0.4688,0.4688,0.4688,0.4688
EDUC,1992-07-23,0.4062,0.4688,0.4062,0.4688
EDUC,1992-07-24,0.4688,0.4688,0.4688,0.4688
EDUC,1992-07-27,0.4688,0.5156,0.4375,0.4922
EDUC,1992-07-28,0.5312,0.5312,0.4688,0.5312
EDUC,1992-07-29,0.5312,0.5312,0.5312,0.5312
EDUC,1992-07-30,0.5312,0.5312,0.5312,0.5312
EDUC,1992-07-31,0.5312,0.5312,0.5312,0.5312
EDUC,1992-08-03,0.5312,0.5312,0.5312,0.5312
EDUC,1992-08-04,0.5312,0.5312,0.5312,0.5312
EDUC,1992-08-05,0.5312,0.5312,0.5312,0.5312
EDUC,1992-08-06,0.5312,0.5312,0.5312,0.5312
EDUC,1992-08-07,0.5312,0.5312,0.5312,0.5312
EDUC,1992-08-10,0.5625,0.5938,0.4844,0.5938
EDUC,1992-08-11,0.5,0.5,0.5,0.5
EDUC,1992-08-12,0.5312,0.5938,0.5,0.5938
EDUC,1992-08-13,0.5312,0.5938,0.5312,0.5312
EDUC,1992-08-14,0.5938,0.5938,0.5625,0.5938
EDUC,1992-08-17,0.75,0.7812,0.6562,0.75
EDUC,1992-08-18,0.75,0.75,0.6562,0.7188
EDUC,1992-08-19,0.7188,0.7188,0.625,0.6562
EDUC,1992-08-20,0.6562,0.6562,0.5938,0.6562
EDUC,1992-08-21,0.6562,0.6875,0.6562,0.6875
EDUC,1992-08-24,0.6875,0.75,0.625,0.7031
EDUC,1992-08-25,0.75,0.7812,0.7188,0.75
EDUC,1992-08-26,0.7344,0.7812,0.7344,0.75
EDUC,1992-08-27,0.7812,0.7812,0.6875,0.6875
EDUC,1992-08-28,0.7188,0.75,0.6875,0.6875
EDUC,1992-08-31,0.7188,0.7188,0.6875,0.7188
EDUC,1992-09-01,0.7188,0.7188,0.6562,0.6562
EDUC,1992-09-02,0.7188,0.7188,0.6562,0.6562
EDUC,1992-09-03,0.6875,0.7188,0.6562,0.6562
EDUC,1992-09-04,0.6562,0.7812,0.6562,0.7812
EDUC,1992-09-08,0.75,0.75,0.75,0.75
EDUC,1992-09-09,0.75,0.7812,0.7188,0.7812
EDUC,1992-09-10,0.6875,0.75,0.6875,0.75
EDUC,1992-09-11,0.75,0.75,0.75,0.75
EDUC,1992-09-14,0.75,0.75,0.625,0.7188
EDUC,1992-09-15,0.7188,0.7188,0.625,0.6875
EDUC,1992-09-16,0.6875,0.75,0.6719,0.7188
EDUC,1992-09-17,0.75,0.75,0.6875,0.6875
EDUC,1992-09-18,0.625,0.7188,0.625,0.6406
EDUC,1992-09-21,0.6875,0.6875,0.6562,0.6562
EDUC,1992-09-22,0.6562,0.6875,0.625,0.6875
EDUC,1992-09-23,0.6562,0.7188,0.6562,0.6875
EDUC,1992-09-24,0.6875,0.7188,0.6875,0.6875
EDUC,1992-09-25,0.7188,0.7188,0.6875,0.7188
EDUC,1992-09-28,0.7188,0.7188,0.6562,0.6875
EDUC,1992-09-29,0.7188,0.7188,0.7188,0.7188
EDUC,1992-09-30,0.6875,0.6875,0.6875,0.6875
EDUC,1992-10-01,0.6875,0.6875,0.6875,0.6875
EDUC,1992-10-02,0.6719,0.6875,0.625,0.6562
EDUC,1992-10-05,0.6875,0.6875,0.625,0.625
EDUC,1992-10-06,0.6875,0.6875,0.6562,0.6875
EDUC,1992-10-07,0.6875,0.6875,0.6875,0.6875
EDUC,1992-10-08,0.6875,0.7188,0.6719,0.7188
EDUC,1992-10-09,0.7188,0.7188,0.7188,0.7188
EDUC,1992-10-12,0.7188,0.7188,0.6719,0.6719
EDUC,1992-10-13,0.7188,0.7188,0.7188,0.7188
EDUC,1992-10-14,0.7188,0.7188,0.6875,0.6875
EDUC,1992-10-15,0.7188,0.7188,0.6562,0.6875
EDUC,1992-10-16,0.7188,0.7188,0.7188,0.7188
EDUC,1992-10-19,0.7188,0.75,0.6719,0.6719
EDUC,1992-10-20,0.6875,0.7031,0.6562,0.7031
EDUC,1992-10-21,0.7031,0.7031,0.6719,0.6875
EDUC,1992-10-22,0.7031,0.7031,0.6875,0.7031
EDUC,1992-10-23,0.6875,0.7031,0.6875,0.7031
EDUC,1992-10-26,0.7031,0.7031,0.6875,0.6875
EDUC,1992-10-27,0.6875,0.6875,0.6875,0.6875
EDUC,1992-10-28,0.7031,0.8125,0.6875,0.75
EDUC,1992-10-29,0.7812,0.8125,0.7188,0.7188
EDUC,1992-10-30,0.75,0.7812,0.6875,0.75
EDUC,1992-11-02,0.7812,0.7812,0.7812,0.7812
EDUC,1992-11-03,0.7188,0.7812,0.7188,0.7188
EDUC,1992-11-04,0.7188,0.7344,0.6875,0.6875
EDUC,1992-11-05,0.7344,0.7344,0.6875,0.6875
EDUC,1992-11-06,0.7031,0.7188,0.7031,0.7188
EDUC,1992-11-09,0.7188,0.7656,0.7031,0.75
EDUC,1992-11-10,0.7656,0.7812,0.75,0.75
EDUC,1992-11-11,0.7656,0.7812,0.7344,0.75
EDUC,1992-11-12,0.7656,0.7656,0.7344,0.7656
EDUC,1992-11-13,0.7656,0.7969,0.75,0.7969
EDUC,1992-11-16,0.7969,0.7969,0.75,0.7969
EDUC,1992-11-17,0.8125,0.8438,0.7969,0.8125
EDUC,1992-11-18,0.7656,0.8125,0.75,0.7969
EDUC,1992-11-19,0.7969,0.8125,0.75,0.8125
EDUC,1992-11-20,0.75,0.7969,0.75,0.7812
EDUC,1992-11-23,0.8125,0.8125,0.7812,0.8125
EDUC,1992-11-24,0.8125,0.8125,0.7656,0.7812
EDUC,1992-11-25,0.7812,0.8125,0.75,0.75
EDUC,1992-11-27,0.75,0.8125,0.75,0.8125
EDUC,1992-11-30,0.75,0.8281,0.75,0.8125
EDUC,1992-12-01,0.8125,0.8125,0.7812,0.8125
EDUC,1992-12-02,0.8125,0.8281,0.7812,0.8125
EDUC,1992-12-03,0.8281,0.8281,0.8125,0.8125
EDUC,1992-12-04,0.8281,0.8281,0.7812,0.8125
EDUC,1992-12-07,0.8125,0.8125,0.7812,0.7812
EDUC,1992-12-08,0.7812,0.7812,0.7656,0.7812
EDUC,1992-12-09,0.7812,0.8281,0.7656,0.8125
EDUC,1992-12-10,0.8281,0.8281,0.7812,0.8281
EDUC,1992-12-11,0.8281,1.0,0.8125,0.9375
EDUC,1992-12-14,1.0,1.0,0.9062,0.9531
EDUC,1992-12-15,0.9688,1.0312,0.9375,1.0312
EDUC,1992-12-16,1.0312,1.1406,0.9844,1.1094
EDUC,1992-12-17,1.125,1.1562,1.0625,1.1094
EDUC,1992-12-18,1.1094,1.1094,1.0,1.0625
EDUC,1992-12-21,1.0625,1.0625,0.9688,1.0
EDUC,1992-12-22,1.0156,1.0156,0.9375,1.0156
EDUC,1992-12-23,1.0156,1.0156,0.9375,0.9375
EDUC,1992-12-24,0.9375,0.9375,0.9375,0.9375
EDUC,1992-12-28,1.0156,1.0469,1.0,1.0469
EDUC,1992-12-29,1.0938,1.0938,1.0312,1.0625
EDUC,1992-12-30,1.0781,1.0781,1.0469,1.0625
EDUC,1992-12-31,1.0781,1.0781,1.0156,1.0625
EDUC,1993-01-04,1.0469,1.0781,1.0,1.0
EDUC,1993-01-05,1.0,1.0625,0.8125,0.8125
EDUC,1993-01-06,0.8594,0.8906,0.75,0.7969
EDUC,1993-01-07,0.75,0.7812,0.7344,0.7812
EDUC,1993-01-08,0.7812,0.8281,0.75,0.8125
EDUC,1993-01-11,0.75,0.8125,0.7422,0.7422
EDUC,1993-01-12,0.7812,0.8125,0.7188,0.8125
EDUC,1993-01-13,0.75,0.75,0.75,0.75
EDUC,1993-01-14,0.75,0.75,0.75,0.75
EDUC,1993-01-15,0.75,0.8438,0.7188,0.8125
EDUC,1993-01-18,0.7812,0.8438,0.7812,0.8438
EDUC,1993-01-19,0.8125,0.8438,0.8125,0.8438
EDUC,1993-01-20,0.8438,0.8438,0.8281,0.8438
EDUC,1993-01-21,0.8438,0.8438,0.7812,0.8438
EDUC,1993-01-22,0.8438,0.875,0.8281,0.8438
EDUC,1993-01-25,0.875,0.875,0.7812,0.875
EDUC,1993-01-26,0.7969,0.875,0.7969,0.7969
EDUC,1993-01-27,0.7969,0.875,0.7969,0.8438
EDUC,1993-01-28,0.7969,0.8125,0.7969,0.8125
EDUC,1993-01-29,0.7969,0.8438,0.7812,0.8438
EDUC,1993-02-01,0.7812,0.7812,0.7812,0.7812
EDUC,1993-02-02,0.75,0.8438,0.75,0.75
EDUC,1993-02-03,0.8125,0.8125,0.75,0.8125
EDUC,1993-02-04,0.75,0.75,0.7188,0.7188
EDUC,1993-02-05,0.8125,0.8125,0.7188,0.8125
EDUC,1993-02-08,0.8125,0.8125,0.7188,0.7812
EDUC,1993-02-09,0.7188,0.8125,0.7188,0.8125
EDUC,1993-02-10,0.7188,0.8125,0.7188,0.7188
EDUC,1993-02-11,0.7812,0.7812,0.7188,0.75
EDUC,1993-02-12,0.8125,0.8125,0.75,0.8125
EDUC,1993-02-16,0.8125,0.8125,0.75,0.75
EDUC,1993-02-17,0.8125,0.8125,0.75,0.75
EDUC,1993-02-18,0.8125,0.8125,0.8125,0.8125
EDUC,1993-02-19,0.8125,0.8125,0.8125,0.8125
EDUC,1993-02-22,0.8125,0.8125,0.75,0.75
EDUC,1993-02-23,0.75,0.8125,0.75,0.7812
EDUC,1993-02-24,0.75,0.8125,0.75,0.7812
EDUC,1993-02-25,0.8125,0.8125,0.7188,0.7188
EDUC,1993-02-26,0.7188,0.7812,0.7188,0.7812
EDUC,1993-03-01,0.7812,0.8125,0.75,0.8125
EDUC,1993-03-02,0.75,0.75,0.75,0.75
EDUC,1993-03-03,0.8125,0.8125,0.8125,0.8125
EDUC,1993-03-04,0.75,0.8125,0.75,0.8125
EDUC,1993-03-05,0.8438,0.8438,0.7812,0.7812
EDUC,1993-03-08,0.75,0.8438,0.75,0.75
EDUC,1993-03-09,0.75,0.8125,0.75,0.75
EDUC,1993-03-10,0.8125,0.8125,0.75,0.7969
EDUC,1993-03-11,0.8125,0.8125,0.75,0.75
EDUC,1993-03-12,0.8125,0.8125,0.75,0.7969
EDUC,1993-03-15,0.8125,0.8125,0.8125,0.8125
EDUC,1993-03-16,0.7969,0.8125,0.75,0.8125
EDUC,1993-03-17,0.8125,0.8125,0.75,0.7812
EDUC,1993-03-18,0.75,0.8125,0.75,0.7812
EDUC,1993-03-19,0.8125,0.8125,0.7812,0.7812
EDUC,1993-03-22,0.7812,0.7812,0.7812,0.7812
EDUC,1993-03-23,0.8125,0.8125,0.8125,0.8125
EDUC,1993-03-24,0.8125,0.8125,0.7812,0.7969
EDUC,1993-03-25,0.75,0.75,0.75,0.75
EDUC,1993-03-26,0.8438,0.8438,0.8125,0.8125
EDUC,1993-03-29,0.7812,0.875,0.7812,0.875
EDUC,1993-03-30,0.875,0.875,0.8125,0.875
EDUC,1993-03-31,0.8125,0.875,0.8125,0.875
EDUC,1993-04-01,0.8125,0.8125,0.8125,0.8125
EDUC,1993-04-02,0.8125,0.875,0.8125,0.875
EDUC,1993-04-05,0.8125,0.875,0.8125,0.8125
EDUC,1993-04-06,0.875,0.875,0.8125,0.8438
EDUC,1993-04-07,0.7812,0.7812,0.7812,0.7812
EDUC,1993-04-08,0.7812,0.7812,0.7812,0.7812
EDUC,1993-04-12,0.7812,0.7812,0.7812,0.7812
EDUC,1993-04-13,0.7812,0.7812,0.7812,0.7812
EDUC,1993-04-14,0.7812,0.7812,0.7812,0.7812
EDUC,1993-04-15,0.7812,0.7812,0.7812,0.7812
EDUC,1993-04-16,0.7812,0.8281,0.75,0.75
EDUC,1993-04-19,0.7812,0.7812,0.7188,0.7188
EDUC,1993-04-20,0.7812,0.7812,0.7188,0.7188
EDUC,1993-04-21,0.7812,0.7812,0.75,0.7812
EDUC,1993-04-22,0.6875,0.75,0.6875,0.7188
EDUC,1993-04-23,0.7188,0.7188,0.7188,0.7188
EDUC,1993-04-26,0.7188,0.7188,0.7188,0.7188
EDUC,1993-04-27,0.6875,0.75,0.6875,0.75
EDUC,1993-04-28,0.75,0.75,0.7188,0.7188
EDUC,1993-04-29,0.75,0.75,0.75,0.75
EDUC,1993-04-30,0.6875,0.875,0.6875,0.8438
EDUC,1993-05-03,0.8125,0.8438,0.8125,0.8438
EDUC,1993-05-04,0.8125,0.8438,0.8125,0.8125
EDUC,1993-05-05,0.8125,0.8125,0.8125,0.8125
EDUC,1993-05-06,0.8125,0.8125,0.8125,0.8125
EDUC,1993-05-07,0.8125,0.8125,0.7969,0.7969
EDUC,1993-05-10,0.7812,0.7812,0.75,0.75
EDUC,1993-05-11,0.75,0.75,0.7344,0.75
EDUC,1993-05-12,0.7188,0.7188,0.7188,0.7188
EDUC,1993-05-13,0.7188,0.7188,0.7188,0.7188
EDUC,1993-05-14,0.7812,0.7812,0.7188,0.7188
EDUC,1993-05-17,0.7188,0.7188,0.7188,0.7188
EDUC,1993-05-18,0.7188,0.75,0.7188,0.75
EDUC,1993-05-19,0.7812,0.8125,0.75,0.8125
EDUC,1993-05-20,0.75,0.8125,0.75,0.8125
EDUC,1993-05-21,0.75,0.7812,0.7344,0.7344
EDUC,1993-05-24,0.7812,0.7812,0.7188,0.7188
EDUC,1993-05-25,0.7812,0.7812,0.75,0.75
EDUC,1993-05-26,0.75,0.75,0.75,0.75
EDUC,1993-05-27,0.75,0.75,0.7188,0.7188
EDUC,1993-05-28,0.7188,0.7188,0.7188,0.7188
EDUC,1993-06-01,0.7812,0.7812,0.7188,0.7188
EDUC,1993-06-02,0.7188,0.7188,0.7188,0.7188
EDUC,1993-06-03,0.7188,0.7188,0.7188,0.7188
EDUC,1993-06-04,0.7188,0.75,0.6875,0.6875
EDUC,1993-06-07,0.6875,0.6875,0.6875,0.6875
EDUC,1993-06-08,0.75,0.75,0.6875,0.6875
EDUC,1993-06-09,0.6875,0.7188,0.6875,0.7188
EDUC,1993-06-10,0.7031,0.7031,0.6875,0.6875
EDUC,1993-06-11,0.6875,0.7188,0.6562,0.7188
EDUC,1993-06-14,0.6562,0.6562,0.6562,0.6562
EDUC,1993-06-15,0.7188,0.7188,0.6562,0.6562
EDUC,1993-06-16,0.6562,0.75,0.6562,0.75
EDUC,1993-06-17,0.75,0.75,0.7188,0.7188
EDUC,1993-06-18,0.75,0.75,0.75,0.75
EDUC,1993-06-21,0.75,0.75,0.75,0.75
EDUC,1993-06-22,0.75,0.75,0.7188,0.7188
EDUC,1993-06-23,0.75,0.75,0.7188,0.75
EDUC,1993-06-24,0.75,0.75,0.7188,0.7188
EDUC,1993-06-25,0.7188,0.7188,0.7188,0.7188
EDUC,1993-06-28,0.75,0.8125,0.75,0.7812
EDUC,1993-06-29,0.8125,0.8125,0.8125,0.8125
EDUC,1993-06-30,0.8125,0.8438,0.7812,0.8125
EDUC,1993-07-01,0.8438,0.8438,0.7812,0.7812
EDUC,1993-07-02,0.7812,0.7812,0.75,0.75
EDUC,1993-07-06,0.75,0.8125,0.75,0.8125
EDUC,1993-07-07,0.7812,0.7812,0.7812,0.7812
EDUC,1993-07-08,0.7656,0.7656,0.75,0.75
EDUC,1993-07-09,0.8125,0.8125,0.7812,0.8125
EDUC,1993-07-12,0.7969,0.8125,0.7812,0.8125
EDUC,1993-07-13,0.8125,0.8125,0.7812,0.7812
EDUC,1993-07-14,0.8125,0.8125,0.7812,0.7812
EDUC,1993-07-15,0.7812,0.8125,0.7812,0.8125
EDUC,1993-07-16,0.8125,0.8125,0.7812,0.7812
EDUC,1993-07-19,0.75,0.8125,0.75,0.75
EDUC,1993-07-20,0.75,0.75,0.75,0.75
EDUC,1993-07-21,0.7188,0.7188,0.7188,0.7188
EDUC,1993-07-22,0.7812,0.7812,0.7812,0.7812
EDUC,1993-07-23,0.7812,0.7812,0.7812,0.7812
EDUC,1993-07-26,0.7812,0.7812,0.7812,0.7812
EDUC,1993-07-27,0.7812,0.7812,0.75,0.75
EDUC,1993-07-28,0.7812,0.7812,0.6875,0.6875
EDUC,1993-07-29,0.75,0.75,0.6875,0.75
EDUC,1993-07-30,0.6875,0.75,0.6875,0.75
EDUC,1993-08-02,0.75,0.75,0.75,0.75
EDUC,1993-08-03,0.7188,0.7188,0.7188,0.7188
EDUC,1993-08-04,0.75,0.75,0.7188,0.7188
EDUC,1993-08-05,0.75,0.7812,0.6875,0.6875
EDUC,1993-08-06,0.7188,0.75,0.6875,0.6875
EDUC,1993-08-09,0.6562,0.6562,0.6562,0.6562
EDUC,1993-08-10,0.6562,0.6562,0.6562,0.6562
EDUC,1993-08-11,0.6562,0.7188,0.6562,0.6875
EDUC,1993-08-12,0.6875,0.6875,0.6875,0.6875
EDUC,1993-08-13,0.7188,0.7188,0.6562,0.6562
EDUC,1993-08-16,0.6562,0.7188,0.6562,0.6875
EDUC,1993-08-17,0.7188,0.7188,0.6562,0.7188
EDUC,1993-08-18,0.7188,0.7188,0.6562,0.6562
EDUC,1993-08-19,0.7188,0.7188,0.6562,0.6562
EDUC,1993-08-20,0.7188,0.7188,0.6875,0.7188
EDUC,1993-08-23,0.6875,0.6875,0.6562,0.6562
EDUC,1993-08-24,0.6562,0.7188,0.6562,0.7188
EDUC,1993-08-25,0.6562,0.7188,0.6562,0.7188
EDUC,1993-08-26,0.7188,0.7188,0.7188,0.7188
EDUC,1993-08-27,0.7188,0.75,0.6562,0.75
EDUC,1993-08-30,0.75,0.75,0.7188,0.7188
EDUC,1993-08-31,0.7188,0.7188,0.7188,0.7188
EDUC,1993-09-01,0.7188,0.7188,0.7188,0.7188
EDUC,1993-09-02,0.75,0.8125,0.75,0.8125
EDUC,1993-09-03,0.75,0.8125,0.75,0.8125
EDUC,1993-09-07,0.75,0.8125,0.75,0.75
EDUC,1993-09-08,0.75,0.8125,0.75,0.8125
EDUC,1993-09-09,0.8125,0.8125,0.7812,0.7812
EDUC,1993-09-10,0.8125,0.8125,0.8125,0.8125
EDUC,1993-09-13,0.75,0.8125,0.75,0.8125
EDUC,1993-09-14,0.8125,0.8125,0.8125,0.8125
EDUC,1993-09-15,0.8125,0.8125,0.75,0.7812
EDUC,1993-09-16,0.75,0.8125,0.75,0.8125
EDUC,1993-09-17,0.8125,0.8438,0.7812,0.8438
EDUC,1993-09-20,0.8438,0.8438,0.7812,0.8125
EDUC,1993-09-21,0.875,0.9062,0.8125,0.875
EDUC,1993-09-22,0.875,0.875,0.8125,0.875
EDUC,1993-09-23,0.875,0.875,0.875,0.875
EDUC,1993-09-24,0.8125,0.875,0.8125,0.875
EDUC,1993-09-27,0.9062,0.9062,0.875,0.9062
EDUC,1993-09-28,0.875,0.9375,0.875,0.9375
EDUC,1993-09-29,0.9375,0.9375,0.9062,0.9375
EDUC,1993-09-30,0.9375,0.9375,0.9375,0.9375
EDUC,1993-10-01,0.9062,0.9688,0.9062,0.9375
EDUC,1993-10-04,0.9062,0.9688,0.9062,0.9688
EDUC,1993-10-05,0.9375,0.9688,0.9062,0.9062
EDUC,1993-10-06,0.9688,0.9688,0.9062,0.9219
EDUC,1993-10-07,0.875,0.9531,0.875,0.875
EDUC,1993-10-08,0.9531,0.9531,0.875,0.9219
EDUC,1993-10-11,0.9219,0.9219,0.8438,0.8438
EDUC,1993-10-12,0.8438,0.9219,0.8438,0.8438
EDUC,1993-10-13,0.9062,0.9375,0.8438,0.9062
EDUC,1993-10-14,0.9375,0.9375,0.8438,0.9062
EDUC,1993-10-15,0.875,0.875,0.8438,0.875
EDUC,1993-10-18,0.875,0.875,0.8438,0.8438
EDUC,1993-10-19,0.8438,0.8438,0.8438,0.8438
EDUC,1993-10-20,0.875,0.875,0.8438,0.875
EDUC,1993-10-21,0.875,0.9062,0.875,0.9062
EDUC,1993-10-22,0.875,0.9062,0.875,0.875
EDUC,1993-10-25,0.875,0.9375,0.875,0.9375
EDUC,1993-10-26,0.9062,1.0,0.9062,0.9375
EDUC,1993-10-27,0.9375,0.9688,0.9375,0.9688
EDUC,1993-10-28,1.0,1.0,0.9375,0.9375
EDUC,1993-10-29,1.0,1.0,0.9375,0.9375
EDUC,1993-11-01,1.0,1.0,0.9375,1.0
EDUC,1993-11-02,0.9688,1.0312,0.9375,1.0312
EDUC,1993-11-03,1.0312,1.0312,0.9844,1.0312
EDUC,1993-11-04,1.0312,1.0938,1.0156,1.0625
EDUC,1993-11-05,1.0469,1.0625,1.0312,1.0312
EDUC,1993-11-08,1.0,1.0938,1.0,1.0938
EDUC,1993-11-09,1.0938,1.0938,1.0469,1.0625
EDUC,1993-11-10,1.0312,1.1094,1.0312,1.0469
EDUC,1993-11-11,1.0,1.0781,1.0,1.0312
EDUC,1993-11-12,1.0,1.0,1.0,1.0
EDUC,1993-11-15,1.0,1.0,1.0,1.0
EDUC,1993-11-16,1.0781,1.0781,1.0,1.0312
EDUC,1993-11-17,1.0,1.0312,1.0,1.0312
EDUC,1993-11-18,1.0312,1.0312,1.0312,1.0312
EDUC,1993-11-19,1.0312,1.0312,1.0312,1.0312
EDUC,1993-11-22,0.9688,1.0,0.9688,0.9688
EDUC,1993-11-23,1.0,1.0,0.9688,0.9688
EDUC,1993-11-24,1.0,1.0,0.9375,0.9688
EDUC,1993-11-26,0.9688,0.9688,0.9688,0.9688
EDUC,1993-11-29,0.9375,0.9375,0.9375,0.9375
EDUC,1993-11-30,0.9375,0.9375,0.9375,0.9375
EDUC,1993-12-01,0.9375,0.9688,0.9062,0.9375
EDUC,1993-12-02,0.9375,0.9375,0.875,0.9375
EDUC,1993-12-03,0.875,0.875,0.875,0.875
EDUC,1993-12-06,0.9375,0.9375,0.9375,0.9375
EDUC,1993-12-07,0.9062,0.9062,0.9062,0.9062
EDUC,1993-12-08,0.9062,0.9062,0.9062,0.9062
EDUC,1993-12-09,1.0,1.0,1.0,1.0
EDUC,1993-12-10,1.0,1.0,0.9375,0.9375
EDUC,1993-12-13,1.0,1.0,0.9375,0.9375
EDUC,1993-12-14,1.0,1.0,0.9375,1.0
EDUC,1993-12-15,1.0,1.0,0.9375,0.9375
EDUC,1993-12-16,0.9375,1.0,0.9375,0.9375
EDUC,1993-12-17,0.9375,1.0312,0.9375,1.0
EDUC,1993-12-20,0.9375,1.0625,0.9375,1.0625
EDUC,1993-12-21,1.0312,1.0625,1.0312,1.0625
EDUC,1993-12-22,1.0938,1.0938,1.0312,1.0312
EDUC,1993-12-23,1.0312,1.0938,1.0312,1.0312
EDUC,1993-12-27,1.0312,1.1562,1.0312,1.1328
EDUC,1993-12-28,1.1562,1.1875,1.0938,1.1875
EDUC,1993-12-29,1.1875,1.1875,1.1562,1.1562
EDUC,1993-12-30,1.1875,1.2188,1.1562,1.2031
EDUC,1993-12-31,1.25,1.2812,1.25,1.2812
EDUC,1994-01-03,1.2188,1.2812,1.2188,1.2656
EDUC,1994-01-04,1.1562,1.1562,1.125,1.1562
EDUC,1994-01-05,1.1562,1.2188,1.1562,1.1562
EDUC,1994-01-06,1.2188,1.2188,1.1562,1.2188
EDUC,1994-01-07,1.1562,1.1875,1.1562,1.1875
EDUC,1994-01-10,1.1562,1.1562,1.1562,1.1562
EDUC,1994-01-11,1.1562,1.2188,1.1562,1.2188
EDUC,1994-01-12,1.2188,1.2188,1.1562,1.1875
EDUC,1994-01-13,1.1562,1.1562,1.1562,1.1562
EDUC,1994-01-14,1.1562,1.1875,1.1562,1.1562
EDUC,1994-01-17,1.25,1.25,1.1875,1.2344
EDUC,1994-01-18,1.1875,1.1875,1.1875,1.1875
EDUC,1994-01-19,1.2812,1.2812,1.2656,1.2812
EDUC,1994-01-20,1.2812,1.2812,1.1875,1.2656
EDUC,1994-01-21,1.2656,1.4062,1.2656,1.4062
EDUC,1994-01-24,1.3125,1.4062,1.3125,1.4062
EDUC,1994-01-25,1.4062,1.4062,1.3125,1.375
EDUC,1994-01-26,1.4062,1.4062,1.3438,1.375
EDUC,1994-01-27,1.3438,1.4688,1.3438,1.4688
EDUC,1994-01-28,1.4062,1.5312,1.4062,1.5156
EDUC,1994-01-31,1.5938,1.5938,1.5,1.5938
EDUC,1994-02-01,1.5,1.625,1.5,1.625
EDUC,1994-02-02,1.5625,1.6562,1.5625,1.6562
EDUC,1994-02-03,1.6562,1.6875,1.5938,1.625
EDUC,1994-02-04,1.625,1.6562,1.5312,1.5312
EDUC,1994-02-07,1.5938,1.5938,1.5,1.5938
EDUC,1994-02-08,1.5938,1.5938,1.5,1.5938
EDUC,1994-02-09,1.5,1.5312,1.4375,1.4375
EDUC,1994-02-10,1.375,1.5312,1.375,1.5312
EDUC,1994-02-11,1.5312,1.5625,1.5,1.5
EDUC,1994-02-14,1.5625,1.6875,1.5,1.625
EDUC,1994-02-15,1.625,1.8125,1.625,1.7812
EDUC,1994-02-16,1.7812,1.7812,1.7188,1.7188
EDUC,1994-02-17,1.7188,1.7812,1.7188,1.7188
EDUC,1994-02-18,1.7812,1.7812,1.6875,1.7188
EDUC,1994-02-22,1.625,1.7188,1.625,1.7188
EDUC,1994-02-23,1.7188,1.7188,1.625,1.625
EDUC,1994-02-24,1.6562,1.6562,1.5938,1.5938
EDUC,1994-02-25,1.7188,1.7188,1.5938,1.6562
EDUC,1994-02-28,1.7188,1.7188,1.5938,1.7188
EDUC,1994-03-01,1.625,1.625,1.625,1.625
EDUC,1994-03-02,1.625,1.7188,1.625,1.6875
EDUC,1994-03-03,1.6875,1.6875,1.6875,1.6875
EDUC,1994-03-04,1.6875,1.6875,1.4688,1.5
EDUC,1994-03-07,1.4375,1.5938,1.4375,1.5938
EDUC,1994-03-08,1.5938,1.5938,1.5,1.5938
EDUC,1994-03-09,1.5,1.5938,1.5,1.5938
EDUC,1994-03-10,1.5938,1.5938,1.4688,1.4688
EDUC,1994-03-11,1.4688,1.5625,1.4688,1.5312
EDUC,1994-03-14,1.4688,1.5312,1.4688,1.5312
EDUC,1994-03-15,1.4688,1.4688,1.4688,1.4688
EDUC,1994-03-16,1.5625,1.5625,1.375,1.4688
EDUC,1994-03-17,1.375,1.4688,1.3438,1.4688
EDUC,1994-03-18,1.4062,1.5312,1.4062,1.4688
EDUC,1994-03-21,1.5312,1.5312,1.4688,1.4688
EDUC,1994-03-22,1.5,1.5,1.4844,1.5
EDUC,1994-03-23,1.5,1.5625,1.5,1.5625
EDUC,1994-03-24,1.5,1.5,1.5,1.5
EDUC,1994-03-25,1.5,1.5625,1.5,1.5625
EDUC,1994-03-28,1.5312,1.6562,1.4688,1.4688
EDUC,1994-03-29,1.5625,1.5625,1.4375,1.4688
EDUC,1994-03-30,1.4375,1.5,1.4062,1.4375
EDUC,1994-03-31,1.4062,1.4375,1.375,1.4062
EDUC,1994-04-04,1.3438,1.4375,1.3438,1.3438
EDUC,1994-04-05,1.4375,1.4375,1.3438,1.4375
EDUC,1994-04-06,1.3438,1.3438,1.3438,1.3438
EDUC,1994-04-07,1.3438,1.4375,1.3438,1.4375
EDUC,1994-04-08,1.4375,1.4375,1.3438,1.3438
EDUC,1994-04-11,1.3438,1.3438,1.3438,1.3438
EDUC,1994-04-12,1.4062,1.4375,1.375,1.375
EDUC,1994-04-13,1.3438,1.4375,1.3438,1.4375
EDUC,1994-04-14,1.4375,1.4375,1.3438,1.4375
EDUC,1994-04-15,1.3438,1.3438,1.3438,1.3438
EDUC,1994-04-18,1.3438,1.3438,1.3438,1.3438
EDUC,1994-04-19,1.4375,1.4375,1.3438,1.3438
EDUC,1994-04-20,1.4375,1.4375,1.3438,1.3438
EDUC,1994-04-21,1.3438,1.375,1.3438,1.3438
EDUC,1994-04-22,1.3438,1.4375,1.3438,1.4375
EDUC,1994-04-25,1.4375,1.4375,1.4375,1.4375
EDUC,1994-04-26,1.375,1.4375,1.375,1.4375
EDUC,1994-04-28,1.375,1.4375,1.375,1.4375
EDUC,1994-04-29,1.375,1.5,1.375,1.5
EDUC,1994-05-02,1.5625,1.625,1.5,1.625
EDUC,1994-05-03,1.5625,1.625,1.5625,1.5938
EDUC,1994-05-04,1.5625,1.625,1.5625,1.5938
EDUC,1994-05-05,1.625,1.625,1.5625,1.5625
EDUC,1994-05-06,1.625,1.625,1.625,1.625
EDUC,1994-05-09,1.5625,1.5625,1.5625,1.5625
EDUC,1994-05-10,1.5625,1.625,1.5625,1.5625
EDUC,1994-05-11,1.5625,1.625,1.5312,1.5312
EDUC,1994-05-12,1.5312,1.5938,1.4375,1.4375
EDUC,1994-05-13,1.4375,1.5,1.4375,1.4375
EDUC,1994-05-16,1.5,1.5,1.4375,1.4375
EDUC,1994-05-17,1.4062,1.4688,1.375,1.4062
EDUC,1994-05-18,1.375,1.5,1.375,1.5
EDUC,1994-05-19,1.375,1.375,1.375,1.375
EDUC,1994-05-20,1.4219,1.4219,1.4219,1.4219
EDUC,1994-05-23,1.375,1.4688,1.375,1.4688
EDUC,1994-05-24,1.5312,1.5312,1.4062,1.4062
EDUC,1994-05-25,1.5312,1.5312,1.4688,1.4688
EDUC,1994-05-26,1.4062,1.5312,1.4062,1.4375
EDUC,1994-05-27,1.4375,1.4688,1.4375,1.4688
EDUC,1994-05-31,1.4688,1.5312,1.4375,1.4375
EDUC,1994-06-01,1.4375,1.5312,1.4375,1.5312
EDUC,1994-06-02,1.5312,1.5312,1.5,1.5
EDUC,1994-06-03,1.5,1.5,1.5,1.5
EDUC,1994-06-06,1.5,1.5,1.5,1.5
EDUC,1994-06-07,1.4688,1.4688,1.4688,1.4688
EDUC,1994-06-08,1.4688,1.6562,1.4688,1.5938
EDUC,1994-06-09,1.6562,1.6562,1.6562,1.6562
EDUC,1994-06-10,1.5938,1.6562,1.5625,1.6562
EDUC,1994-06-13,1.5625,1.625,1.4375,1.4375
EDUC,1994-06-14,1.4375,1.4375,1.4375,1.4375
EDUC,1994-06-15,1.4375,1.5,1.4062,1.4688
EDUC,1994-06-16,1.4375,1.4688,1.4375,1.4688
EDUC,1994-06-17,1.4688,1.4688,1.4688,1.4688
EDUC,1994-06-20,1.4375,1.5,1.4375,1.5
EDUC,1994-06-21,1.5,1.5,1.4375,1.5
EDUC,1994-06-22,1.4375,1.4688,1.4375,1.4375
EDUC,1994-06-23,1.5312,1.5312,1.5,1.5312
EDUC,1994-06-24,1.5312,1.5312,1.4375,1.5
EDUC,1994-06-27,1.4375,1.5,1.4375,1.5
EDUC,1994-06-28,1.4688,1.4688,1.4688,1.4688
EDUC,1994-06-29,1.4688,1.4688,1.4688,1.4688
EDUC,1994-06-30,1.4688,1.4688,1.4688,1.4688
EDUC,1994-07-01,1.5312,1.5938,1.5,1.5938
EDUC,1994-07-05,1.5938,1.5938,1.5938,1.5938
EDUC,1994-07-06,1.4375,1.5938,1.4375,1.5938
EDUC,1994-07-07,1.5938,1.5938,1.5938,1.5938
EDUC,1994-07-08,1.5938,1.5938,1.5938,1.5938
EDUC,1994-07-11,1.4375,1.5938,1.4375,1.4375
EDUC,1994-07-12,1.4375,1.4375,1.4375,1.4375
EDUC,1994-07-13,1.5938,1.5938,1.4688,1.4688
EDUC,1994-07-14,1.5625,1.5625,1.4375,1.5
EDUC,1994-07-15,1.5,1.5625,1.5,1.5
EDUC,1994-07-18,1.5938,1.5938,1.5938,1.5938
EDUC,1994-07-19,1.5,1.5,1.5,1.5
EDUC,1994-07-20,1.5,1.5,1.5,1.5
EDUC,1994-07-21,1.5938,1.5938,1.5,1.5
EDUC,1994-07-22,1.5,1.5625,1.5,1.5625
EDUC,1994-07-25,1.4688,1.6875,1.4688,1.6875
EDUC,1994-07-26,1.6875,1.6875,1.5938,1.6875
EDUC,1994-07-27,1.625,1.625,1.625,1.625
EDUC,1994-07-28,1.5938,1.7188,1.5938,1.6875
EDUC,1994-07-29,1.5938,1.7188,1.5938,1.6562
EDUC,1994-08-01,1.7188,1.75,1.6562,1.75
EDUC,1994-08-02,1.75,1.75,1.6562,1.75
EDUC,1994-08-03,1.75,1.7812,1.6875,1.6875
EDUC,1994-08-04,1.7188,1.75,1.6562,1.6562
EDUC,1994-08-05,1.7188,1.7188,1.6562,1.6562
EDUC,1994-08-08,1.6875,1.75,1.6562,1.75
EDUC,1994-08-09,1.75,1.75,1.6562,1.6875
EDUC,1994-08-10,1.6875,1.7188,1.625,1.7188
EDUC,1994-08-11,1.7188,1.7188,1.625,1.625
EDUC,1994-08-12,1.6875,1.6875,1.625,1.625
EDUC,1994-08-15,1.625,1.7188,1.625,1.7188
EDUC,1994-08-16,1.625,1.6875,1.625,1.6875
EDUC,1994-08-17,1.625,1.7188,1.625,1.7188
EDUC,1994-08-18,1.7188,1.7188,1.6875,1.7188
EDUC,1994-08-19,1.75,1.75,1.75,1.75
EDUC,1994-08-22,1.6875,1.7812,1.6875,1.7812
EDUC,1994-08-23,1.7812,1.8125,1.6875,1.75
EDUC,1994-08-24,1.7812,1.8438,1.7188,1.8438
EDUC,1994-08-25,1.875,1.875,1.75,1.875
EDUC,1994-08-26,1.875,1.9688,1.8125,1.9688
EDUC,1994-08-29,2.1875,2.25,2.0625,2.082
EDUC,1994-08-30,2.125,2.1562,2.0625,2.0938
EDUC,1994-08-31,2.0625,2.125,2.0312,2.0625
EDUC,1994-09-01,2.0938,2.125,2.0625,2.0625
EDUC,1994-09-02,2.0312,2.125,2.0312,2.125
EDUC,1994-09-06,2.0938,2.1562,2.0625,2.0625
EDUC,1994-09-07,2.0625,2.125,2.0312,2.125
EDUC,1994-09-08,2.125,2.125,2.0625,2.0625
EDUC,1994-09-09,2.0,2.0938,2.0,2.0
EDUC,1994-09-12,2.0625,2.0625,2.0,2.0625
EDUC,1994-09-13,2.0625,2.0625,2.0,2.0625
EDUC,1994-09-14,2.0625,2.0625,2.0,2.0625
EDUC,1994-09-15,2.0938,2.2188,2.0625,2.2188
EDUC,1994-09-16,2.2188,2.4375,2.1562,2.375
EDUC,1994-09-19,2.5938,2.8438,2.4375,2.6875
EDUC,1994-09-20,2.6562,2.6562,2.4062,2.4062
EDUC,1994-09-21,2.4688,2.5938,2.3438,2.5938
EDUC,1994-09-22,2.5938,2.5938,2.4688,2.5
EDUC,1994-09-23,2.5625,2.625,2.5,2.5938
EDUC,1994-09-26,2.625,2.6562,2.4375,2.5312
EDUC,1994-09-27,2.5312,2.5312,2.3125,2.5
EDUC,1994-09-28,2.375,2.5,2.3125,2.375
EDUC,1994-09-29,2.3125,2.4688,2.3125,2.4688
EDUC,1994-09-30,2.3438,2.4375,2.3125,2.4375
EDUC,1994-10-03,2.4062,2.5,2.3438,2.5
EDUC,1994-10-04,2.5,2.5312,2.375,2.375
EDUC,1994-10-05,2.3438,2.5,2.3438,2.4062
EDUC,1994-10-06,2.3438,2.5,2.3438,2.5
EDUC,1994-10-07,2.5,2.5,2.375,2.4688
EDUC,1994-10-10,2.5312,2.6562,2.5,2.5312
EDUC,1994-10-11,2.5938,2.6562,2.5,2.5
EDUC,1994-10-12,2.5938,2.5938,2.4375,2.5938
EDUC,1994-10-13,2.5938,2.5938,2.4375,2.5
EDUC,1994-10-14,2.4375,2.5938,2.4375,2.4688
EDUC,1994-10-17,2.5938,2.625,2.4844,2.625
EDUC,1994-10-18,2.5,2.625,2.4688,2.625
EDUC,1994-10-19,2.4688,2.625,2.4688,2.4688
EDUC,1994-10-20,2.5938,2.5938,2.4375,2.5938
EDUC,1994-10-21,2.4375,2.5938,2.4375,2.5938
EDUC,1994-10-24,2.5938,2.625,2.4688,2.625
EDUC,1994-10-25,2.4375,2.5938,2.4375,2.5
EDUC,1994-10-26,2.5312,2.5625,2.4688,2.4688
EDUC,1994-10-27,2.5312,2.5312,2.4062,2.4375
EDUC,1994-10-28,2.4375,2.5312,2.4375,2.5312
EDUC,1994-10-31,2.4688,2.5938,2.4688,2.5312
EDUC,1994-11-01,2.625,2.6562,2.5312,2.6562
EDUC,1994-11-02,2.6562,2.6562,2.5312,2.5938
EDUC,1994-11-03,2.5312,2.6562,2.4688,2.5938
EDUC,1994-11-04,2.6562,2.6562,2.5625,2.5625
EDUC,1994-11-07,2.625,2.8438,2.5,2.75
EDUC,1994-11-08,2.8438,3.25,2.75,2.9375
EDUC,1994-11-09,3.0625,3.2812,2.9375,3.25
EDUC,1994-11-10,3.2188,3.7188,3.125,3.625
EDUC,1994-11-11,3.8438,3.8438,3.3125,3.4062
EDUC,1994-11-14,3.4062,3.5625,3.2812,3.4062
EDUC,1994-11-15,3.375,3.4688,3.25,3.3125
EDUC,1994-11-16,3.25,3.5,3.125,3.5
EDUC,1994-11-17,3.5,3.625,3.3438,3.375
EDUC,1994-11-18,3.3438,3.4688,3.3438,3.4688
EDUC,1994-11-21,3.4688,3.5625,3.3438,3.3438
EDUC,1994-11-22,3.4688,3.4688,3.3438,3.3438
EDUC,1994-11-23,3.25,3.3125,3.1562,3.1875
EDUC,1994-11-25,3.25,3.3438,3.1875,3.2812
EDUC,1994-11-28,3.3125,3.3438,3.2188,3.2812
EDUC,1994-11-29,3.2812,3.3125,3.2188,3.25
EDUC,1994-11-30,3.3125,3.3125,3.2188,3.3125
EDUC,1994-12-01,3.3438,3.5938,3.2188,3.4688
EDUC,1994-12-02,3.5625,4.0312,3.5625,3.8125
EDUC,1994-12-05,4.0,4.1875,3.8438,4.0625
EDUC,1994-12-06,4.0625,4.0625,3.4375,3.4688
EDUC,1994-12-07,3.4688,3.75,3.4688,3.6562
EDUC,1994-12-08,3.5625,3.75,3.5625,3.625
EDUC,1994-12-09,3.5625,3.5625,3.4062,3.5
EDUC,1994-12-12,3.5938,3.7188,3.5312,3.6875
EDUC,1994-12-13,3.7188,3.9688,3.5938,3.8438
EDUC,1994-12-14,4.0625,4.1562,3.75,3.8438
EDUC,1994-12-15,3.875,3.9375,3.75,3.875
EDUC,1994-12-16,3.9688,3.9688,3.8125,3.875
EDUC,1994-12-19,4.0,4.0938,3.8438,3.9375
EDUC,1994-12-20,3.9375,4.0938,3.9375,4.0
EDUC,1994-12-21,4.0938,4.125,3.9375,4.0312
EDUC,1994-12-22,4.125,4.125,3.9688,3.9688
EDUC,1994-12-23,3.9688,4.125,3.9688,4.0938
EDUC,1994-12-27,4.0,4.1875,3.9375,4.125
EDUC,1994-12-28,4.1562,4.1875,4.0312,4.0312
EDUC,1994-12-29,4.0,4.1562,3.9688,3.9688
EDUC,1994-12-30,3.9375,4.0625,3.75,4.0
EDUC,1995-01-03,4.0312,4.3125,3.875,4.0312
EDUC,1995-01-04,3.9375,4.0625,3.75,3.8438
EDUC,1995-01-05,3.8125,3.9375,3.4375,3.5625
EDUC,1995-01-06,3.5312,3.5625,3.375,3.375
EDUC,1995-01-09,3.1875,3.375,3.0312,3.0625
EDUC,1995-01-10,2.6875,2.9375,2.625,2.6875
EDUC,1995-01-11,2.6875,3.6875,2.6875,3.625
EDUC,1995-01-12,3.9062,3.9062,3.3125,3.5625
EDUC,1995-01-13,3.5625,3.7812,3.375,3.5625
EDUC,1995-01-16,3.7188,3.7188,3.3125,3.4688
EDUC,1995-01-17,3.3438,3.4688,3.1562,3.2188
EDUC,1995-01-18,3.4062,3.4062,3.0938,3.2188
EDUC,1995-01-19,3.0625,3.25,2.9688,3.125
EDUC,1995-01-20,2.9688,3.1562,2.9375,3.0625
EDUC,1995-01-23,2.9688,3.125,2.9688,3.0
EDUC,1995-01-24,2.9375,3.125,2.9375,3.125
EDUC,1995-01-25,2.9375,3.2188,2.9375,3.0938
EDUC,1995-01-26,3.0938,3.3438,3.0312,3.2812
EDUC,1995-01-27,3.1562,3.3438,3.1562,3.3125
EDUC,1995-01-30,3.1875,3.375,3.1875,3.25
EDUC,1995-01-31,3.375,3.375,3.1875,3.25
EDUC,1995-02-01,3.1875,3.375,3.125,3.25
EDUC,1995-02-02,3.125,3.3438,3.125,3.25
EDUC,1995-02-03,3.125,3.3125,3.125,3.25
EDUC,1995-02-06,3.3438,3.3438,3.1875,3.25
EDUC,1995-02-07,3.3438,3.3438,3.1875,3.3125
EDUC,1995-02-08,3.3438,3.4375,3.25,3.4375
EDUC,1995-02-09,3.4375,3.5,3.3125,3.4688
EDUC,1995-02-10,3.5,3.6875,3.4375,3.6875
EDUC,1995-02-13,3.7812,3.8438,3.625,3.8125
EDUC,1995-02-14,3.75,3.9375,3.6875,3.6875
EDUC,1995-02-15,3.8125,3.8125,3.3125,3.3438
EDUC,1995-02-16,3.3438,3.5,3.3438,3.5
EDUC,1995-02-17,3.5,3.5,3.3438,3.375
EDUC,1995-02-21,3.5,3.5,3.3438,3.375
EDUC,1995-02-22,3.3438,3.5,3.1875,3.375
EDUC,1995-02-23,3.375,3.375,3.1875,3.375
EDUC,1995-02-24,3.4062,3.4062,3.1875,3.1875
EDUC,1995-02-27,3.1875,3.4062,3.1875,3.2812
EDUC,1995-02-28,3.1562,3.5312,3.125,3.375
EDUC,1995-03-01,3.5312,3.5312,3.3125,3.3125
EDUC,1995-03-02,3.25,3.25,3.1562,3.1562
EDUC,1995-03-03,3.1562,3.3438,3.1562,3.3438
EDUC,1995-03-06,3.3438,3.3438,3.1562,3.3438
EDUC,1995-03-07,3.1562,3.3438,3.1562,3.1562
EDUC,1995-03-08,3.1562,3.2812,3.1562,3.25
EDUC,1995-03-09,3.2812,3.2812,3.0625,3.0625
EDUC,1995-03-10,2.9062,3.1875,2.9062,3.0312
EDUC,1995-03-13,3.0312,3.1875,2.9688,3.0938
EDUC,1995-03-14,2.9688,3.1875,2.8125,3.0
EDUC,1995-03-15,3.0,3.1562,2.875,3.1562
EDUC,1995-03-16,3.1562,3.4375,3.125,3.4375
EDUC,1995-03-17,3.2188,3.4062,3.1875,3.1875
EDUC,1995-03-20,3.1875,3.375,3.1875,3.2812
EDUC,1995-03-21,3.1875,3.4062,3.1875,3.3125
EDUC,1995-03-22,3.2969,3.4062,3.2969,3.375
EDUC,1995-03-23,3.2188,3.4062,3.2188,3.2812
EDUC,1995-03-24,3.4375,3.5312,3.2812,3.375
EDUC,1995-03-27,3.4688,3.5,3.375,3.4062
EDUC,1995-03-28,3.4688,3.5,3.375,3.5
EDUC,1995-03-29,3.5312,3.75,3.4688,3.625
EDUC,1995-03-30,3.625,3.75,3.5625,3.5938
EDUC,1995-03-31,3.5938,3.6875,3.5,3.5
EDUC,1995-04-03,3.4688,3.6875,3.4688,3.4688
EDUC,1995-04-04,3.6875,3.6875,3.4688,3.5
EDUC,1995-04-05,3.4688,3.6562,3.4688,3.625
EDUC,1995-04-06,3.625,3.625,3.4688,3.5312
EDUC,1995-04-07,3.625,3.625,3.4688,3.4688
EDUC,1995-04-10,3.5625,3.625,3.4688,3.5
EDUC,1995-04-11,3.625,3.625,3.4688,3.4688
EDUC,1995-04-12,3.4688,3.5312,3.3125,3.5
EDUC,1995-04-13,3.3125,3.5,3.3125,3.5
EDUC,1995-04-17,3.5,3.5,3.3125,3.4688
EDUC,1995-04-18,3.3125,3.4688,3.3125,3.4688
EDUC,1995-04-19,3.4688,3.5,3.375,3.4062
EDUC,1995-04-20,3.3438,3.5,3.3438,3.5
EDUC,1995-04-21,3.4688,3.5,3.4062,3.5
EDUC,1995-04-24,3.3438,3.5,3.3438,3.4375
EDUC,1995-04-25,3.4062,3.5,3.375,3.375
EDUC,1995-04-26,3.375,3.6875,3.375,3.6875
EDUC,1995-04-27,3.6875,3.6875,3.4688,3.6875
EDUC,1995-04-28,3.4688,3.6562,3.4688,3.6562
EDUC,1995-05-01,3.4688,3.6562,3.4062,3.5625
EDUC,1995-05-02,3.4062,3.5938,3.375,3.5938
EDUC,1995-05-03,3.375,3.5938,3.375,3.5938
EDUC,1995-05-04,3.4375,3.7812,3.4375,3.625
EDUC,1995-05-05,3.5,3.625,3.4688,3.5
EDUC,1995-05-08,3.625,3.625,3.2812,3.2812
EDUC,1995-05-09,3.25,3.4062,3.0625,3.0625
EDUC,1995-05-10,3.0625,3.2812,3.0625,3.2812
EDUC,1995-05-11,3.2812,3.3438,3.0625,3.3438
EDUC,1995-05-12,3.3438,3.3438,3.0,3.1875
EDUC,1995-05-15,3.0,3.125,3.0,3.125
EDUC,1995-05-16,3.1875,3.2188,3.0625,3.0938
EDUC,1995-05-17,3.0312,3.2188,3.0,3.0
EDUC,1995-05-18,3.0,3.1875,2.9688,3.125
EDUC,1995-05-19,3.0,3.125,2.9375,3.125
EDUC,1995-05-22,3.1562,3.2188,3.0,3.0938
EDUC,1995-05-23,3.0,3.1875,2.9375,3.0938
EDUC,1995-05-24,2.9062,3.125,2.9062,3.0312
EDUC,1995-05-25,3.125,3.125,2.9062,3.0938
EDUC,1995-05-26,2.9375,3.0625,2.9375,2.9375
EDUC,1995-05-30,3.1562,3.1562,2.9375,3.0625
EDUC,1995-05-31,3.0312,3.1562,3.0312,3.0312
EDUC,1995-06-01,2.9688,2.9688,2.9688,2.9688
EDUC,1995-06-02,2.9688,3.1562,2.9688,3.1562
EDUC,1995-06-05,3.1562,3.1562,2.9688,2.9688
EDUC,1995-06-06,3.125,3.1562,2.9688,3.0
EDUC,1995-06-07,3.125,3.125,2.75,3.0312
EDUC,1995-06-08,3.0,3.1875,3.0,3.1875
EDUC,1995-06-09,3.0625,3.0625,3.0,3.0
EDUC,1995-06-12,3.0,3.1562,3.0,3.0
EDUC,1995-06-13,3.1562,3.1562,3.0,3.0625
EDUC,1995-06-14,3.0,3.1875,3.0,3.1875
EDUC,1995-06-15,3.0,3.2188,3.0,3.0625
EDUC,1995-06-16,3.1562,3.5,3.1562,3.4688
EDUC,1995-06-19,3.5312,3.5312,3.375,3.4062
EDUC,1995-06-20,3.4062,3.5312,3.3438,3.5312
EDUC,1995-06-21,3.5,3.6875,3.3438,3.4062
EDUC,1995-06-22,3.4062,3.5938,3.4062,3.4062
EDUC,1995-06-23,3.5,3.5,3.3438,3.375
EDUC,1995-06-26,3.3438,3.5,3.0625,3.125
EDUC,1995-06-27,3.25,3.25,2.9375,3.125
EDUC,1995-06-28,3.0,3.125,3.0,3.0
EDUC,1995-06-29,3.0,3.1875,3.0,3.1875
EDUC,1995-06-30,3.1875,3.1875,3.0,3.1875
EDUC,1995-07-03,3.0625,3.1875,3.0625,3.1875
EDUC,1995-07-05,3.1875,3.1875,3.0625,3.0625
EDUC,1995-07-06,3.0469,3.1875,3.0312,3.1875
EDUC,1995-07-07,3.0625,3.25,3.0625,3.0625
EDUC,1995-07-10,3.0625,3.25,3.0625,3.1562
EDUC,1995-07-11,3.0625,3.25,3.0625,3.0625
EDUC,1995-07-12,3.0625,3.25,3.0625,3.0625
EDUC,1995-07-13,3.0625,3.25,3.0625,3.1562
EDUC,1995-07-14,3.0938,3.2188,3.0938,3.2188
EDUC,1995-07-17,3.2188,3.2188,3.0938,3.0938
EDUC,1995-07-18,3.2188,3.2188,3.0938,3.125
EDUC,1995-07-19,3.2188,3.2188,3.0312,3.125
EDUC,1995-07-20,3.0312,3.1875,3.0312,3.0469
EDUC,1995-07-21,3.1875,3.1875,3.0,3.0
EDUC,1995-07-24,3.0,3.0938,3.0,3.0312
EDUC,1995-07-25,3.2188,3.2188,3.0,3.1562
EDUC,1995-07-26,3.25,3.25,3.1875,3.1875
EDUC,1995-07-27,3.3125,3.4375,3.25,3.2812
EDUC,1995-07-28,3.1875,3.375,3.1875,3.2812
EDUC,1995-07-31,3.25,3.4688,3.2188,3.3125
EDUC,1995-08-01,3.4062,3.5312,3.3438,3.3438
EDUC,1995-08-02,3.5,3.5312,3.375,3.5312
EDUC,1995-08-03,3.375,3.5,3.25,3.25
EDUC,1995-08-04,3.25,3.4375,3.25,3.3125
EDUC,1995-08-07,3.2188,3.4375,3.1875,3.375
EDUC,1995-08-08,3.375,3.375,3.1875,3.375
EDUC,1995-08-09,3.25,3.375,3.25,3.375
EDUC,1995-08-10,3.1875,3.3125,3.1875,3.1875
EDUC,1995-08-11,3.1875,3.25,3.1875,3.25
EDUC,1995-08-14,3.0625,3.2188,3.0625,3.0938
EDUC,1995-08-15,3.1875,3.3125,3.0938,3.1875
EDUC,1995-08-16,3.1875,3.4062,3.1875,3.1875
EDUC,1995-08-17,3.4062,3.4062,3.25,3.375
EDUC,1995-08-18,3.4062,3.4062,3.2812,3.2812
EDUC,1995-08-21,3.2812,3.4688,3.2812,3.4688
EDUC,1995-08-22,3.4688,3.6562,3.375,3.625
EDUC,1995-08-23,3.625,3.8438,3.4688,3.8438
EDUC,1995-08-24,4.0,4.25,3.8125,4.1875
EDUC,1995-08-25,4.1875,4.1875,3.9062,4.1875
EDUC,1995-08-28,4.25,4.4375,4.0625,4.4375
EDUC,1995-08-29,4.4688,4.5,3.9375,4.0938
EDUC,1995-08-30,4.2812,4.2812,3.8438,4.0625
EDUC,1995-08-31,4.0312,4.0625,3.7812,4.0312
EDUC,1995-09-01,3.8125,4.0,3.8125,4.0
EDUC,1995-09-05,3.7812,4.125,3.7812,4.125
EDUC,1995-09-06,4.125,4.2812,3.9375,4.1562
EDUC,1995-09-07,4.2812,4.2812,4.0625,4.0625
EDUC,1995-09-08,4.25,4.2812,4.0625,4.2812
EDUC,1995-09-11,4.0625,4.2812,4.0625,4.2812
EDUC,1995-09-12,4.2812,4.3438,4.1875,4.1875
EDUC,1995-09-13,4.3125,4.5625,4.1562,4.4375
EDUC,1995-09-14,4.5625,4.875,4.4375,4.75
EDUC,1995-09-15,4.8125,4.9062,4.625,4.6875
EDUC,1995-09-18,4.7812,4.7812,4.5,4.6562
EDUC,1995-09-19,4.5625,4.625,4.4688,4.4688
EDUC,1995-09-20,4.5,4.5312,4.3125,4.375
EDUC,1995-09-21,4.4375,4.4375,4.3438,4.375
EDUC,1995-09-22,4.3438,4.5,4.3438,4.4375
EDUC,1995-09-25,4.375,4.5625,4.375,4.4062
EDUC,1995-09-26,4.5625,4.5625,4.4062,4.5625
EDUC,1995-09-27,4.5625,4.5625,3.75,4.2188
EDUC,1995-09-28,4.0625,4.1875,3.9375,4.0938
EDUC,1995-09-29,4.3125,4.5625,4.3125,4.5
EDUC,1995-10-02,4.5,4.8125,4.4062,4.7188
EDUC,1995-10-03,4.7188,4.8125,4.5625,4.75
EDUC,1995-10-04,4.6875,4.7188,4.5625,4.7188
EDUC,1995-10-05,4.5625,4.8125,4.5625,4.75
EDUC,1995-10-06,4.625,4.7188,4.5625,4.6875
EDUC,1995-10-09,4.5625,4.6875,4.5625,4.625
EDUC,1995-10-10,4.4688,4.8125,4.4062,4.8125
EDUC,1995-10-11,4.8125,4.8438,4.625,4.75
EDUC,1995-10-12,4.8125,4.8438,4.625,4.8125
EDUC,1995-10-13,4.625,4.7812,4.625,4.75
EDUC,1995-10-16,4.8438,4.8438,4.6562,4.6562
EDUC,1995-10-17,4.75,4.75,4.625,4.75
EDUC,1995-10-18,4.7812,4.7812,4.625,4.625
EDUC,1995-10-19,4.75,4.8125,4.625,4.6562
EDUC,1995-10-20,4.75,4.8438,4.625,4.625
EDUC,1995-10-23,4.75,4.75,4.5625,4.5938
EDUC,1995-10-24,4.6875,4.75,4.5625,4.75
EDUC,1995-10-25,4.75,4.75,4.5938,4.75
EDUC,1995-10-26,4.5938,4.75,4.5938,4.625
EDUC,1995-10-27,4.625,4.75,4.625,4.7188
EDUC,1995-10-30,4.625,5.4375,4.625,5.375
EDUC,1995-10-31,5.5625,5.6562,4.9062,4.9688
EDUC,1995-11-01,4.9375,5.3125,4.9375,5.25
EDUC,1995-11-02,5.375,5.75,5.375,5.6562
EDUC,1995-11-03,5.7188,5.75,5.5,5.7188
EDUC,1995-11-06,5.7188,5.9375,5.7188,5.75
EDUC,1995-11-07,5.875,5.875,5.5625,5.5625
EDUC,1995-11-08,5.7188,5.75,5.5312,5.75
EDUC,1995-11-09,5.5,5.75,5.5,5.6562
EDUC,1995-11-10,5.5,5.6875,5.5,5.6875
EDUC,1995-11-13,5.6875,5.8125,5.6562,5.7188
EDUC,1995-11-14,5.8125,5.8125,5.625,5.625
EDUC,1995-11-15,5.625,5.8125,5.375,5.625
EDUC,1995-11-16,5.625,5.75,5.625,5.75
EDUC,1995-11-17,5.5938,5.8438,5.5938,5.7188
EDUC,1995-11-20,5.6562,5.6562,5.375,5.5
EDUC,1995-11-21,5.3125,5.5312,5.3125,5.4062
EDUC,1995-11-22,5.5,5.5,5.1875,5.1875
EDUC,1995-11-24,5.3125,5.3125,5.1562,5.1562
EDUC,1995-11-27,5.1562,5.375,5.0,5.375
EDUC,1995-11-28,5.375,5.375,5.2188,5.375
EDUC,1995-11-29,5.25,5.4688,5.25,5.4688
EDUC,1995-11-30,5.4688,5.6875,5.375,5.6875
EDUC,1995-12-01,5.5,5.875,5.5,5.6875
EDUC,1995-12-04,5.6562,5.8438,5.625,5.625
EDUC,1995-12-05,5.625,5.6875,5.25,5.25
EDUC,1995-12-06,5.1875,5.5312,5.1875,5.5
EDUC,1995-12-07,5.3438,5.5,5.3438,5.5
EDUC,1995-12-08,5.3438,5.375,5.25,5.3125
EDUC,1995-12-11,5.1875,5.3125,5.1562,5.3125
EDUC,1995-12-12,5.3125,5.3125,5.0,5.0
EDUC,1995-12-13,5.1875,5.1875,5.0625,5.0938
EDUC,1995-12-14,5.125,5.125,5.0,5.0
EDUC,1995-12-15,5.0,5.0625,4.9375,4.9375
EDUC,1995-12-18,5.0625,5.0625,4.6562,4.75
EDUC,1995-12-19,4.625,4.8125,4.4688,4.6562
EDUC,1995-12-20,4.6562,4.8438,4.6562,4.7188
EDUC,1995-12-21,4.7188,5.2188,4.7188,5.125
EDUC,1995-12-22,5.125,5.25,5.0938,5.1875
EDUC,1995-12-26,5.0938,5.3438,5.0938,5.25
EDUC,1995-12-27,5.1875,5.4375,5.1875,5.4375
EDUC,1995-12-28,5.4375,5.4375,5.25,5.4375
EDUC,1995-12-29,5.2812,5.4375,5.2812,5.4375
EDUC,1996-01-02,5.4375,5.5625,5.2812,5.5625
EDUC,1996-01-03,5.5625,5.875,5.4688,5.7188
EDUC,1996-01-04,5.5625,5.7812,5.5625,5.6562
EDUC,1996-01-05,5.7188,5.7188,5.5312,5.5938
EDUC,1996-01-08,5.6562,5.6875,5.5312,5.5312
EDUC,1996-01-09,5.7188,5.9062,5.5312,5.75
EDUC,1996-01-10,5.625,5.6875,5.5312,5.5312
EDUC,1996-01-11,5.7188,6.375,5.7188,6.2188
EDUC,1996-01-12,6.3125,6.5,5.9375,6.25
EDUC,1996-01-15,6.4375,6.5625,6.1562,6.3125
EDUC,1996-01-16,6.5,6.5,6.0625,6.125
EDUC,1996-01-17,6.0,6.3125,5.6875,5.875
EDUC,1996-01-18,5.8125,6.1875,5.8125,6.1875
EDUC,1996-01-19,6.1875,6.1875,5.75,5.75
EDUC,1996-01-22,6.1875,6.1875,5.625,5.625
EDUC,1996-01-23,5.625,6.0625,5.625,5.625
EDUC,1996-01-24,6.0625,6.0625,5.625,6.0
EDUC,1996-01-25,6.0,6.375,5.75,6.2812
EDUC,1996-01-26,6.25,6.25,6.125,6.25
EDUC,1996-01-29,6.0625,6.5625,6.0625,6.3125
EDUC,1996-01-30,6.4375,6.5,6.1875,6.375
EDUC,1996-01-31,6.125,6.5,6.125,6.5
EDUC,1996-02-01,6.5,6.5,6.2188,6.4062
EDUC,1996-02-02,6.5,6.5,6.125,6.375
EDUC,1996-02-05,6.125,6.5,6.125,6.125
EDUC,1996-02-06,6.125,6.5,6.125,6.375
EDUC,1996-02-07,6.125,6.5,6.125,6.4375
EDUC,1996-02-08,6.5,6.5,6.1875,6.4375
EDUC,1996-02-09,6.1875,6.5625,6.1875,6.5625
EDUC,1996-02-12,6.5625,6.5625,6.25,6.25
EDUC,1996-02-13,6.1875,6.5,6.1875,6.5
EDUC,1996-02-14,6.1875,6.4375,6.1875,6.4375
EDUC,1996-02-15,6.4375,6.4375,6.1875,6.1875
EDUC,1996-02-16,6.1875,6.4375,6.1875,6.1875
EDUC,1996-02-20,6.4375,6.5,6.1875,6.5
EDUC,1996-02-21,6.5,6.5,6.0625,6.25
EDUC,1996-02-22,6.125,6.4375,6.125,6.125
EDUC,1996-02-23,6.375,6.4375,6.0,6.4062
EDUC,1996-02-26,6.4375,6.4375,6.125,6.4375
EDUC,1996-02-27,6.125,6.375,6.0625,6.375
EDUC,1996-02-28,6.0625,6.375,6.0625,6.0938
EDUC,1996-02-29,6.25,6.25,5.875,6.25
EDUC,1996-03-01,6.25,6.25,5.875,6.0
EDUC,1996-03-04,5.875,6.25,5.875,5.875
EDUC,1996-03-05,5.875,6.3125,5.75,6.125
EDUC,1996-03-06,5.9375,6.0,5.4375,5.5625
EDUC,1996-03-07,5.875,5.875,5.3125,5.6875
EDUC,1996-03-08,5.3125,5.5,5.0625,5.3125
EDUC,1996-03-11,5.0625,5.5625,4.75,5.3125
EDUC,1996-03-12,5.375,5.5,4.9375,4.9375
EDUC,1996-03-13,4.8125,5.1875,4.75,5.125
EDUC,1996-03-14,5.125,5.5,4.75,5.25
EDUC,1996-03-15,5.6875,5.8125,5.6875,5.75
EDUC,1996-03-18,5.75,5.75,5.25,5.4375
EDUC,1996-03-19,5.6875,5.6875,5.125,5.3125
EDUC,1996-03-20,5.5625,5.625,5.25,5.5625
EDUC,1996-03-21,5.625,5.625,5.125,5.125
EDUC,1996-03-22,5.125,5.5,5.125,5.5
EDUC,1996-03-25,5.5,5.5,5.25,5.5
EDUC,1996-03-26,5.5,5.5,5.125,5.5
EDUC,1996-03-27,5.5,5.5,5.0625,5.4375
EDUC,1996-03-28,5.4375,5.4375,5.0,5.0
EDUC,1996-03-29,5.4375,5.4375,5.0,5.4375
EDUC,1996-04-01,5.375,5.375,4.9375,5.0
EDUC,1996-04-02,5.375,5.375,4.9375,5.1875
EDUC,1996-04-03,5.0,5.1875,5.0,5.0938
EDUC,1996-04-04,5.0,5.375,5.0,5.1875
EDUC,1996-04-08,5.0,5.375,5.0,5.125
EDUC,1996-04-09,5.0,5.375,5.0,5.3438
EDUC,1996-04-10,5.0625,5.5,5.0625,5.5
EDUC,1996-04-11,5.5,5.5,5.0625,5.0625
EDUC,1996-04-12,5.0625,5.6875,5.0625,5.25
EDUC,1996-04-15,5.6875,5.6875,5.25,5.6875
EDUC,1996-04-16,5.75,6.5,5.75,6.375
EDUC,1996-04-17,6.625,6.625,5.875,6.1875
EDUC,1996-04-18,6.5,6.5,5.75,5.75
EDUC,1996-04-19,6.125,6.25,5.5625,5.9375
EDUC,1996-04-22,6.125,6.375,5.625,6.375
EDUC,1996-04-23,5.75,6.375,5.4375,6.0
EDUC,1996-04-24,5.5,6.0,5.375,5.75
EDUC,1996-04-25,5.375,6.0,5.375,5.5
EDUC,1996-04-26,6.0,6.0,5.375,5.5
EDUC,1996-04-29,5.4375,6.0,5.4375,5.5
EDUC,1996-04-30,5.4375,6.0625,5.4375,5.75
EDUC,1996-05-01,5.4375,6.0625,5.4375,5.4375
EDUC,1996-05-02,5.4375,6.0625,5.1875,5.5
EDUC,1996-05-03,5.875,5.875,5.1875,5.875
EDUC,1996-05-06,5.875,5.875,5.1875,5.5
EDUC,1996-05-07,5.875,5.875,5.1875,5.875
EDUC,1996-05-08,5.25,5.875,4.75,4.875
EDUC,1996-05-09,4.9375,5.5,4.9375,5.0
EDUC,1996-05-10,5.375,5.375,4.875,5.25
EDUC,1996-05-13,5.375,5.875,5.0,5.5
EDUC,1996-05-14,5.5,5.625,5.0,5.0
EDUC,1996-05-15,5.625,6.0,5.0,5.25
EDUC,1996-05-16,5.3125,5.875,5.0,5.25
EDUC,1996-05-17,5.625,5.75,5.125,5.125
EDUC,1996-05-20,5.5,5.5,4.75,5.0
EDUC,1996-05-21,4.75,5.125,4.25,4.375
EDUC,1996-05-22,4.25,4.875,4.25,4.5
EDUC,1996-05-23,5.0,5.0,4.375,4.5625
EDUC,1996-05-24,5.0,5.25,4.75,4.9375
EDUC,1996-05-28,5.25,5.25,4.9375,5.125
EDUC,1996-05-29,5.25,5.25,4.875,5.0
EDUC,1996-05-30,4.875,5.125,4.875,5.125
EDUC,1996-05-31,5.125,5.125,4.875,4.875
EDUC,1996-06-03,4.875,5.125,4.875,4.9062
EDUC,1996-06-04,4.75,5.125,4.75,4.75
EDUC,1996-06-05,5.0,5.0,4.375,4.6875
EDUC,1996-06-06,4.5,4.875,4.5,4.875
EDUC,1996-06-07,4.5,4.875,4.375,4.4375
EDUC,1996-06-10,4.375,5.0,4.375,4.4062
EDUC,1996-06-11,4.5,4.875,4.375,4.4062
EDUC,1996-06-12,4.875,5.0,4.5,4.625
EDUC,1996-06-13,4.875,4.875,4.625,4.6719
EDUC,1996-06-14,4.4375,4.875,4.4375,4.875
EDUC,1996-06-17,4.875,4.875,4.4375,4.6875
EDUC,1996-06-18,4.875,4.875,4.4375,4.75
EDUC,1996-06-19,4.4375,5.125,4.4375,4.6875
EDUC,1996-06-20,5.25,5.25,4.6875,4.9375
EDUC,1996-06-21,4.875,5.3125,4.75,4.75
EDUC,1996-06-24,4.9375,5.0625,4.75,4.8438
EDUC,1996-06-25,4.5,4.875,4.5,4.75
EDUC,1996-06-26,4.5,4.5312,4.5,4.5312
EDUC,1996-06-27,4.6875,4.8125,4.375,4.5
EDUC,1996-06-28,4.4375,4.5625,4.4375,4.4375
EDUC,1996-07-01,4.5625,4.5625,4.5625,4.5625
EDUC,1996-07-02,4.3125,4.6875,4.3125,4.6875
EDUC,1996-07-03,4.3125,4.5,3.8125,4.0
EDUC,1996-07-05,4.25,4.25,4.25,4.25
EDUC,1996-07-08,4.3125,4.3125,3.8125,4.0391
EDUC,1996-07-09,3.9375,4.125,3.25,4.0625
EDUC,1996-07-10,4.0625,4.125,3.375,3.75
EDUC,1996-07-11,3.5625,3.875,3.375,3.5
EDUC,1996-07-12,3.75,3.75,3.25,3.625
EDUC,1996-07-15,3.625,3.625,3.0625,3.375
EDUC,1996-07-16,3.125,3.6562,3.125,3.125
EDUC,1996-07-17,3.375,3.75,3.125,3.375
EDUC,1996-07-18,3.75,3.75,3.1875,3.1875
EDUC,1996-07-19,3.5625,3.625,3.125,3.625
EDUC,1996-07-22,3.125,3.625,3.125,3.25
EDUC,1996-07-23,3.3125,3.625,3.125,3.5
EDUC,1996-07-24,3.375,3.5,2.875,3.25
EDUC,1996-07-25,3.0,3.5,3.0,3.1875
EDUC,1996-07-26,3.0,3.5625,3.0,3.375
EDUC,1996-07-29,3.1875,3.5625,3.0,3.5625
EDUC,1996-07-30,3.5625,3.5625,3.0,3.25
EDUC,1996-07-31,3.0625,3.5625,3.0625,3.25
EDUC,1996-08-01,3.5625,3.5625,3.125,3.125
EDUC,1996-08-02,3.125,3.25,3.125,3.125
EDUC,1996-08-05,2.9375,3.375,2.9375,3.375
EDUC,1996-08-06,3.0,3.5,3.0,3.125
EDUC,1996-08-07,3.0,3.4375,3.0,3.3125
EDUC,1996-08-08,3.375,3.375,3.375,3.375
EDUC,1996-08-09,3.0,3.0,3.0,3.0
EDUC,1996-08-12,3.375,3.375,3.0625,3.0625
EDUC,1996-08-13,3.0625,3.4375,3.0625,3.0625
EDUC,1996-08-14,3.0625,3.4375,3.0625,3.3125
EDUC,1996-08-15,3.0625,3.4375,3.0625,3.1875
EDUC,1996-08-16,3.4375,3.4375,3.0625,3.25
EDUC,1996-08-19,3.25,3.375,3.1875,3.1875
EDUC,1996-08-20,3.0625,3.4375,3.0625,3.4375
EDUC,1996-08-21,3.4375,3.4375,3.0625,3.1875
EDUC,1996-08-22,3.1875,3.1875,3.1875,3.1875
EDUC,1996-08-23,3.4375,3.4375,3.125,3.375
EDUC,1996-08-26,3.375,3.375,3.125,3.125
EDUC,1996-08-27,3.1875,3.1875,3.0625,3.125
EDUC,1996-08-28,3.125,3.4375,3.125,3.125
EDUC,1996-08-29,3.125,3.6875,3.125,3.25
EDUC,1996-08-30,3.125,3.5,3.125,3.25
EDUC,1996-09-03,3.5,3.5,3.1875,3.4375
EDUC,1996-09-04,3.4375,3.4375,3.4375,3.4375
EDUC,1996-09-05,3.4375,3.4375,3.1875,3.4375
EDUC,1996-09-06,3.1875,3.375,3.125,3.1875
EDUC,1996-09-09,3.1875,3.25,3.0938,3.125
EDUC,1996-09-10,3.0,3.125,2.8125,2.9375
EDUC,1996-09-11,2.9375,3.0,2.875,2.9375
EDUC,1996-09-12,2.9375,3.0,2.9375,3.0
EDUC,1996-09-13,3.0,3.0,2.9375,2.9375
EDUC,1996-09-16,2.875,3.0,2.8125,3.0
EDUC,1996-09-17,3.0,3.0,2.875,3.0
EDUC,1996-09-18,3.0,3.0,2.75,2.75
EDUC,1996-09-19,2.75,2.9375,2.75,2.875
EDUC,1996-09-20,2.6875,2.875,2.625,2.6875
EDUC,1996-09-23,2.8125,2.8125,2.5625,2.5625
EDUC,1996-09-24,2.5625,2.75,2.3125,2.5625
EDUC,1996-09-25,2.4375,2.6875,2.4375,2.5625
EDUC,1996-09-26,2.4375,2.6875,2.4375,2.6875
EDUC,1996-09-27,2.6875,2.75,2.5,2.6875
EDUC,1996-09-30,2.5,2.6875,2.5,2.5
EDUC,1996-10-01,2.75,2.75,2.5,2.5
EDUC,1996-10-02,2.6875,2.6875,2.5,2.5625
EDUC,1996-10-03,2.625,2.625,2.5,2.5625
EDUC,1996-10-04,2.5625,2.5625,2.4375,2.4375
EDUC,1996-10-07,2.5625,2.5625,2.4375,2.5
EDUC,1996-10-08,2.625,2.625,2.5,2.5
EDUC,1996-10-09,2.5625,2.5625,2.5,2.5625
EDUC,1996-10-10,2.5625,3.3125,2.5,3.125
EDUC,1996-10-11,3.5,3.5,3.1875,3.1875
EDUC,1996-10-14,3.4375,3.5625,3.1875,3.5625
EDUC,1996-10-15,3.625,4.1875,3.625,4.0625
EDUC,1996-10-16,4.0,4.125,3.625,3.875
EDUC,1996-10-17,4.0,4.0,3.75,4.0
EDUC,1996-10-18,4.0,4.0,3.6875,3.875
EDUC,1996-10-21,3.6875,3.8125,3.25,3.5625
EDUC,1996-10-22,3.5625,3.5625,3.3125,3.3125
EDUC,1996-10-23,3.5,3.5,3.1875,3.5
EDUC,1996-10-24,3.5,3.5,3.1875,3.1875
EDUC,1996-10-25,3.4375,3.4375,3.4375,3.4375
EDUC,1996-10-28,3.5,3.5,3.1875,3.4375
EDUC,1996-10-29,3.5625,3.625,3.1875,3.375
EDUC,1996-10-30,3.625,3.625,3.375,3.375
EDUC,1996-10-31,3.375,3.375,3.375,3.375
EDUC,1996-11-01,3.375,3.5625,3.375,3.5625
EDUC,1996-11-04,3.3125,3.5625,3.3125,3.3125
EDUC,1996-11-05,3.3125,3.5,3.1875,3.25
EDUC,1996-11-06,3.5,3.5,3.1875,3.5
EDUC,1996-11-07,3.1875,3.1875,3.1875,3.1875
EDUC,1996-11-08,3.1875,3.375,3.1875,3.1875
EDUC,1996-11-11,3.1875,3.5,3.1875,3.25
EDUC,1996-11-12,3.1875,3.4375,3.1875,3.4375
EDUC,1996-11-13,3.4375,3.4375,3.25,3.375
EDUC,1996-11-14,3.375,3.625,3.375,3.5625
EDUC,1996-11-15,3.5625,3.625,3.5,3.5625
EDUC,1996-11-18,3.5625,3.6875,3.5,3.5
EDUC,1996-11-19,3.5,3.5,3.25,3.25
EDUC,1996-11-20,3.625,3.625,3.3125,3.3125
EDUC,1996-11-21,3.3125,3.625,3.1875,3.25
EDUC,1996-11-22,3.125,3.4375,3.125,3.4375
EDUC,1996-11-25,3.1875,3.4375,3.0625,3.4375
EDUC,1996-11-26,3.5,4.25,3.5,4.0625
EDUC,1996-11-27,4.125,4.125,3.75,4.0
EDUC,1996-11-29,3.9375,4.0,3.9375,4.0
EDUC,1996-12-02,3.875,4.0625,3.875,3.9375
EDUC,1996-12-03,3.875,4.0625,3.875,3.875
EDUC,1996-12-04,3.875,3.9844,3.875,3.9844
EDUC,1996-12-05,3.875,4.0,3.875,3.875
EDUC,1996-12-06,4.0,4.0625,3.6875,4.0625
EDUC,1996-12-09,3.6875,4.0625,3.6875,3.6875
EDUC,1996-12-10,3.6875,4.0625,3.6875,4.0625
EDUC,1996-12-11,4.0625,4.0625,3.6875,3.6875
EDUC,1996-12-12,3.75,4.0,3.75,4.0
EDUC,1996-12-13,3.8125,3.8125,3.8125,3.8125
EDUC,1996-12-16,3.75,4.0,3.6875,3.6875
EDUC,1996-12-17,3.6875,3.8125,3.5625,3.6875
EDUC,1996-12-18,3.6875,3.875,3.5625,3.6875
EDUC,1996-12-19,3.5625,3.75,3.5625,3.75
EDUC,1996-12-20,3.5625,3.75,3.5,3.5938
EDUC,1996-12-23,3.5,3.625,3.5,3.5
EDUC,1996-12-24,3.5,3.625,3.5,3.5
EDUC,1996-12-26,3.5,3.5,3.5,3.5
EDUC,1996-12-27,3.5625,3.625,3.5,3.5
EDUC,1996-12-30,3.5,3.5625,3.375,3.375
EDUC,1996-12-31,3.375,3.5,3.375,3.4375
EDUC,1997-01-02,3.375,3.875,3.375,3.625
EDUC,1997-01-03,3.75,4.0,3.6875,4.0
EDUC,1997-01-06,4.0,4.125,3.6875,4.125
EDUC,1997-01-07,4.0,4.0,3.6875,4.0
EDUC,1997-01-08,3.9688,4.0,3.8125,3.8125
EDUC,1997-01-09,3.8125,4.0,3.6875,3.75
EDUC,1997-01-10,3.6875,4.0,3.5625,4.0
EDUC,1997-01-13,4.0,4.0,3.625,3.8125
EDUC,1997-01-14,3.625,3.75,3.625,3.625
EDUC,1997-01-15,3.6875,3.6875,3.625,3.625
EDUC,1997-01-16,3.75,3.75,3.625,3.75
EDUC,1997-01-17,3.75,3.8125,3.625,3.8125
EDUC,1997-01-20,3.625,3.6875,3.625,3.625
EDUC,1997-01-21,3.6875,3.6875,3.3125,3.3125
EDUC,1997-01-22,3.375,3.375,3.0,3.1875
EDUC,1997-01-23,3.0,3.375,3.0,3.375
EDUC,1997-01-24,3.0625,3.375,3.0625,3.375
EDUC,1997-01-27,3.1562,3.375,3.1562,3.1562
EDUC,1997-01-28,3.375,3.375,3.1562,3.1875
EDUC,1997-01-29,3.375,3.375,3.1562,3.1562
EDUC,1997-01-30,3.375,3.375,3.1562,3.3125
EDUC,1997-01-31,3.5625,3.5625,3.25,3.25
EDUC,1997-02-03,3.375,3.4375,3.25,3.25
EDUC,1997-02-04,3.25,3.375,3.1875,3.375
EDUC,1997-02-05,3.1875,3.3125,3.125,3.25
EDUC,1997-02-06,3.1875,3.5,3.1875,3.5
EDUC,1997-02-07,3.25,3.375,3.25,3.25
EDUC,1997-02-10,3.5,3.5,3.1875,3.3125
EDUC,1997-02-11,3.1875,3.3125,3.1875,3.3125
EDUC,1997-02-12,3.3125,3.3125,3.3125,3.3125
EDUC,1997-02-13,3.25,3.5,3.25,3.5
EDUC,1997-02-14,3.25,3.25,3.25,3.25
EDUC,1997-02-18,3.25,3.25,3.25,3.25
EDUC,1997-02-19,3.25,3.25,3.25,3.25
EDUC,1997-02-20,3.1875,3.25,2.9375,3.25
EDUC,1997-02-21,3.0,3.0625,3.0,3.0625
EDUC,1997-02-24,3.0,3.125,2.875,3.125
EDUC,1997-02-25,3.125,3.125,2.875,2.9375
EDUC,1997-02-26,3.0625,3.0625,2.875,3.0625
EDUC,1997-02-27,3.0625,3.0625,2.875,2.875
EDUC,1997-02-28,3.0625,3.1875,3.0,3.0
EDUC,1997-03-03,3.1875,3.1875,2.9375,3.1875
EDUC,1997-03-04,2.9375,3.125,2.9375,2.9375
EDUC,1997-03-05,2.9375,2.9375,2.9375,2.9375
EDUC,1997-03-06,3.125,3.125,3.125,3.125
EDUC,1997-03-07,2.9375,2.9375,2.9375,2.9375
EDUC,1997-03-10,2.9375,3.0,2.9375,3.0
EDUC,1997-03-11,2.9375,2.9375,2.9375,2.9375
EDUC,1997-03-12,2.9375,3.1875,2.9375,3.1875
EDUC,1997-03-13,2.9375,2.9375,2.8516,2.8516
EDUC,1997-03-14,2.9375,2.9375,2.9375,2.9375
EDUC,1997-03-17,3.0,3.0,2.9375,3.0
EDUC,1997-03-18,3.125,3.125,2.875,2.875
EDUC,1997-03-19,2.875,2.875,2.875,2.875
EDUC,1997-03-20,2.875,2.875,2.875,2.875
EDUC,1997-03-21,2.875,2.875,2.875,2.875
EDUC,1997-03-24,2.875,3.0,2.875,2.875
EDUC,1997-03-25,2.5625,2.9375,2.5625,2.875
EDUC,1997-03-26,2.875,2.875,2.875,2.875
EDUC,1997-03-27,2.875,2.875,2.5469,2.875
EDUC,1997-03-31,2.5625,2.875,2.5625,2.5625
EDUC,1997-04-01,2.875,2.875,2.5469,2.5625
EDUC,1997-04-02,2.5625,2.75,2.5,2.5625
EDUC,1997-04-03,2.5,2.6875,2.4375,2.4375
EDUC,1997-04-04,2.375,2.5625,2.375,2.5625
EDUC,1997-04-07,2.375,2.75,2.375,2.375
EDUC,1997-04-08,2.375,2.75,2.375,2.75
EDUC,1997-04-09,2.75,2.9375,2.5,2.9375
EDUC,1997-04-10,2.5,2.75,2.5,2.75
EDUC,1997-04-11,2.5,2.5,2.5,2.5
EDUC,1997-04-14,2.6875,2.6875,2.625,2.625
EDUC,1997-04-15,2.8125,3.0,2.75,2.875
EDUC,1997-04-16,3.0625,3.0625,2.8125,2.9375
EDUC,1997-04-17,2.9375,3.25,2.9375,3.125
EDUC,1997-04-18,3.125,3.25,3.0,3.1875
EDUC,1997-04-21,3.0,3.0,3.0,3.0
EDUC,1997-04-22,2.875,2.875,2.875,2.875
EDUC,1997-04-23,2.875,2.875,2.875,2.875
EDUC,1997-04-24,2.875,2.875,2.875,2.875
EDUC,1997-04-25,2.875,2.875,2.875,2.875
EDUC,1997-04-28,2.875,3.0,2.625,3.0
EDUC,1997-04-29,2.6875,2.75,2.6875,2.75
EDUC,1997-04-30,2.875,3.0,2.875,2.9375
EDUC,1997-05-01,3.125,3.125,2.8125,2.8125
EDUC,1997-05-02,2.8125,2.875,2.8125,2.8125
EDUC,1997-05-05,2.8125,3.1875,2.8125,3.1875
EDUC,1997-05-06,3.0,3.1875,3.0,3.0
EDUC,1997-05-07,3.0,3.0,3.0,3.0
EDUC,1997-05-08,3.0,3.0,3.0,3.0
EDUC,1997-05-09,3.0,3.0,3.0,3.0
EDUC,1997-05-12,3.0,3.0,3.0,3.0
EDUC,1997-05-13,3.0,3.0625,3.0,3.0312
EDUC,1997-05-14,2.9375,2.9375,2.9375,2.9375
EDUC,1997-05-15,2.875,3.0625,2.875,2.875
EDUC,1997-05-16,2.875,2.875,2.875,2.875
EDUC,1997-05-19,2.875,2.875,2.875,2.875
EDUC,1997-05-20,2.875,3.0625,2.875,2.875
EDUC,1997-05-21,2.875,3.0625,2.875,2.9375
EDUC,1997-05-22,2.875,2.9375,2.875,2.9375
EDUC,1997-05-23,2.875,2.9375,2.875,2.9375
EDUC,1997-05-27,2.875,3.0,2.875,3.0
EDUC,1997-05-28,2.9375,2.9375,2.9375,2.9375
EDUC,1997-05-29,3.0,3.0,2.9375,2.9375
EDUC,1997-05-30,2.9375,3.0312,2.9375,3.0312
EDUC,1997-06-02,2.9375,3.0938,2.9375,3.0625
EDUC,1997-06-03,2.9375,2.9375,2.9375,2.9375
EDUC,1997-06-04,3.125,3.125,3.0,3.0
EDUC,1997-06-05,3.0,3.1562,3.0,3.125
EDUC,1997-06-06,3.0625,3.0625,3.0,3.0625
EDUC,1997-06-09,3.0,3.0625,3.0,3.0
EDUC,1997-06-10,3.0,3.0,3.0,3.0
EDUC,1997-06-11,2.9375,3.0,2.75,2.875
EDUC,1997-06-12,2.9375,2.9375,2.75,2.75
EDUC,1997-06-13,2.75,2.875,2.75,2.75
EDUC,1997-06-16,2.9375,2.9375,2.75,2.7812
EDUC,1997-06-17,2.75,3.0,2.75,3.0
EDUC,1997-06-18,3.0,3.0,2.75,2.75
EDUC,1997-06-19,2.75,2.875,2.75,2.875
EDUC,1997-06-20,2.75,2.75,2.75,2.75
EDUC,1997-06-23,2.75,2.75,2.75,2.75
EDUC,1997-06-24,2.75,2.875,2.75,2.875
EDUC,1997-06-25,3.0,3.0,2.75,2.75
EDUC,1997-06-26,2.75,2.875,2.75,2.875
EDUC,1997-06-27,2.75,2.75,2.6875,2.75
EDUC,1997-06-30,2.6875,2.7188,2.6875,2.6875
EDUC,1997-07-01,2.6875,2.8125,2.6875,2.7812
EDUC,1997-07-02,2.875,3.25,2.875,3.1875
EDUC,1997-07-03,3.25,3.5625,3.1875,3.1875
EDUC,1997-07-07,3.1875,3.1875,3.125,3.1875
EDUC,1997-07-08,3.125,3.1562,3.125,3.125
EDUC,1997-07-09,3.125,3.375,3.125,3.375
EDUC,1997-07-10,3.125,3.25,3.125,3.125
EDUC,1997-07-11,3.125,3.25,3.125,3.1875
EDUC,1997-07-14,3.125,3.25,3.125,3.125
EDUC,1997-07-15,3.125,3.125,3.125,3.125
EDUC,1997-07-16,3.125,3.1875,3.0625,3.1875
EDUC,1997-07-17,3.0625,3.0703,2.9375,2.9375
EDUC,1997-07-18,2.875,2.9375,2.875,2.875
EDUC,1997-07-21,2.875,3.1562,2.875,3.1562
EDUC,1997-07-22,3.0,3.0938,2.9375,3.0
EDUC,1997-07-23,3.0,3.2188,2.9375,3.0312
EDUC,1997-07-24,3.0,3.0,3.0,3.0
EDUC,1997-07-25,3.0,3.1875,3.0,3.1875
EDUC,1997-07-28,3.0,3.0312,3.0,3.0312
EDUC,1997-07-29,3.0,3.0,3.0,3.0
EDUC,1997-07-30,3.0625,3.1875,3.0,3.1875
EDUC,1997-07-31,3.1875,3.2188,3.0,3.2188
EDUC,1997-08-01,3.25,3.25,3.125,3.25
EDUC,1997-08-04,3.1875,3.3125,3.125,3.3125
EDUC,1997-08-05,3.125,3.375,3.125,3.25
EDUC,1997-08-06,3.125,3.3828,3.125,3.3125
EDUC,1997-08-07,3.375,3.4375,3.25,3.4375
EDUC,1997-08-08,3.25,3.375,3.25,3.25
EDUC,1997-08-11,3.25,3.375,3.25,3.3125
EDUC,1997-08-12,3.25,3.25,3.25,3.25
EDUC,1997-08-13,3.25,3.4375,3.25,3.4375
EDUC,1997-08-14,3.25,3.375,3.25,3.375
EDUC,1997-08-15,3.375,3.375,3.0625,3.375
EDUC,1997-08-18,3.0625,3.375,3.0625,3.125
EDUC,1997-08-19,3.125,3.1875,3.125,3.1875
EDUC,1997-08-20,3.25,3.25,3.125,3.125
EDUC,1997-08-21,3.25,3.25,3.0,3.0
EDUC,1997-08-22,3.25,3.25,3.0625,3.0625
EDUC,1997-08-25,3.125,3.4375,3.125,3.4375
EDUC,1997-08-26,3.375,3.4375,3.375,3.4375
EDUC,1997-08-27,3.4375,3.4375,3.4375,3.4375
EDUC,1997-08-28,3.4375,3.4688,3.4375,3.4688
EDUC,1997-08-29,3.4375,3.5625,3.4375,3.5
EDUC,1997-09-02,3.5625,3.5625,3.4375,3.4375
EDUC,1997-09-03,3.4375,3.4375,3.4375,3.4375
EDUC,1997-09-04,3.5625,3.5625,3.5625,3.5625
EDUC,1997-09-05,3.5,3.6875,3.5,3.5312
EDUC,1997-09-08,3.5,3.625,3.5,3.5625
EDUC,1997-09-09,3.5625,3.6875,3.5625,3.6875
EDUC,1997-09-10,3.75,3.75,3.75,3.75
EDUC,1997-09-11,3.625,3.75,3.625,3.625
EDUC,1997-09-12,3.625,3.625,3.625,3.625
EDUC,1997-09-15,3.875,3.875,3.625,3.75
EDUC,1997-09-16,3.75,3.75,3.6875,3.6875
EDUC,1997-09-17,3.75,3.75,3.6875,3.75
EDUC,1997-09-18,3.6875,3.75,3.625,3.625
EDUC,1997-09-19,3.75,3.75,3.6875,3.75
EDUC,1997-09-22,3.75,3.75,3.625,3.625
EDUC,1997-09-23,3.75,4.0,3.7188,3.875
EDUC,1997-09-24,3.8125,4.0,3.75,3.7812
EDUC,1997-09-25,3.75,3.875,3.75,3.75
EDUC,1997-09-26,3.875,3.875,3.75,3.75
EDUC,1997-09-29,3.75,3.75,3.75,3.75
EDUC,1997-09-30,3.75,3.75,3.75,3.75
EDUC,1997-10-01,3.875,3.875,3.75,3.75
EDUC,1997-10-02,3.875,3.875,3.7812,3.7812
EDUC,1997-10-03,3.75,3.875,3.75,3.75
EDUC,1997-10-06,3.75,3.75,3.75,3.75
EDUC,1997-10-07,3.875,3.9375,3.8125,3.8125
EDUC,1997-10-08,3.875,3.875,3.8125,3.8125
EDUC,1997-10-09,3.875,3.875,3.8125,3.8125
EDUC,1997-10-10,3.8438,3.9375,3.8125,3.9375
EDUC,1997-10-13,3.9375,3.9375,3.8125,3.8828
EDUC,1997-10-14,3.8125,3.9375,3.8125,3.875
EDUC,1997-10-15,3.8125,3.875,3.8125,3.8125
EDUC,1997-10-16,3.875,4.0,3.8125,3.9375
EDUC,1997-10-17,3.875,3.9375,3.875,3.9062
EDUC,1997-10-20,3.75,3.9375,3.75,3.9375
EDUC,1997-10-21,3.875,4.125,3.875,4.125
EDUC,1997-10-22,4.25,4.25,3.875,4.0
EDUC,1997-10-23,3.75,3.875,3.5,3.625
EDUC,1997-10-24,3.625,3.875,3.625,3.875
EDUC,1997-10-27,3.875,3.875,3.5625,3.5625
EDUC,1997-10-28,2.75,3.75,2.375,3.75
EDUC,1997-10-29,3.75,3.75,3.375,3.625
EDUC,1997-10-30,3.4375,3.6875,3.4375,3.625
EDUC,1997-10-31,3.625,3.6875,3.5625,3.5625
EDUC,1997-11-03,3.4375,3.5625,3.4375,3.5625
EDUC,1997-11-04,3.625,3.625,3.25,3.25
EDUC,1997-11-05,3.25,3.625,3.125,3.25
EDUC,1997-11-06,3.125,3.5,3.125,3.2578
EDUC,1997-11-07,2.875,3.5,2.875,3.375
EDUC,1997-11-10,3.5,3.5,3.25,3.3125
EDUC,1997-11-11,3.3125,3.3125,3.3125,3.3125
EDUC,1997-11-12,3.375,3.4688,3.0625,3.25
EDUC,1997-11-13,3.25,3.25,3.0625,3.125
EDUC,1997-11-14,3.0625,3.375,3.0625,3.125
EDUC,1997-11-17,3.125,3.125,3.0,3.0
EDUC,1997-11-18,3.0,3.0625,2.875,2.9062
EDUC,1997-11-19,2.875,3.0,2.875,2.9375
EDUC,1997-11-20,2.875,3.0625,2.875,3.0625
EDUC,1997-11-21,3.0625,3.0625,2.875,2.875
EDUC,1997-11-24,2.875,2.9375,2.75,2.875
EDUC,1997-11-25,2.875,2.875,2.7812,2.7812
EDUC,1997-11-26,2.7812,2.7812,2.7812,2.7812
EDUC,1997-11-28,2.875,2.875,2.875,2.875
EDUC,1997-12-01,2.875,2.875,2.75,2.75
EDUC,1997-12-02,2.75,2.75,2.5625,2.625
EDUC,1997-12-03,2.625,2.625,2.625,2.625
EDUC,1997-12-04,2.625,2.75,2.5625,2.75
EDUC,1997-12-05,2.625,2.75,2.625,2.75
EDUC,1997-12-08,2.625,2.875,2.625,2.875
EDUC,1997-12-09,2.875,3.0,2.625,3.0
EDUC,1997-12-10,2.6875,2.8125,2.6875,2.8125
EDUC,1997-12-11,2.6875,2.8125,2.5625,2.5625
EDUC,1997-12-12,2.625,2.625,2.5625,2.5625
EDUC,1997-12-15,2.5625,2.625,2.375,2.5
EDUC,1997-12-16,2.5,2.6875,2.5,2.5625
EDUC,1997-12-17,2.5,2.7188,2.5,2.625
EDUC,1997-12-18,2.625,2.875,2.625,2.625
EDUC,1997-12-19,2.6875,2.6875,2.375,2.5625
EDUC,1997-12-22,2.4375,2.625,2.4375,2.5312
EDUC,1997-12-23,2.5312,2.5938,2.2188,2.4375
EDUC,1997-12-24,2.4375,2.4375,2.1875,2.1875
EDUC,1997-12-26,2.25,2.3125,2.1875,2.1875
EDUC,1997-12-29,2.4375,2.4375,1.9375,2.0156
EDUC,1997-12-30,2.0,2.25,2.0,2.1094
EDUC,1997-12-31,2.3125,2.875,2.125,2.875
EDUC,1998-01-02,2.75,2.75,2.375,2.4688
EDUC,1998-01-05,2.375,2.5625,2.375,2.5
EDUC,1998-01-06,2.5,2.5625,2.375,2.375
EDUC,1998-01-07,2.375,2.375,2.375,2.375
EDUC,1998-01-08,2.375,2.375,2.375,2.375
EDUC,1998-01-09,2.5625,2.5625,2.25,2.25
EDUC,1998-01-12,2.25,2.375,2.25,2.25
EDUC,1998-01-13,2.25,2.3125,2.1875,2.3125
EDUC,1998-01-14,2.3125,2.3125,2.125,2.125
EDUC,1998-01-15,2.125,2.125,2.0312,2.0312
EDUC,1998-01-16,2.0312,2.375,2.0,2.375
EDUC,1998-01-20,2.5,2.5,2.1875,2.375
EDUC,1998-01-21,2.375,2.5,2.375,2.5
EDUC,1998-01-22,2.375,2.5,2.1875,2.5
EDUC,1998-01-23,2.5,2.5,2.5,2.5
EDUC,1998-01-26,2.5312,2.5312,2.1875,2.1875
EDUC,1998-01-27,2.25,2.25,2.1875,2.1875
EDUC,1998-01-28,2.5,2.5,2.1875,2.5
EDUC,1998-01-29,2.5,2.5,2.5,2.5
EDUC,1998-01-30,2.5,2.5,2.5,2.5
EDUC,1998-02-02,2.25,2.5625,2.25,2.5
EDUC,1998-02-03,2.5625,2.5625,2.25,2.375
EDUC,1998-02-04,2.1875,2.4688,2.1875,2.4062
EDUC,1998-02-05,2.375,2.5938,2.375,2.5938
EDUC,1998-02-06,2.5,2.5,2.3125,2.375
EDUC,1998-02-09,2.375,2.375,2.3125,2.3125
EDUC,1998-02-10,2.3125,2.3125,2.3125,2.3125
EDUC,1998-02-11,2.2188,2.25,2.2188,2.25
EDUC,1998-02-12,2.4375,2.4375,2.4375,2.4375
EDUC,1998-02-13,2.4375,2.4375,2.2188,2.375
EDUC,1998-02-17,2.2188,2.25,2.2188,2.25
EDUC,1998-02-18,2.25,2.25,2.1875,2.1875
EDUC,1998-02-19,2.0625,2.375,2.0,2.25
EDUC,1998-02-20,2.1875,2.3125,2.1875,2.3125
EDUC,1998-02-23,2.1875,2.375,2.1875,2.375
EDUC,1998-02-24,2.3125,2.4375,2.25,2.25
EDUC,1998-02-25,2.25,2.375,2.25,2.3125
EDUC,1998-02-26,2.1875,2.25,2.1875,2.1875
EDUC,1998-02-27,2.1875,2.1875,2.1875,2.1875
EDUC,1998-03-02,2.4375,2.5,2.1875,2.5
EDUC,1998-03-03,2.1875,2.4375,2.1875,2.25
EDUC,1998-03-04,2.3125,2.3125,2.1875,2.3125
EDUC,1998-03-05,2.1875,2.3125,2.1875,2.25
EDUC,1998-03-06,2.25,2.4375,2.25,2.375
EDUC,1998-03-09,2.3125,2.5,2.3125,2.5
EDUC,1998-03-10,2.3125,2.4375,2.3125,2.4375
EDUC,1998-03-11,2.375,2.5,2.375,2.5
EDUC,1998-03-12,2.4375,2.8125,2.4375,2.8125
EDUC,1998-03-13,2.875,2.875,2.4375,2.625
EDUC,1998-03-16,2.4375,2.6875,2.4375,2.6875
EDUC,1998-03-17,2.6875,2.6875,2.5,2.625
EDUC,1998-03-18,2.5,2.5,2.5,2.5
EDUC,1998-03-19,2.5,2.6875,2.5,2.5
EDUC,1998-03-20,2.5,2.7188,2.5,2.6875
EDUC,1998-03-23,2.7188,2.75,2.625,2.625
EDUC,1998-03-24,2.7422,2.7422,2.7422,2.7422
EDUC,1998-03-25,2.75,2.75,2.6875,2.6875
EDUC,1998-03-26,2.625,2.6875,2.5312,2.5312
EDUC,1998-03-27,2.5312,2.5312,2.375,2.5
EDUC,1998-03-30,2.5312,2.5312,2.5312,2.5312
EDUC,1998-03-31,2.3125,2.5312,2.3125,2.5312
EDUC,1998-04-01,2.375,2.5312,2.375,2.4375
EDUC,1998-04-02,2.4062,2.5312,2.3125,2.5312
EDUC,1998-04-03,2.5,2.5312,2.4062,2.5
EDUC,1998-04-06,2.5312,2.5312,2.4375,2.5
EDUC,1998-04-07,2.3125,2.5,2.3125,2.5
EDUC,1998-04-08,2.5,2.5,2.4062,2.4062
EDUC,1998-04-09,2.5,2.5,2.4062,2.4375
EDUC,1998-04-13,2.5,2.5,2.25,2.375
EDUC,1998-04-14,2.25,2.5,2.25,2.5
EDUC,1998-04-15,2.5312,2.5312,2.375,2.4688
EDUC,1998-04-16,2.5,2.5312,2.5,2.5
EDUC,1998-04-17,2.5,2.5,2.4375,2.4375
EDUC,1998-04-20,2.5,2.5,2.3125,2.5
EDUC,1998-04-21,2.5312,2.5312,2.3125,2.3125
EDUC,1998-04-22,2.375,2.4375,2.2812,2.375
EDUC,1998-04-23,2.4375,2.5,2.3125,2.3125
EDUC,1998-04-24,2.375,2.375,2.3125,2.3125
EDUC,1998-04-27,2.3125,2.3125,2.3125,2.3125
EDUC,1998-04-28,2.2812,2.2812,2.2812,2.2812
EDUC,1998-04-29,2.2812,2.2812,2.2812,2.2812
EDUC,1998-04-30,2.2812,2.3125,2.25,2.2969
EDUC,1998-05-01,2.2656,2.4375,2.2656,2.4375
EDUC,1998-05-04,2.4375,2.4375,2.2656,2.375
EDUC,1998-05-05,2.3438,2.4062,2.2188,2.3438
EDUC,1998-05-06,2.25,2.25,2.25,2.25
EDUC,1998-05-07,2.3438,2.3438,2.2188,2.2188
EDUC,1998-05-08,2.1562,2.2656,2.1562,2.2344
EDUC,1998-05-11,2.3438,2.3438,2.0,2.125
EDUC,1998-05-12,2.0312,2.25,2.0312,2.25
EDUC,1998-05-13,2.25,2.25,2.1562,2.1562
EDUC,1998-05-14,2.25,2.25,2.25,2.25
EDUC,1998-05-15,2.3438,2.4688,2.25,2.375
EDUC,1998-05-18,2.375,2.4688,2.3125,2.4375
EDUC,1998-05-19,2.3125,2.375,2.3125,2.375
EDUC,1998-05-20,2.375,2.375,2.375,2.375
EDUC,1998-05-21,2.375,2.375,2.2188,2.2188
EDUC,1998-05-22,2.2188,2.2188,2.2188,2.2188
EDUC,1998-05-26,2.3125,2.4688,2.3125,2.3438
EDUC,1998-05-27,2.4062,2.4062,2.3125,2.3125
EDUC,1998-05-28,2.3125,2.3125,2.3125,2.3125
EDUC,1998-05-29,2.3125,2.3125,2.3125,2.3125
EDUC,1998-06-01,2.25,2.4375,2.125,2.125
EDUC,1998-06-02,2.1562,2.1562,2.125,2.125
EDUC,1998-06-03,2.125,2.3125,2.125,2.1875
EDUC,1998-06-04,2.1875,2.1875,2.1875,2.1875
EDUC,1998-06-05,2.2422,2.2422,2.1875,2.1875
EDUC,1998-06-08,2.1875,2.1875,2.0938,2.1875
EDUC,1998-06-09,2.0938,2.0938,2.0156,2.0156
EDUC,1998-06-10,2.0,2.0,1.9688,1.9688
EDUC,1998-06-11,1.9688,2.0,1.9375,2.0
EDUC,1998-06-12,2.0,2.0,1.9375,1.9375
EDUC,1998-06-15,1.9062,2.0,1.9062,1.9375
EDUC,1998-06-16,1.9375,2.0,1.9375,1.9375
EDUC,1998-06-17,1.9688,2.0625,1.875,1.875
EDUC,1998-06-18,1.9375,1.9375,1.9375,1.9375
EDUC,1998-06-19,2.0,2.1875,2.0,2.0625
EDUC,1998-06-22,2.1875,2.1875,1.9844,2.0
EDUC,1998-06-23,1.9375,2.0,1.875,2.0
EDUC,1998-06-24,1.875,1.9375,1.875,1.9375
EDUC,1998-06-25,1.875,1.9375,1.875,1.8906
EDUC,1998-06-26,2.0,2.0,1.9062,1.9062
EDUC,1998-06-29,1.875,1.875,1.5938,1.5938
EDUC,1998-06-30,1.5,1.5938,1.5,1.5
EDUC,1998-07-01,1.6875,2.0,1.625,2.0
EDUC,1998-07-02,1.9844,2.0,1.9688,1.9688
EDUC,1998-07-06,1.9844,1.9844,1.75,1.75
EDUC,1998-07-07,1.75,1.8438,1.6875,1.8125
EDUC,1998-07-08,1.6875,1.8125,1.6875,1.8125
EDUC,1998-07-09,1.8125,1.8125,1.75,1.75
EDUC,1998-07-10,1.6875,1.6875,1.6875,1.6875
EDUC,1998-07-13,1.6875,1.875,1.6875,1.6875
EDUC,1998-07-14,1.6875,1.8438,1.6875,1.75
EDUC,1998-07-15,1.7188,1.8281,1.7188,1.8281
EDUC,1998-07-16,1.75,1.8281,1.7188,1.75
EDUC,1998-07-17,1.75,1.75,1.7188,1.7188
EDUC,1998-07-20,1.7188,1.75,1.7188,1.7188
EDUC,1998-07-21,1.9375,1.9375,1.9375,1.9375
EDUC,1998-07-22,1.9375,1.9375,1.9375,1.9375
EDUC,1998-07-23,1.7188,1.9062,1.7188,1.9062
EDUC,1998-07-24,1.8125,1.8125,1.7188,1.7188
EDUC,1998-07-27,1.7188,1.8125,1.7188,1.7188
EDUC,1998-07-28,1.7188,1.75,1.7188,1.75
EDUC,1998-07-29,1.7188,1.75,1.7188,1.7188
EDUC,1998-07-30,1.7188,1.7188,1.7188,1.7188
EDUC,1998-07-31,1.7188,1.75,1.7188,1.75
EDUC,1998-08-03,1.7188,1.75,1.7188,1.75
EDUC,1998-08-04,1.6875,1.7188,1.5,1.5938
EDUC,1998-08-05,1.5312,1.625,1.5312,1.625
EDUC,1998-08-06,1.5625,1.6406,1.5625,1.5625
EDUC,1998-08-07,1.5625,1.75,1.5625,1.75
EDUC,1998-08-10,1.75,1.75,1.625,1.625
EDUC,1998-08-11,1.5,1.5,1.5,1.5
EDUC,1998-08-12,1.5,1.6875,1.5,1.6875
EDUC,1998-08-13,1.5,1.5625,1.5,1.5625
EDUC,1998-08-14,1.5625,1.5625,1.5,1.5156
EDUC,1998-08-17,1.5,1.5,1.3438,1.3438
EDUC,1998-08-18,1.3438,1.5,1.3438,1.4688
EDUC,1998-08-19,1.5,1.5625,1.1875,1.4688
EDUC,1998-08-20,1.3438,1.3438,1.3281,1.3281
EDUC,1998-08-21,1.3125,1.5,1.3125,1.5
EDUC,1998-08-24,1.625,1.625,1.4375,1.4375
EDUC,1998-08-25,1.5,1.5,1.5,1.5
EDUC,1998-08-26,1.375,1.5,1.3125,1.4375
EDUC,1998-08-27,1.375,1.375,1.3125,1.375
EDUC,1998-08-28,1.3125,1.3125,1.3125,1.3125
EDUC,1998-08-31,1.375,1.375,1.3125,1.3125
EDUC,1998-09-01,1.375,1.4688,1.2188,1.3125
EDUC,1998-09-02,1.3125,1.3125,1.2812,1.2812
EDUC,1998-09-03,1.2188,1.2812,1.2188,1.2812
EDUC,1998-09-04,1.3438,1.3438,1.2812,1.2812
EDUC,1998-09-08,1.375,1.375,1.1875,1.1875
EDUC,1998-09-09,1.25,1.25,1.125,1.1875
EDUC,1998-09-10,1.1875,1.1875,1.1875,1.1875
EDUC,1998-09-11,1.25,1.25,1.1875,1.1875
EDUC,1998-09-14,1.1875,1.1875,1.1875,1.1875
EDUC,1998-09-15,1.25,1.25,1.125,1.1875
EDUC,1998-09-16,1.1562,1.1875,1.1562,1.1562
EDUC,1998-09-17,1.125,1.2188,1.125,1.125
EDUC,1998-09-18,1.125,1.1562,1.0938,1.1562
EDUC,1998-09-21,1.0625,1.125,1.0625,1.125
EDUC,1998-09-22,1.125,1.125,1.0625,1.0938
EDUC,1998-09-23,1.0781,1.1875,1.0781,1.125
EDUC,1998-09-24,1.125,1.1875,1.125,1.1875
EDUC,1998-09-25,1.1094,1.125,1.1094,1.1094
EDUC,1998-09-28,1.125,1.125,1.0312,1.0625
EDUC,1998-09-29,1.375,1.375,1.125,1.125
EDUC,1998-09-30,1.125,1.125,1.125,1.125
EDUC,1998-10-01,1.125,1.1562,1.125,1.1562
EDUC,1998-10-02,1.1562,1.1562,1.1562,1.1562
EDUC,1998-10-05,1.4062,1.4062,1.1562,1.1562
EDUC,1998-10-06,1.1875,1.1875,1.1875,1.1875
EDUC,1998-10-07,1.125,1.125,1.125,1.125
EDUC,1998-10-08,1.125,1.125,1.125,1.125
EDUC,1998-10-09,1.25,1.4375,1.25,1.25
EDUC,1998-10-12,1.25,1.3438,1.125,1.2812
EDUC,1998-10-13,1.25,1.25,1.1562,1.1562
EDUC,1998-10-14,1.1562,1.1562,1.1562,1.1562
EDUC,1998-10-15,1.1875,1.1875,1.1875,1.1875
EDUC,1998-10-16,1.1875,1.25,1.1562,1.1875
EDUC,1998-10-19,1.1562,1.3125,1.1562,1.1719
EDUC,1998-10-20,1.1562,1.1562,1.125,1.125
EDUC,1998-10-21,1.125,1.125,1.125,1.125
EDUC,1998-10-22,1.1562,1.1875,1.125,1.125
EDUC,1998-10-23,1.1875,1.1875,1.1875,1.1875
EDUC,1998-10-26,1.125,1.1875,1.125,1.1875
EDUC,1998-10-27,1.125,1.25,1.125,1.25
EDUC,1998-10-28,1.2188,1.2188,1.2188,1.2188
EDUC,1998-10-29,1.2188,1.25,1.2188,1.25
EDUC,1998-10-30,1.25,1.3125,1.2188,1.2188
EDUC,1998-11-02,1.1562,1.25,1.1562,1.1562
EDUC,1998-11-03,1.1562,1.1875,1.0625,1.125
EDUC,1998-11-04,1.2188,1.25,1.125,1.1875
EDUC,1998-11-05,1.25,1.25,1.1562,1.1562
EDUC,1998-11-06,1.25,1.25,1.125,1.125
EDUC,1998-11-09,1.125,1.25,1.125,1.2188
EDUC,1998-11-10,1.3125,1.3125,1.25,1.3125
EDUC,1998-11-11,1.3125,1.375,1.25,1.375
EDUC,1998-11-12,1.25,1.4375,1.25,1.4375
EDUC,1998-11-13,1.5,1.5,1.375,1.375
EDUC,1998-11-16,1.375,1.375,1.125,1.2656
EDUC,1998-11-17,1.125,1.25,1.125,1.25
EDUC,1998-11-18,1.25,1.3125,1.1875,1.1875
EDUC,1998-11-19,1.1875,1.1875,1.1875,1.1875
EDUC,1998-11-20,1.4375,1.4375,1.25,1.25
EDUC,1998-11-23,1.3125,1.3125,1.125,1.2656
EDUC,1998-11-24,1.1875,1.4844,1.1875,1.25
EDUC,1998-11-25,1.4688,1.4688,1.1875,1.1875
EDUC,1998-11-27,1.1562,1.3125,1.125,1.3125
EDUC,1998-11-30,1.3125,1.4375,1.1562,1.1562
EDUC,1998-12-01,1.1562,1.1562,1.125,1.125
EDUC,1998-12-02,1.25,1.25,1.1875,1.1875
EDUC,1998-12-03,1.2188,1.2188,1.1562,1.2188
EDUC,1998-12-04,1.125,1.1562,1.125,1.1562
EDUC,1998-12-07,1.1875,1.2188,1.125,1.1562
EDUC,1998-12-08,1.1562,1.2188,1.1562,1.1562
EDUC,1998-12-09,1.1562,1.1875,1.1562,1.1562
EDUC,1998-12-10,1.125,1.1562,1.125,1.1562
EDUC,1998-12-11,1.125,1.1562,1.125,1.125
EDUC,1998-12-14,1.125,1.25,1.125,1.125
EDUC,1998-12-15,1.125,1.1875,1.0938,1.125
EDUC,1998-12-16,1.0938,1.125,1.0625,1.0938
EDUC,1998-12-17,1.0938,1.1562,1.0938,1.125
EDUC,1998-12-18,1.125,1.125,1.125,1.125
EDUC,1998-12-21,1.125,1.125,1.125,1.125
EDUC,1998-12-22,1.125,1.1562,1.125,1.125
EDUC,1998-12-23,1.125,1.125,1.125,1.125
EDUC,1998-12-24,1.1875,1.1875,1.125,1.125
EDUC,1998-12-28,1.1562,1.1875,1.125,1.1797
EDUC,1998-12-29,1.2188,1.2188,1.1562,1.1875
EDUC,1998-12-30,1.1562,1.1875,1.1562,1.1562
EDUC,1998-12-31,1.1562,1.1875,1.1562,1.1562
EDUC,1999-01-04,1.1562,1.1875,1.1562,1.1875
EDUC,1999-01-05,1.1719,1.2344,1.1719,1.1875
EDUC,1999-01-06,1.2344,1.2344,1.1719,1.1719
EDUC,1999-01-07,1.25,1.25,1.2031,1.2031
EDUC,1999-01-08,1.25,1.3125,1.1875,1.2188
EDUC,1999-01-11,1.1875,1.25,1.1875,1.25
EDUC,1999-01-12,1.2031,1.2109,1.1875,1.2109
EDUC,1999-01-13,1.125,1.2812,1.125,1.2812
EDUC,1999-01-14,1.1562,1.1562,1.125,1.125
EDUC,1999-01-15,1.1406,1.1406,1.1406,1.1406
EDUC,1999-01-19,1.1406,1.25,1.1406,1.1406
EDUC,1999-01-20,1.1406,1.2188,1.125,1.1953
EDUC,1999-01-21,1.25,1.25,1.2344,1.25
EDUC,1999-01-22,1.2812,1.375,1.2656,1.2812
EDUC,1999-01-25,1.25,1.3125,1.125,1.2812
EDUC,1999-01-26,1.3125,1.3125,1.25,1.25
EDUC,1999-01-27,1.25,1.3125,1.25,1.2656
EDUC,1999-01-28,1.3125,1.4375,1.25,1.3125
EDUC,1999-01-29,1.375,1.375,1.2812,1.3438
EDUC,1999-02-01,1.25,1.375,1.25,1.375
EDUC,1999-02-02,1.2656,1.375,1.2656,1.2656
EDUC,1999-02-03,1.25,1.25,1.25,1.25
EDUC,1999-02-04,1.2812,1.3125,1.2812,1.3125
EDUC,1999-02-05,1.3125,1.3125,1.3125,1.3125
EDUC,1999-02-08,1.5,1.5,1.5,1.5
EDUC,1999-02-09,1.375,1.4062,1.3438,1.3438
EDUC,1999-02-10,1.3125,1.4375,1.3125,1.3125
EDUC,1999-02-11,1.2812,1.3125,1.2812,1.2812
EDUC,1999-02-12,1.25,1.3125,1.25,1.25
EDUC,1999-02-16,1.4375,1.4375,1.3125,1.3438
EDUC,1999-02-17,1.3125,1.375,1.2812,1.375
EDUC,1999-02-18,1.25,1.3125,1.25,1.25
EDUC,1999-02-19,1.2656,1.2656,1.25,1.25
EDUC,1999-02-22,1.25,1.2812,1.25,1.2812
EDUC,1999-02-23,1.25,1.2656,1.25,1.25
EDUC,1999-02-24,1.25,1.2656,1.25,1.25
EDUC,1999-02-25,1.25,1.25,1.25,1.25
EDUC,1999-02-26,1.25,1.25,1.25,1.25
EDUC,1999-03-01,1.2656,1.375,1.25,1.375
EDUC,1999-03-02,1.25,1.2656,1.25,1.2656
EDUC,1999-03-03,1.2656,1.2656,1.2656,1.2656
EDUC,1999-03-04,1.2812,1.2812,1.2812,1.2812
EDUC,1999-03-05,1.2812,1.3125,1.2812,1.3125
EDUC,1999-03-08,1.25,1.2812,1.25,1.25
EDUC,1999-03-09,1.25,1.2812,1.25,1.2656
EDUC,1999-03-10,1.25,1.2812,1.25,1.25
EDUC,1999-03-11,1.25,1.25,1.25,1.25
EDUC,1999-03-12,1.2656,1.3438,1.25,1.3125
EDUC,1999-03-15,1.2656,1.2656,1.25,1.25
EDUC,1999-03-16,1.25,1.25,1.25,1.25
EDUC,1999-03-17,1.25,1.2812,1.25,1.25
EDUC,1999-03-18,1.25,1.25,1.25,1.25
EDUC,1999-03-19,1.1875,1.25,1.1875,1.1875
EDUC,1999-03-22,1.2188,1.25,1.2188,1.25
EDUC,1999-03-23,1.25,1.2656,1.25,1.25
EDUC,1999-03-24,1.2812,1.2812,1.25,1.25
EDUC,1999-03-25,1.2656,1.2656,1.2656,1.2656
EDUC,1999-03-26,1.2812,1.2812,1.25,1.25
EDUC,1999-03-29,1.2656,1.2656,1.2656,1.2656
EDUC,1999-03-30,1.2656,1.2656,1.2656,1.2656
EDUC,1999-03-31,1.2812,1.2812,1.25,1.25
EDUC,1999-04-01,1.25,1.3125,1.25,1.25
EDUC,1999-04-05,1.25,1.25,1.25,1.25
EDUC,1999-04-06,1.25,1.2812,1.25,1.25
EDUC,1999-04-07,1.25,1.25,1.25,1.25
EDUC,1999-04-08,1.25,1.25,1.25,1.25
EDUC,1999-04-09,1.25,1.25,1.25,1.25
EDUC,1999-04-12,1.25,1.25,1.1875,1.25
EDUC,1999-04-13,1.2188,1.2734,1.2188,1.25
EDUC,1999-04-14,1.25,1.25,1.25,1.25
EDUC,1999-04-15,1.25,1.25,1.25,1.25
EDUC,1999-04-16,1.1875,1.25,1.1875,1.25
EDUC,1999-04-19,1.375,1.375,1.25,1.25
EDUC,1999-04-20,1.25,1.25,1.25,1.25
EDUC,1999-04-21,1.25,1.25,1.25,1.25
EDUC,1999-04-22,1.375,1.375,1.25,1.3125
EDUC,1999-04-23,1.25,1.25,1.25,1.25
EDUC,1999-04-26,1.25,1.25,1.25,1.25
EDUC,1999-04-27,1.25,1.375,1.25,1.25
EDUC,1999-04-28,1.25,1.25,1.25,1.25
EDUC,1999-04-29,1.25,1.3125,1.25,1.3125
EDUC,1999-04-30,1.25,1.25,1.25,1.25
EDUC,1999-05-03,1.2812,1.2812,1.25,1.25
EDUC,1999-05-04,1.25,1.3125,1.25,1.2812
EDUC,1999-05-05,1.25,1.25,1.25,1.25
EDUC,1999-05-06,1.25,1.25,1.25,1.25
EDUC,1999-05-07,1.25,1.2812,1.25,1.25
EDUC,1999-05-10,1.25,1.25,1.25,1.25
EDUC,1999-05-11,1.25,1.25,1.25,1.25
EDUC,1999-05-12,1.25,1.25,1.25,1.25
EDUC,1999-05-13,1.25,1.25,1.25,1.25
EDUC,1999-05-14,1.25,1.2812,1.25,1.25
EDUC,1999-05-17,1.25,1.2812,1.25,1.25
EDUC,1999-05-18,1.2812,1.2812,1.25,1.25
EDUC,1999-05-19,1.25,1.25,1.25,1.25
EDUC,1999-05-20,1.25,1.2812,1.25,1.25
EDUC,1999-05-21,1.25,1.25,1.25,1.25
EDUC,1999-05-24,1.3125,1.3125,1.25,1.25
EDUC,1999-05-25,1.25,1.25,1.25,1.25
EDUC,1999-05-26,1.25,1.25,1.25,1.25
EDUC,1999-05-27,1.25,1.25,1.25,1.25
EDUC,1999-05-28,1.25,1.25,1.25,1.25
EDUC,1999-06-01,1.25,1.25,1.25,1.25
EDUC,1999-06-02,1.25,1.3125,1.25,1.25
EDUC,1999-06-03,1.25,1.25,1.25,1.25
EDUC,1999-06-04,1.25,1.2812,1.25,1.25
EDUC,1999-06-07,1.25,1.25,1.25,1.25
EDUC,1999-06-08,1.25,1.25,1.25,1.25
EDUC,1999-06-09,1.25,1.25,1.25,1.25
EDUC,1999-06-10,1.25,1.25,1.25,1.25
EDUC,1999-06-11,1.25,1.25,1.25,1.25
EDUC,1999-06-14,1.25,1.25,1.25,1.25
EDUC,1999-06-15,1.2656,1.2656,1.25,1.25
EDUC,1999-06-16,1.25,1.25,1.25,1.25
EDUC,1999-06-17,1.25,1.25,1.25,1.25
EDUC,1999-06-18,1.25,1.25,1.25,1.25
EDUC,1999-06-21,1.25,1.25,1.25,1.25
EDUC,1999-06-22,1.25,1.25,1.25,1.25
EDUC,1999-06-23,1.2812,1.2812,1.25,1.25
EDUC,1999-06-24,1.25,1.2656,1.25,1.25
EDUC,1999-06-25,1.25,1.25,1.25,1.25
EDUC,1999-06-28,1.2578,1.2656,1.25,1.25
EDUC,1999-06-29,1.2969,1.2969,1.25,1.25
EDUC,1999-06-30,1.2969,1.3125,1.2969,1.3125
EDUC,1999-07-01,1.3125,1.5,1.3125,1.3125
EDUC,1999-07-02,1.5625,1.625,1.375,1.375
EDUC,1999-07-06,1.25,1.5,1.25,1.3125
EDUC,1999-07-07,1.25,1.25,1.25,1.25
EDUC,1999-07-08,1.25,1.25,1.25,1.25
EDUC,1999-07-09,1.4375,1.625,1.25,1.4375
EDUC,1999-07-12,1.3125,1.5,1.3125,1.4375
EDUC,1999-07-13,1.3438,1.3438,1.2812,1.3125
EDUC,1999-07-14,1.3438,1.3438,1.3438,1.3438
EDUC,1999-07-15,1.3125,1.3125,1.3125,1.3125
EDUC,1999-07-16,1.375,1.375,1.375,1.375
EDUC,1999-07-19,1.5,1.5,1.5,1.5
EDUC,1999-07-20,1.5,1.5,1.3125,1.4375
EDUC,1999-07-21,1.2812,1.375,1.2812,1.375
EDUC,1999-07-22,1.3906,1.3906,1.3906,1.3906
EDUC,1999-07-23,1.3125,1.3125,1.3125,1.3125
EDUC,1999-07-26,1.5,1.5,1.5,1.5
EDUC,1999-07-27,1.4844,1.4844,1.375,1.375
EDUC,1999-07-28,1.375,1.375,1.375,1.375
EDUC,1999-07-29,1.375,1.375,1.375,1.375
EDUC,1999-07-30,1.3125,1.5,1.3125,1.3125
EDUC,1999-08-02,1.3125,1.4844,1.3125,1.4844
EDUC,1999-08-03,1.375,1.375,1.375,1.375
EDUC,1999-08-04,1.375,1.375,1.375,1.375
EDUC,1999-08-05,1.3125,1.3125,1.3125,1.3125
EDUC,1999-08-06,1.2812,1.2812,1.2812,1.2812
EDUC,1999-08-09,1.2812,1.375,1.2812,1.375
EDUC,1999-08-10,1.375,1.375,1.375,1.375
EDUC,1999-08-11,1.3125,1.3125,1.3125,1.3125
EDUC,1999-08-12,1.4375,1.4375,1.3438,1.3438
EDUC,1999-08-13,1.3438,1.3438,1.3438,1.3438
EDUC,1999-08-16,1.4375,1.5,1.4375,1.4375
EDUC,1999-08-17,1.4375,1.4375,1.4375,1.4375
EDUC,1999-08-18,1.4375,1.4375,1.4375,1.4375
EDUC,1999-08-19,1.3438,1.3438,1.3438,1.3438
EDUC,1999-08-20,1.3438,1.3438,1.3438,1.3438
EDUC,1999-08-23,1.5,1.5,1.3438,1.3438
EDUC,1999-08-24,1.5,1.5,1.5,1.5
EDUC,1999-08-25,1.5,1.5,1.5,1.5
EDUC,1999-08-26,1.5,1.5,1.4375,1.5
EDUC,1999-08-27,1.4688,1.5,1.4688,1.5
EDUC,1999-08-30,1.5156,1.5312,1.5,1.5
EDUC,1999-08-31,1.5,1.5,1.5,1.5
EDUC,1999-09-01,1.5,1.5,1.4062,1.5
EDUC,1999-09-02,1.5,1.625,1.5,1.5938
EDUC,1999-09-03,1.625,1.75,1.5938,1.6875
EDUC,1999-09-07,1.75,1.875,1.75,1.875
EDUC,1999-09-08,1.9062,1.9062,1.8125,1.8125
EDUC,1999-09-09,1.8125,1.9375,1.6875,1.8125
EDUC,1999-09-10,1.75,1.75,1.75,1.75
EDUC,1999-09-13,1.75,2.0,1.6875,1.9375
EDUC,1999-09-14,2.0625,2.0625,1.9375,2.0
EDUC,1999-09-15,2.0,2.0,2.0,2.0
EDUC,1999-09-16,1.9375,2.25,1.9375,2.125
EDUC,1999-09-17,2.25,2.375,2.1875,2.25
EDUC,1999-09-20,2.3438,2.5625,2.2344,2.3125
EDUC,1999-09-21,2.4375,2.625,2.25,2.375
EDUC,1999-09-22,2.5,2.5,2.25,2.4844
EDUC,1999-09-23,2.25,2.4844,2.25,2.25
EDUC,1999-09-24,2.25,2.25,2.25,2.25
EDUC,1999-09-27,2.3594,2.3594,2.25,2.25
EDUC,1999-09-28,2.125,2.375,2.125,2.25
EDUC,1999-09-29,2.25,2.375,2.25,2.25
EDUC,1999-09-30,2.25,2.3125,2.25,2.25
EDUC,1999-10-01,2.25,2.25,2.25,2.25
EDUC,1999-10-04,2.25,2.375,2.0625,2.375
EDUC,1999-10-05,2.375,2.375,2.25,2.25
EDUC,1999-10-06,2.25,2.25,2.25,2.25
EDUC,1999-10-07,2.3125,2.3125,2.25,2.25
EDUC,1999-10-08,2.25,2.3438,2.25,2.3438
EDUC,1999-10-11,2.3125,2.3125,2.3125,2.3125
EDUC,1999-10-12,2.2969,2.3438,2.25,2.3438
EDUC,1999-10-13,2.3281,2.3281,2.3125,2.3125
EDUC,1999-10-14,2.25,2.25,2.125,2.25
EDUC,1999-10-15,2.25,2.25,2.25,2.25
EDUC,1999-10-18,2.2344,2.2344,2.2344,2.2344
EDUC,1999-10-19,2.2031,2.25,2.2031,2.25
EDUC,1999-10-20,2.25,2.25,2.25,2.25
EDUC,1999-10-21,2.25,2.25,2.25,2.25
EDUC,1999-10-22,2.3438,2.3438,2.25,2.25
EDUC,1999-10-25,2.3125,2.3125,2.0625,2.25
EDUC,1999-10-26,2.125,2.3125,2.125,2.2969
EDUC,1999-10-27,2.0,2.0,2.0,2.0
EDUC,1999-10-28,2.3125,2.3125,2.3125,2.3125
EDUC,1999-10-29,2.0,2.2812,2.0,2.1875
EDUC,1999-11-01,2.0,2.2812,2.0,2.1875
EDUC,1999-11-02,2.2812,2.2812,2.0,2.0
EDUC,1999-11-03,2.125,2.1875,2.0,2.0938
EDUC,1999-11-04,2.0078,2.25,2.0,2.25
EDUC,1999-11-05,2.125,2.25,1.75,2.0
EDUC,1999-11-08,2.0938,2.25,1.6875,2.25
EDUC,1999-11-09,1.8438,2.2188,1.8438,2.0312
EDUC,1999-11-10,2.1875,2.1875,2.0625,2.0625
EDUC,1999-11-11,2.125,2.125,2.0,2.125
EDUC,1999-11-12,2.125,2.125,1.9375,1.9375
EDUC,1999-11-15,2.1875,2.1875,2.1875,2.1875
EDUC,1999-11-16,1.9375,1.9375,1.9375,1.9375
EDUC,1999-11-17,2.0,2.125,2.0,2.125
EDUC,1999-11-18,2.0,2.125,2.0,2.125
EDUC,1999-11-19,2.0938,2.0938,2.0938,2.0938
EDUC,1999-11-22,2.0,2.0,2.0,2.0
EDUC,1999-11-23,2.0,2.0,2.0,2.0
EDUC,1999-11-24,2.1562,2.1562,2.0,2.1562
EDUC,1999-11-26,2.0938,2.0938,2.0625,2.0625
EDUC,1999-11-29,2.0,2.0625,2.0,2.0391
EDUC,1999-11-30,2.0312,2.0625,2.0,2.0625
EDUC,1999-12-01,1.9375,2.0,1.9375,1.9453
EDUC,1999-12-02,1.75,1.75,1.75,1.75
EDUC,1999-12-03,2.1875,2.25,1.9062,1.9062
EDUC,1999-12-06,1.7188,1.8438,1.6562,1.8438
EDUC,1999-12-07,1.8438,1.8438,1.7812,1.8281
EDUC,1999-12-08,1.7812,2.0625,1.7812,2.0
EDUC,1999-12-09,1.8906,2.0,1.7812,1.875
EDUC,1999-12-10,1.8438,1.8438,1.8438,1.8438
EDUC,1999-12-13,1.7812,1.7812,1.625,1.625
EDUC,1999-12-14,1.625,1.875,1.5312,1.5312
EDUC,1999-12-15,1.5312,1.6875,1.5,1.5
EDUC,1999-12-16,1.5625,1.625,1.5625,1.5625
EDUC,1999-12-17,1.5625,1.5625,1.5,1.5
EDUC,1999-12-20,1.4062,1.5312,1.4062,1.5312
EDUC,1999-12-21,1.5,1.5,1.5,1.5
EDUC,1999-12-22,1.5,1.5,1.5,1.5
EDUC,1999-12-23,1.5625,1.5625,1.5,1.5
EDUC,1999-12-27,1.5,1.5,1.3125,1.4688
EDUC,1999-12-28,1.4375,1.4375,1.3125,1.375
EDUC,1999-12-29,1.3125,1.3125,1.3125,1.3125
EDUC,1999-12-30,1.3125,1.5,1.3125,1.375
EDUC,1999-12-31,1.5,1.6875,1.5,1.5
EDUC,2000-01-03,1.5,1.625,1.5,1.625
EDUC,2000-01-04,1.5,1.5,1.5,1.5
EDUC,2000-01-05,1.625,1.625,1.625,1.625
EDUC,2000-01-06,1.5,1.5,1.3438,1.5
EDUC,2000-01-07,1.5,1.5,1.5,1.5
EDUC,2000-01-10,1.625,1.625,1.375,1.5
EDUC,2000-01-11,1.5,1.5,1.5,1.5
EDUC,2000-01-12,1.375,1.5,1.375,1.5
EDUC,2000-01-13,1.5,1.5,1.5,1.5
EDUC,2000-01-14,1.5,1.5,1.5,1.5
EDUC,2000-01-18,1.5,1.6875,1.5,1.5
EDUC,2000-01-19,1.5625,1.5625,1.5,1.5
EDUC,2000-01-20,1.5,1.5,1.5,1.5
EDUC,2000-01-21,1.5,1.5,1.5,1.5
EDUC,2000-01-24,1.5312,1.5312,1.5312,1.5312
EDUC,2000-01-25,1.5312,1.5312,1.5312,1.5312
EDUC,2000-01-26,1.5,1.5625,1.5,1.5312
EDUC,2000-01-27,1.75,1.75,1.5312,1.5312
EDUC,2000-01-28,1.5312,1.5625,1.5312,1.5625
EDUC,2000-01-31,1.625,1.625,1.625,1.625
EDUC,2000-02-01,1.625,1.625,1.5312,1.625
EDUC,2000-02-02,1.625,1.625,1.625,1.625
EDUC,2000-02-03,1.5312,1.7188,1.5312,1.5938
EDUC,2000-02-04,1.625,1.75,1.625,1.6562
EDUC,2000-02-07,1.75,1.75,1.75,1.75
EDUC,2000-02-08,1.75,1.75,1.6875,1.75
EDUC,2000-02-09,1.75,1.75,1.75,1.75
EDUC,2000-02-10,1.75,1.75,1.6875,1.75
EDUC,2000-02-11,1.75,1.75,1.6875,1.6875
EDUC,2000-02-14,1.75,1.75,1.7109,1.7109
EDUC,2000-02-15,1.7031,1.7031,1.6875,1.6875
EDUC,2000-02-16,1.75,1.75,1.75,1.75
EDUC,2000-02-17,1.8125,1.8125,1.5625,1.75
EDUC,2000-02-18,1.7188,1.75,1.7188,1.75
EDUC,2000-02-22,1.6875,1.6875,1.6875,1.6875
EDUC,2000-02-23,1.8125,1.8125,1.6875,1.6875
EDUC,2000-02-24,1.6875,1.8125,1.6875,1.6875
EDUC,2000-02-25,1.75,1.75,1.6875,1.75
EDUC,2000-02-28,1.6875,1.75,1.6875,1.7109
EDUC,2000-02-29,1.6875,1.6875,1.6875,1.6875
EDUC,2000-03-01,1.6875,1.75,1.6875,1.7109
EDUC,2000-03-02,1.6875,1.7188,1.6875,1.7188
EDUC,2000-03-03,1.7188,1.7188,1.7188,1.7188
EDUC,2000-03-06,1.6875,1.6875,1.6875,1.6875
EDUC,2000-03-07,1.6875,1.6875,1.6875,1.6875
EDUC,2000-03-08,1.6875,1.6875,1.6875,1.6875
EDUC,2000-03-09,1.6875,1.6875,1.6875,1.6875
EDUC,2000-03-10,1.6875,1.6875,1.6875,1.6875
EDUC,2000-03-13,1.6875,1.6875,1.625,1.6641
EDUC,2000-03-14,1.625,1.6406,1.625,1.6406
EDUC,2000-03-15,1.625,1.625,1.625,1.625
EDUC,2000-03-16,1.625,1.75,1.625,1.75
EDUC,2000-03-17,1.75,1.75,1.625,1.75
EDUC,2000-03-20,1.625,1.6875,1.5625,1.625
EDUC,2000-03-21,1.6562,1.6562,1.6172,1.6172
EDUC,2000-03-22,1.6875,1.6875,1.5625,1.6875
EDUC,2000-03-23,1.5625,1.625,1.5625,1.5625
EDUC,2000-03-24,1.625,1.625,1.5781,1.5781
EDUC,2000-03-27,1.5625,1.5625,1.5625,1.5625
EDUC,2000-03-28,1.5625,1.6875,1.5625,1.5625
EDUC,2000-03-29,1.5625,1.5625,1.5625,1.5625
EDUC,2000-03-30,1.5625,1.5625,1.5625,1.5625
EDUC,2000-03-31,1.5625,1.5625,1.5625,1.5625
EDUC,2000-04-03,1.5625,1.5625,1.5625,1.5625
EDUC,2000-04-04,1.5625,1.5625,1.5625,1.5625
EDUC,2000-04-05,1.5625,1.5625,1.5625,1.5625
EDUC,2000-04-06,1.5,1.5,1.5,1.5
EDUC,2000-04-07,1.5312,1.5312,1.5312,1.5312
EDUC,2000-04-10,1.5938,1.5938,1.5312,1.5312
EDUC,2000-04-11,1.5312,1.5312,1.5312,1.5312
EDUC,2000-04-12,1.5312,1.5312,1.5312,1.5312
EDUC,2000-04-13,1.5312,1.5312,1.5312,1.5312
EDUC,2000-04-14,1.5,1.5,1.4922,1.5
EDUC,2000-04-17,1.4688,1.5625,1.4688,1.5625
EDUC,2000-04-18,1.4688,1.5,1.4688,1.4922
EDUC,2000-04-19,1.5,1.5,1.5,1.5
EDUC,2000-04-20,1.5,1.5312,1.5,1.5312
EDUC,2000-04-24,1.4375,1.5,1.375,1.5
EDUC,2000-04-25,1.5,1.5,1.4688,1.4688
EDUC,2000-04-26,1.375,1.5,1.375,1.5
EDUC,2000-04-27,1.5,1.5,1.5,1.5
EDUC,2000-04-28,1.4844,1.5312,1.4844,1.5
EDUC,2000-05-01,1.5,1.5,1.5,1.5
EDUC,2000-05-02,1.5,1.5,1.5,1.5
EDUC,2000-05-03,1.4688,1.4688,1.4688,1.4688
EDUC,2000-05-04,1.4375,1.5,1.4375,1.5
EDUC,2000-05-05,1.4375,1.4375,1.375,1.375
EDUC,2000-05-08,1.375,1.4688,1.375,1.4688
EDUC,2000-05-09,1.4688,1.4688,1.4688,1.4688
EDUC,2000-05-10,1.375,1.4688,1.375,1.4688
EDUC,2000-05-11,1.375,1.4688,1.375,1.4688
EDUC,2000-05-12,1.375,1.375,1.375,1.375
EDUC,2000-05-15,1.5,1.5,1.5,1.5
EDUC,2000-05-16,1.3125,1.3125,1.3125,1.3125
EDUC,2000-05-17,1.3125,1.3125,1.3125,1.3125
EDUC,2000-05-18,1.3125,1.3125,1.3125,1.3125
EDUC,2000-05-19,1.3125,1.3125,1.3125,1.3125
EDUC,2000-05-22,1.3125,1.3125,1.3125,1.3125
EDUC,2000-05-23,1.3125,1.3125,1.3125,1.3125
EDUC,2000-05-24,1.2812,1.2812,1.2812,1.2812
EDUC,2000-05-25,1.2812,1.2812,1.2812,1.2812
EDUC,2000-05-26,1.25,1.25,1.25,1.25
EDUC,2000-05-30,1.25,1.25,1.25,1.25
EDUC,2000-05-31,1.2188,1.2812,1.2188,1.2344
EDUC,2000-06-01,1.25,1.25,1.25,1.25
EDUC,2000-06-02,1.2188,1.2188,1.2188,1.2188
EDUC,2000-06-05,1.2188,1.25,1.2188,1.25
EDUC,2000-06-06,1.2188,1.2188,1.2188,1.2188
EDUC,2000-06-07,1.2188,1.2188,1.2188,1.2188
EDUC,2000-06-08,1.2188,1.2188,1.2188,1.2188
EDUC,2000-06-09,1.2188,1.2656,1.2188,1.2578
EDUC,2000-06-12,1.25,1.25,1.25,1.25
EDUC,2000-06-13,1.25,1.25,1.25,1.25
EDUC,2000-06-14,1.2188,1.2188,1.2188,1.2188
EDUC,2000-06-15,1.2188,1.2188,1.2188,1.2188
EDUC,2000-06-16,1.2188,1.2188,1.2188,1.2188
EDUC,2000-06-19,1.2188,1.2188,1.2188,1.2188
EDUC,2000-06-20,1.2031,1.2188,1.2031,1.2188
EDUC,2000-06-21,1.25,1.25,1.2031,1.2031
EDUC,2000-06-22,1.1875,1.1875,1.1875,1.1875
EDUC,2000-06-23,1.1562,1.1562,1.1562,1.1562
EDUC,2000-06-26,1.2344,1.25,1.2344,1.25
EDUC,2000-06-27,1.2344,1.2344,1.2344,1.2344
EDUC,2000-06-28,1.125,1.125,1.125,1.125
EDUC,2000-06-29,1.2031,1.2031,1.2031,1.2031
EDUC,2000-06-30,1.1719,1.25,1.125,1.125
EDUC,2000-07-03,1.0,1.125,1.0,1.125
EDUC,2000-07-05,1.0,1.0938,1.0,1.0
EDUC,2000-07-06,1.0,1.0,1.0,1.0
EDUC,2000-07-07,1.0,1.0,1.0,1.0
EDUC,2000-07-10,1.0,1.0,1.0,1.0
EDUC,2000-07-11,1.0,1.0,1.0,1.0
EDUC,2000-07-12,1.0938,1.0938,1.0938,1.0938
EDUC,2000-07-13,1.0938,1.0938,1.0938,1.0938
EDUC,2000-07-14,1.0938,1.0938,1.0938,1.0938
EDUC,2000-07-17,1.0938,1.0938,1.0156,1.0938
EDUC,2000-07-18,1.0312,1.0938,1.0156,1.0938
EDUC,2000-07-19,1.125,1.1875,1.125,1.1875
EDUC,2000-07-20,1.125,1.3438,1.125,1.3438
EDUC,2000-07-21,1.3125,2.4375,1.2812,1.9375
EDUC,2000-07-24,2.25,2.25,1.9375,2.125
EDUC,2000-07-25,2.1875,2.2031,2.0,2.0938
EDUC,2000-07-26,2.0625,2.0625,1.875,2.0
EDUC,2000-07-27,2.0,2.1875,1.75,1.9375
EDUC,2000-07-28,1.8125,2.0,1.75,1.8516
EDUC,2000-07-31,1.75,1.75,1.7188,1.7188
EDUC,2000-08-01,1.7188,1.7188,1.7188,1.7188
EDUC,2000-08-02,1.6875,1.7188,1.5,1.7188
EDUC,2000-08-03,1.8125,1.8125,1.8125,1.8125
EDUC,2000-08-04,1.8125,1.8125,1.8125,1.8125
EDUC,2000-08-07,1.5938,1.7188,1.5938,1.6875
EDUC,2000-08-08,1.6875,1.6875,1.5938,1.5938
EDUC,2000-08-09,1.75,1.75,1.4688,1.5625
EDUC,2000-08-10,1.75,1.75,1.5625,1.5625
EDUC,2000-08-11,1.875,1.875,1.75,1.875
EDUC,2000-08-14,1.625,1.625,1.625,1.625
EDUC,2000-08-15,1.7188,1.7188,1.7188,1.7188
EDUC,2000-08-16,1.875,1.875,1.875,1.875
EDUC,2000-08-17,1.75,1.875,1.75,1.8125
EDUC,2000-08-18,1.75,1.75,1.75,1.75
EDUC,2000-08-21,1.75,2.0,1.75,2.0
EDUC,2000-08-22,2.0625,2.0625,1.9375,2.0625
EDUC,2000-08-23,2.0156,2.0625,2.0156,2.0625
EDUC,2000-08-24,2.0,2.0625,1.9688,1.9688
EDUC,2000-08-25,1.9688,2.0312,1.9688,2.0312
EDUC,2000-08-28,1.9688,1.9688,1.9688,1.9688
EDUC,2000-08-29,1.9688,1.9688,1.9688,1.9688
EDUC,2000-08-30,1.875,2.0,1.6875,1.9375
EDUC,2000-08-31,1.75,1.75,1.75,1.75
EDUC,2000-09-01,1.8125,1.8125,1.8125,1.8125
EDUC,2000-09-05,1.8125,1.8125,1.8125,1.8125
EDUC,2000-09-06,1.8125,1.8125,1.8125,1.8125
EDUC,2000-09-07,1.875,2.0,1.875,2.0
EDUC,2000-09-08,2.0,2.0,2.0,2.0
EDUC,2000-09-11,1.875,2.0,1.875,2.0
EDUC,2000-09-12,1.75,1.75,1.75,1.75
EDUC,2000-09-13,1.8125,1.8125,1.8125,1.8125
EDUC,2000-09-14,1.8125,1.8125,1.8125,1.8125
EDUC,2000-09-15,1.75,1.75,1.75,1.75
EDUC,2000-09-18,1.75,1.7578,1.75,1.7578
EDUC,2000-09-19,1.875,1.875,1.875,1.875
EDUC,2000-09-20,1.875,1.875,1.875,1.875
EDUC,2000-09-21,1.9688,1.9688,1.75,1.75
EDUC,2000-09-22,1.75,1.75,1.75,1.75
EDUC,2000-09-25,1.9688,2.0,1.9531,2.0
EDUC,2000-09-26,1.9531,1.9531,1.5,1.8125
EDUC,2000-09-27,1.8125,1.8125,1.8125,1.8125
EDUC,2000-09-28,1.5,1.5312,1.5,1.5
EDUC,2000-09-29,1.75,1.8125,1.5312,1.5312
EDUC,2000-10-02,1.5625,1.5938,1.5312,1.5312
EDUC,2000-10-03,1.8125,1.8125,1.6875,1.6875
EDUC,2000-10-04,1.5625,1.5625,1.5625,1.5625
EDUC,2000-10-05,1.5625,1.6875,1.5312,1.6875
EDUC,2000-10-06,1.7734,1.7734,1.5312,1.5625
EDUC,2000-10-09,1.5625,1.5625,1.5625,1.5625
EDUC,2000-10-10,1.5625,1.5625,1.5625,1.5625
EDUC,2000-10-11,1.5625,1.5625,1.5625,1.5625
EDUC,2000-10-12,1.5,1.5,1.5,1.5
EDUC,2000-10-13,1.5,1.5625,1.5,1.5
EDUC,2000-10-16,1.8672,1.875,1.5,1.625
EDUC,2000-10-17,1.5938,1.5938,1.5938,1.5938
EDUC,2000-10-18,1.5312,1.5625,1.5312,1.5625
EDUC,2000-10-19,1.5625,1.5625,1.5625,1.5625
EDUC,2000-10-20,1.7422,2.0625,1.7422,2.0
EDUC,2000-10-23,2.0625,2.0625,1.8438,1.8438
EDUC,2000-10-24,1.9375,2.0,1.8438,1.875
EDUC,2000-10-25,1.875,1.875,1.875,1.875
EDUC,2000-10-26,1.8125,2.0,1.8125,1.9609
EDUC,2000-10-27,1.8438,2.0625,1.8438,2.0625
EDUC,2000-10-30,1.9375,2.0,1.9375,1.9375
EDUC,2000-10-31,2.0,2.0,1.875,1.9375
EDUC,2000-11-01,1.9375,1.9375,1.9375,1.9375
EDUC,2000-11-02,2.0,2.0,1.9688,2.0
EDUC,2000-11-03,2.0,2.0,1.9375,2.0
EDUC,2000-11-06,2.0,2.0,1.9375,2.0
EDUC,2000-11-07,1.9375,2.0,1.9375,2.0
EDUC,2000-11-08,1.9375,1.9375,1.9375,1.9375
EDUC,2000-11-09,1.9375,1.9766,1.9375,1.9766
EDUC,2000-11-10,2.0,2.0,2.0,2.0
EDUC,2000-11-13,1.9375,1.9375,1.9375,1.9375
EDUC,2000-11-14,1.875,1.875,1.875,1.875
EDUC,2000-11-15,2.0,2.0,1.9375,1.9688
EDUC,2000-11-16,2.0,2.0312,1.9375,1.9375
EDUC,2000-11-17,1.9375,1.9375,1.9375,1.9375
EDUC,2000-11-20,1.9375,1.9375,1.9375,1.9375
EDUC,2000-11-21,1.9375,1.9375,1.9375,1.9375
EDUC,2000-11-22,1.9375,1.9375,1.9375,1.9375
EDUC,2000-11-24,2.0,2.0,2.0,2.0
EDUC,2000-11-27,2.0312,2.0312,1.9375,2.0
EDUC,2000-11-28,1.9375,1.9375,1.9375,1.9375
EDUC,2000-11-29,1.9375,1.9375,1.9375,1.9375
EDUC,2000-11-30,1.9375,2.0312,1.875,1.9062
EDUC,2000-12-01,1.9062,1.9062,1.9062,1.9062
EDUC,2000-12-04,1.875,2.0,1.875,2.0
EDUC,2000-12-05,1.9375,2.0,1.875,1.875
EDUC,2000-12-06,1.875,1.875,1.875,1.875
EDUC,2000-12-07,1.875,1.875,1.875,1.875
EDUC,2000-12-08,1.875,1.9375,1.875,1.875
EDUC,2000-12-11,1.875,1.875,1.7188,1.8125
EDUC,2000-12-12,1.75,1.75,1.5625,1.5625
EDUC,2000-12-13,1.75,1.75,1.6875,1.6875
EDUC,2000-12-14,1.9375,1.9375,1.75,1.75
EDUC,2000-12-15,1.6875,1.7188,1.5625,1.6562
EDUC,2000-12-18,1.6562,1.6562,1.6562,1.6562
EDUC,2000-12-19,1.6875,1.6875,1.5938,1.5938
EDUC,2000-12-20,1.5938,1.5938,1.5938,1.5938
EDUC,2000-12-21,1.5,1.5,1.5,1.5
EDUC,2000-12-22,1.625,1.625,1.5,1.5
EDUC,2000-12-26,1.5,2.0,1.5,1.5312
EDUC,2000-12-27,1.625,1.625,1.5,1.5
EDUC,2000-12-28,1.8047,1.8047,1.4375,1.5
EDUC,2000-12-29,1.5312,1.6875,1.5,1.5
EDUC,2001-01-02,1.5,1.5,1.5,1.5
EDUC,2001-01-03,1.5,1.5,1.5,1.5
EDUC,2001-01-04,1.5,1.5,1.5,1.5
EDUC,2001-01-05,1.8125,2.0,1.625,1.75
EDUC,2001-01-08,1.75,1.75,1.75,1.75
EDUC,2001-01-09,1.75,1.75,1.75,1.75
EDUC,2001-01-10,1.625,1.625,1.5625,1.5625
EDUC,2001-01-11,1.5,1.5156,1.5,1.5
EDUC,2001-01-12,1.6562,1.6562,1.5,1.5
EDUC,2001-01-16,1.5,1.5,1.5,1.5
EDUC,2001-01-17,1.5,1.5,1.5,1.5
EDUC,2001-01-18,1.625,1.625,1.625,1.625
EDUC,2001-01-19,1.625,1.7188,1.625,1.625
EDUC,2001-01-22,1.625,1.625,1.625,1.625
EDUC,2001-01-23,1.7109,1.7109,1.5625,1.5625
EDUC,2001-01-24,1.5625,1.5625,1.5625,1.5625
EDUC,2001-01-25,1.5,1.7031,1.5,1.625
EDUC,2001-01-26,1.6875,1.7188,1.6875,1.7188
EDUC,2001-01-29,1.5625,1.5625,1.5625,1.5625
EDUC,2001-01-30,1.75,1.7578,1.7188,1.7188
EDUC,2001-01-31,1.75,1.75,1.75,1.75
EDUC,2001-02-01,1.75,1.75,1.75,1.75
EDUC,2001-02-02,1.7812,1.8125,1.7812,1.8125
EDUC,2001-02-05,1.8125,1.8125,1.8125,1.8125
EDUC,2001-02-06,1.8125,1.9375,1.8125,1.9375
EDUC,2001-02-07,1.875,1.9062,1.875,1.9062
EDUC,2001-02-08,1.9062,1.9375,1.875,1.875
EDUC,2001-02-09,1.875,1.875,1.875,1.875
EDUC,2001-02-12,1.8438,1.8438,1.8438,1.8438
EDUC,2001-02-13,1.8438,1.8438,1.8125,1.8125
EDUC,2001-02-14,1.875,1.9219,1.4062,1.5
EDUC,2001-02-15,1.75,1.9688,1.6562,1.6562
EDUC,2001-02-16,1.6641,1.875,1.6641,1.7188
EDUC,2001-02-20,1.75,1.75,1.75,1.75
EDUC,2001-02-21,1.875,1.875,1.6562,1.6562
EDUC,2001-02-22,1.5938,1.5938,1.5938,1.5938
EDUC,2001-02-23,1.5938,1.5938,1.5938,1.5938
EDUC,2001-02-26,1.8047,1.875,1.75,1.875
EDUC,2001-02-27,1.8125,1.8125,1.8125,1.8125
EDUC,2001-02-28,1.6875,1.6875,1.6875,1.6875
EDUC,2001-03-01,1.6562,1.7188,1.6562,1.7188
EDUC,2001-03-02,1.75,1.8438,1.625,1.625
EDUC,2001-03-05,1.5625,1.8438,1.5625,1.5938
EDUC,2001-03-06,1.6875,1.8438,1.6875,1.8438
EDUC,2001-03-07,1.8438,1.8438,1.8438,1.8438
EDUC,2001-03-08,1.8438,1.8438,1.8438,1.8438
EDUC,2001-03-09,1.6562,1.6562,1.6562,1.6562
EDUC,2001-03-12,1.6562,1.7812,1.6562,1.7812
EDUC,2001-03-13,1.7812,1.8125,1.7812,1.8125
EDUC,2001-03-14,1.8125,1.8125,1.8125,1.8125
EDUC,2001-03-15,1.8125,1.8125,1.6562,1.75
EDUC,2001-03-16,1.75,1.75,1.75,1.75
EDUC,2001-03-19,1.6562,1.6562,1.6562,1.6562
EDUC,2001-03-20,1.6562,1.6562,1.6562,1.6562
EDUC,2001-03-21,1.7188,1.7188,1.6875,1.6875
EDUC,2001-03-22,1.6641,1.6641,1.6562,1.6562
EDUC,2001-03-23,1.6562,1.6562,1.6562,1.6562
EDUC,2001-03-26,1.6562,1.6562,1.5,1.5
EDUC,2001-03-27,1.5625,1.5625,1.5,1.5312
EDUC,2001-03-28,1.6562,1.6562,1.6562,1.6562
EDUC,2001-03-29,1.5312,1.5312,1.5312,1.5312
EDUC,2001-03-30,1.5625,1.5625,1.5469,1.5469
EDUC,2001-04-02,1.5469,1.5469,1.5469,1.5469
EDUC,2001-04-03,1.5469,1.5469,1.5469,1.5469
EDUC,2001-04-04,1.5469,1.5469,1.5469,1.5469
EDUC,2001-04-05,1.4922,1.5625,1.4375,1.5625
EDUC,2001-04-06,1.5,1.5,1.5,1.5
EDUC,2001-04-09,1.5,1.505,1.46,1.46
EDUC,2001-04-10,1.5,1.5,1.5,1.5
EDUC,2001-04-11,1.5,1.5,1.46,1.46
EDUC,2001-04-12,1.5,1.5,1.5,1.5
EDUC,2001-04-16,1.5,1.5,1.5,1.5
EDUC,2001-04-17,1.465,1.465,1.465,1.465
EDUC,2001-04-18,1.5,1.5,1.5,1.5
EDUC,2001-04-19,1.5,1.725,1.49,1.5
EDUC,2001-04-20,1.505,1.6,1.505,1.51
EDUC,2001-04-23,1.515,1.59,1.505,1.59
EDUC,2001-04-24,1.55,1.55,1.55,1.55
EDUC,2001-04-25,1.51,1.51,1.505,1.505
EDUC,2001-04-26,1.525,1.525,1.475,1.495
EDUC,2001-04-27,1.525,1.525,1.525,1.525
EDUC,2001-04-30,1.46,1.525,1.46,1.525
EDUC,2001-05-01,1.5,1.55,1.5,1.525
EDUC,2001-05-02,1.55,1.55,1.5,1.5
EDUC,2001-05-03,1.525,1.725,1.525,1.6
EDUC,2001-05-04,1.5,1.6,1.5,1.575
EDUC,2001-05-07,1.6,1.6,1.6,1.6
EDUC,2001-05-08,1.6,1.6,1.6,1.6
EDUC,2001-05-09,1.575,1.575,1.575,1.575
EDUC,2001-05-10,1.6,1.625,1.6,1.625
EDUC,2001-05-11,1.65,1.65,1.6,1.6
EDUC,2001-05-14,1.6,1.6,1.6,1.6
EDUC,2001-05-15,1.6,1.6,1.6,1.6
EDUC,2001-05-16,1.6,1.6,1.6,1.6
EDUC,2001-05-17,1.6,1.625,1.47,1.625
EDUC,2001-05-18,1.625,1.625,1.625,1.625
EDUC,2001-05-21,1.5,1.5,1.5,1.5
EDUC,2001-05-22,1.5,1.725,1.5,1.625
EDUC,2001-05-23,1.625,1.65,1.625,1.625
EDUC,2001-05-24,1.65,1.675,1.625,1.625
EDUC,2001-05-25,1.64,1.725,1.64,1.7
EDUC,2001-05-29,1.7,1.7,1.7,1.7
EDUC,2001-05-30,1.625,1.625,1.625,1.625
EDUC,2001-05-31,1.625,1.625,1.625,1.625
EDUC,2001-06-01,1.65,1.65,1.625,1.625
EDUC,2001-06-04,1.625,1.625,1.625,1.625
EDUC,2001-06-05,1.63,1.675,1.585,1.585
EDUC,2001-06-06,1.6,1.6,1.585,1.585
EDUC,2001-06-07,1.63,1.64,1.625,1.64
EDUC,2001-06-08,1.62,1.65,1.62,1.625
EDUC,2001-06-11,1.625,1.695,1.625,1.695
EDUC,2001-06-12,1.675,1.675,1.675,1.675
EDUC,2001-06-13,1.65,1.71,1.65,1.71
EDUC,2001-06-14,1.71,1.71,1.65,1.69
EDUC,2001-06-15,1.7,1.7,1.7,1.7
EDUC,2001-06-18,1.7,1.7,1.7,1.7
EDUC,2001-06-19,1.7,1.7,1.7,1.7
EDUC,2001-06-20,1.7,1.7,1.7,1.7
EDUC,2001-06-21,1.74,1.75,1.705,1.705
EDUC,2001-06-22,1.75,1.79,1.715,1.79
EDUC,2001-06-25,1.715,1.715,1.7,1.7
EDUC,2001-06-26,1.715,1.715,1.685,1.685
EDUC,2001-06-27,1.85,1.85,1.85,1.85
EDUC,2001-06-28,1.875,1.9,1.7,1.725
EDUC,2001-06-29,1.74,1.74,1.74,1.74
EDUC,2001-07-02,1.75,1.75,1.75,1.75
EDUC,2001-07-03,1.75,1.75,1.75,1.75
EDUC,2001-07-05,1.95,2.1,1.79,2.025
EDUC,2001-07-06,1.925,2.02,1.875,2.02
EDUC,2001-07-09,2.05,2.05,2.05,2.05
EDUC,2001-07-10,2.05,2.05,2.05,2.05
EDUC,2001-07-11,2.135,2.135,2.135,2.135
EDUC,2001-07-12,2.125,2.125,2.0,2.125
EDUC,2001-07-13,2.145,2.15,2.1,2.15
EDUC,2001-07-16,2.175,2.175,2.085,2.175
EDUC,2001-07-17,2.1,2.125,2.085,2.125
EDUC,2001-07-18,2.125,2.175,2.0,2.0
EDUC,2001-07-19,1.95,2.0,1.925,2.0
EDUC,2001-07-20,2.125,2.125,2.125,2.125
EDUC,2001-07-23,2.1,2.175,2.06,2.175
EDUC,2001-07-24,2.175,2.19,2.06,2.06
EDUC,2001-07-25,2.085,2.085,2.085,2.085
EDUC,2001-07-26,2.125,2.19,2.105,2.19
EDUC,2001-07-27,2.11,2.2,2.11,2.145
EDUC,2001-07-30,2.225,2.225,2.1,2.1
EDUC,2001-07-31,2.1,2.125,2.1,2.125
EDUC,2001-08-01,2.125,2.245,2.075,2.235
EDUC,2001-08-02,2.24,2.25,2.225,2.225
EDUC,2001-08-03,2.245,2.245,2.245,2.245
EDUC,2001-08-06,2.225,2.225,2.22,2.225
EDUC,2001-08-07,2.2,2.2,2.17,2.175
EDUC,2001-08-08,2.18,2.18,2.175,2.175
EDUC,2001-08-09,2.175,2.225,2.175,2.225
EDUC,2001-08-10,2.2,2.2,2.2,2.2
EDUC,2001-08-13,2.245,2.25,2.2,2.25
EDUC,2001-08-14,2.295,2.625,2.29,2.625
EDUC,2001-08-15,2.62,2.78,2.55,2.64
EDUC,2001-08-16,2.645,2.66,2.555,2.645
EDUC,2001-08-17,2.575,2.575,2.55,2.55
EDUC,2001-08-20,2.57,2.61,2.495,2.595
EDUC,2001-08-21,2.495,2.55,2.325,2.48
EDUC,2001-08-22,2.31,2.515,2.305,2.5
EDUC,2001-08-23,2.5,2.55,2.375,2.515
EDUC,2001-08-24,2.52,2.525,2.52,2.52
EDUC,2001-08-27,2.595,2.595,2.52,2.595
EDUC,2001-08-28,2.59,2.595,2.525,2.54
EDUC,2001-08-29,2.55,2.6,2.55,2.595
EDUC,2001-08-30,2.615,2.625,2.58,2.625
EDUC,2001-08-31,2.625,2.665,2.625,2.65
EDUC,2001-09-04,2.63,2.75,2.555,2.75
EDUC,2001-09-05,2.7,2.75,2.605,2.61
EDUC,2001-09-06,2.675,2.745,2.61,2.615
EDUC,2001-09-07,2.75,2.755,2.6,2.6
EDUC,2001-09-10,2.6,2.6,2.575,2.575
EDUC,2001-09-17,2.6,2.755,2.565,2.58
EDUC,2001-09-18,2.58,2.58,2.425,2.5
EDUC,2001-09-19,2.74,2.75,2.25,2.5
EDUC,2001-09-20,2.33,2.55,2.25,2.325
EDUC,2001-09-21,2.3,2.475,1.9,2.45
EDUC,2001-09-24,2.275,2.45,2.25,2.45
EDUC,2001-09-25,2.45,2.455,2.125,2.275
EDUC,2001-09-26,2.45,2.45,2.275,2.45
EDUC,2001-09-27,2.445,2.505,2.445,2.505
EDUC,2001-09-28,2.27,2.55,2.27,2.55
EDUC,2001-10-01,2.325,2.55,2.32,2.5
EDUC,2001-10-02,2.335,2.5,2.335,2.5
EDUC,2001-10-03,2.545,2.545,2.385,2.525
EDUC,2001-10-04,2.6,2.6,2.4,2.6
EDUC,2001-10-05,2.495,2.545,2.495,2.5
EDUC,2001-10-08,2.6,2.6,2.6,2.6
EDUC,2001-10-09,2.6,2.67,2.54,2.54
EDUC,2001-10-10,2.54,2.625,2.54,2.625
EDUC,2001-10-11,2.56,2.575,2.525,2.575
EDUC,2001-10-12,2.575,2.575,2.525,2.525
EDUC,2001-10-15,2.535,2.67,2.535,2.67
EDUC,2001-10-16,2.745,2.75,2.725,2.75
EDUC,2001-10-17,2.76,2.875,2.76,2.875
EDUC,2001-10-18,2.87,2.87,2.78,2.805
EDUC,2001-10-19,2.865,2.87,2.785,2.87
EDUC,2001-10-22,2.95,3.0,2.8,2.865
EDUC,2001-10-23,2.775,2.86,2.775,2.86
EDUC,2001-10-24,2.945,2.945,2.85,2.855
EDUC,2001-10-25,2.91,2.91,2.825,2.825
EDUC,2001-10-26,2.915,2.975,2.825,2.825
EDUC,2001-10-29,2.875,2.875,2.875,2.875
EDUC,2001-10-30,2.825,2.825,2.755,2.755
EDUC,2001-10-31,2.825,2.87,2.825,2.87
EDUC,2001-11-01,2.87,2.875,2.87,2.87
EDUC,2001-11-02,2.85,2.85,2.725,2.725
EDUC,2001-11-05,2.73,2.8,2.73,2.8
EDUC,2001-11-06,2.75,2.825,2.735,2.825
EDUC,2001-11-07,2.735,2.795,2.725,2.725
EDUC,2001-11-08,2.725,2.735,2.725,2.73
EDUC,2001-11-09,2.73,2.73,2.73,2.73
EDUC,2001-11-12,2.735,2.735,2.73,2.735
EDUC,2001-11-13,2.745,2.745,2.73,2.735
EDUC,2001-11-14,2.73,2.735,2.73,2.735
EDUC,2001-11-15,2.785,2.8,2.74,2.775
EDUC,2001-11-16,2.8,2.805,2.8,2.805
EDUC,2001-11-19,2.75,2.75,2.75,2.75
EDUC,2001-11-20,2.75,2.81,2.74,2.74
EDUC,2001-11-21,2.745,2.82,2.745,2.795
EDUC,2001-11-23,2.795,2.795,2.795,2.795
EDUC,2001-11-26,2.75,2.75,2.745,2.745
EDUC,2001-11-27,2.745,2.8,2.74,2.75
EDUC,2001-11-28,2.755,2.78,2.755,2.775
EDUC,2001-11-29,2.75,2.75,2.705,2.705
EDUC,2001-11-30,2.7,2.75,2.615,2.625
EDUC,2001-12-03,2.625,2.64,2.45,2.64
EDUC,2001-12-04,2.675,2.675,2.675,2.675
EDUC,2001-12-05,2.765,2.8,2.725,2.8
EDUC,2001-12-06,2.75,2.79,2.75,2.75
EDUC,2001-12-07,2.79,2.825,2.73,2.825
EDUC,2001-12-10,2.825,2.825,2.77,2.78
EDUC,2001-12-11,2.78,2.78,2.78,2.78
EDUC,2001-12-12,2.78,2.78,2.78,2.78
EDUC,2001-12-13,2.75,2.78,2.73,2.78
EDUC,2001-12-14,2.93,2.935,2.685,2.685
EDUC,2001-12-17,2.825,2.825,2.695,2.695
EDUC,2001-12-18,2.695,2.75,2.695,2.75
EDUC,2001-12-19,2.705,2.82,2.705,2.705
EDUC,2001-12-20,2.7,2.7,2.7,2.7
EDUC,2001-12-21,2.695,2.695,2.695,2.695
EDUC,2001-12-24,2.7,2.705,2.695,2.695
EDUC,2001-12-26,2.695,2.7,2.69,2.7
EDUC,2001-12-27,2.69,2.79,2.69,2.69
EDUC,2001-12-28,2.725,2.75,2.7,2.75
EDUC,2001-12-31,2.7,2.75,2.65,2.75
EDUC,2002-01-02,2.895,2.895,2.795,2.795
EDUC,2002-01-03,2.795,2.795,2.795,2.795
EDUC,2002-01-04,2.7,2.7,2.7,2.7
EDUC,2002-01-07,2.875,2.9,2.8,2.8
EDUC,2002-01-08,2.715,2.715,2.69,2.69
EDUC,2002-01-09,2.75,2.775,2.75,2.775
EDUC,2002-01-10,2.69,2.815,2.69,2.815
EDUC,2002-01-11,2.75,2.875,2.75,2.875
EDUC,2002-01-14,2.875,2.9,2.875,2.9
EDUC,2002-01-15,2.75,3.0,2.7,3.0
EDUC,2002-01-16,2.875,3.125,2.85,2.85
EDUC,2002-01-17,2.995,3.0,2.875,2.875
EDUC,2002-01-18,2.975,3.1,2.975,3.075
EDUC,2002-01-22,3.12,3.125,3.05,3.05
EDUC,2002-01-23,3.12,3.125,3.075,3.075
EDUC,2002-01-24,3.15,3.2,3.09,3.2
EDUC,2002-01-25,3.16,3.25,3.12,3.15
EDUC,2002-01-28,3.06,3.25,2.925,3.035
EDUC,2002-01-29,3.25,3.945,3.045,3.5
EDUC,2002-01-30,3.475,3.625,3.225,3.495
EDUC,2002-01-31,3.595,3.6,3.175,3.49
EDUC,2002-02-01,3.495,3.7,3.275,3.5
EDUC,2002-02-04,3.56,3.7,3.495,3.695
EDUC,2002-02-05,3.7,3.7,3.25,3.58
EDUC,2002-02-06,3.6,3.69,3.45,3.475
EDUC,2002-02-07,3.415,3.415,3.375,3.375
EDUC,2002-02-08,3.475,3.495,3.255,3.495
EDUC,2002-02-11,3.475,3.685,3.375,3.525
EDUC,2002-02-12,3.5,3.5,3.375,3.5
EDUC,2002-02-13,3.4,3.52,3.175,3.475
EDUC,2002-02-14,3.45,3.475,3.45,3.475
EDUC,2002-02-15,3.435,3.5,3.43,3.5
EDUC,2002-02-19,3.525,3.525,3.39,3.4
EDUC,2002-02-20,3.405,3.405,3.4,3.4
EDUC,2002-02-21,3.4,3.5,3.055,3.5
EDUC,2002-02-22,3.5,3.5,3.425,3.425
EDUC,2002-02-25,3.5,3.5,3.375,3.5
EDUC,2002-02-26,3.39,3.4,3.39,3.4
EDUC,2002-02-27,3.4,3.4,3.4,3.4
EDUC,2002-02-28,3.405,3.405,3.405,3.405
EDUC,2002-03-01,3.405,3.5,3.405,3.5
EDUC,2002-03-04,3.405,3.405,3.4,3.4
EDUC,2002-03-05,3.4,3.475,3.4,3.475
EDUC,2002-03-06,3.4,3.525,3.4,3.505
EDUC,2002-03-07,3.5,3.5,3.4,3.5
EDUC,2002-03-08,3.44,3.535,3.375,3.535
EDUC,2002-03-11,3.38,3.55,3.38,3.55
EDUC,2002-03-12,3.45,3.6,3.45,3.6
EDUC,2002-03-13,3.575,3.575,3.575,3.575
EDUC,2002-03-14,3.53,3.55,3.385,3.55
EDUC,2002-03-15,3.5,3.5,3.5,3.5
EDUC,2002-03-18,3.385,3.6,3.385,3.55
EDUC,2002-03-19,3.55,3.6,3.425,3.6
EDUC,2002-03-20,3.595,3.6,3.4,3.595
EDUC,2002-03-21,3.6,3.625,3.595,3.6
EDUC,2002-03-22,3.565,3.565,3.565,3.565
EDUC,2002-03-25,3.46,3.575,3.45,3.575
EDUC,2002-03-26,3.425,3.57,3.425,3.57
EDUC,2002-03-27,3.495,3.5,3.4,3.5
EDUC,2002-03-28,3.4,3.5,3.4,3.5
EDUC,2002-04-01,3.41,3.41,3.41,3.41
EDUC,2002-04-02,3.425,3.475,3.425,3.475
EDUC,2002-04-03,3.5,3.5,3.5,3.5
EDUC,2002-04-04,3.5,3.5,3.41,3.475
EDUC,2002-04-05,3.405,3.575,3.405,3.575
EDUC,2002-04-08,3.475,3.575,3.41,3.55
EDUC,2002-04-09,3.575,3.625,3.5,3.545
EDUC,2002-04-10,3.57,3.675,3.5,3.67
EDUC,2002-04-11,3.625,3.625,3.45,3.495
EDUC,2002-04-12,3.65,3.65,3.435,3.575
EDUC,2002-04-15,3.6,3.6,3.545,3.55
EDUC,2002-04-16,3.55,3.7,3.55,3.65
EDUC,2002-04-17,3.65,3.75,3.5,3.5
EDUC,2002-04-18,3.625,3.625,3.5,3.5
EDUC,2002-04-19,3.575,3.6,3.575,3.6
EDUC,2002-04-22,3.6,3.75,3.48,3.525
EDUC,2002-04-23,3.6,3.7,3.6,3.7
EDUC,2002-04-24,3.645,3.65,3.645,3.65
EDUC,2002-04-25,3.6,3.65,3.6,3.65
EDUC,2002-04-26,3.56,3.62,3.55,3.555
EDUC,2002-04-29,3.625,3.675,3.53,3.675
EDUC,2002-04-30,3.53,3.7,3.53,3.7
EDUC,2002-05-01,3.7,3.7,3.495,3.5
EDUC,2002-05-02,3.695,3.7,3.55,3.55
EDUC,2002-05-03,3.695,3.7,3.575,3.68
EDUC,2002-05-06,3.64,3.7,3.64,3.7
EDUC,2002-05-07,3.7,3.7,3.65,3.65
EDUC,2002-05-08,3.69,3.705,3.605,3.7
EDUC,2002-05-09,3.605,3.635,3.5,3.5
EDUC,2002-05-10,3.655,3.655,3.5,3.5
EDUC,2002-05-13,3.48,3.58,3.48,3.58
EDUC,2002-05-14,3.58,3.58,3.575,3.575
EDUC,2002-05-15,3.575,3.625,3.45,3.625
EDUC,2002-05-16,3.575,3.625,3.575,3.625
EDUC,2002-05-17,3.625,3.67,3.625,3.67
EDUC,2002-05-20,3.605,3.63,3.6,3.6
EDUC,2002-05-21,3.555,3.555,3.555,3.555
EDUC,2002-05-22,3.555,3.56,3.555,3.56
EDUC,2002-05-23,3.55,3.55,3.5,3.525
EDUC,2002-05-24,3.575,3.575,3.495,3.52
EDUC,2002-05-28,3.475,3.525,3.475,3.5
EDUC,2002-05-29,3.5,3.5,3.47,3.48
EDUC,2002-05-30,3.48,3.48,3.37,3.425
EDUC,2002-05-31,3.255,3.435,3.25,3.325
EDUC,2002-06-03,3.325,3.4,3.25,3.25
EDUC,2002-06-04,3.325,3.335,3.275,3.275
EDUC,2002-06-05,3.275,3.39,3.25,3.39
EDUC,2002-06-06,3.285,3.39,3.285,3.38
EDUC,2002-06-07,3.335,3.335,3.2,3.2
EDUC,2002-06-10,3.335,3.34,3.215,3.34
EDUC,2002-06-11,3.37,3.44,3.25,3.44
EDUC,2002-06-12,3.445,3.445,3.325,3.325
EDUC,2002-06-13,3.495,3.5,3.415,3.445
EDUC,2002-06-14,3.45,3.535,3.36,3.45
EDUC,2002-06-17,3.445,3.55,3.375,3.55
EDUC,2002-06-18,3.49,3.6,3.49,3.595
EDUC,2002-06-19,3.505,3.59,3.505,3.59
EDUC,2002-06-20,3.5,3.625,3.5,3.59
EDUC,2002-06-21,3.5,3.595,3.5,3.595
EDUC,2002-06-24,3.5,3.5,3.5,3.5
EDUC,2002-06-25,3.465,3.55,3.415,3.55
EDUC,2002-06-26,3.455,3.455,3.275,3.35
EDUC,2002-06-27,3.4,3.4,3.345,3.345
EDUC,2002-06-28,3.35,3.525,3.325,3.525
EDUC,2002-07-01,3.4,3.51,3.4,3.455
EDUC,2002-07-02,3.41,3.6,3.29,3.4
EDUC,2002-07-03,3.4,3.45,3.325,3.45
EDUC,2002-07-05,3.4,3.45,3.4,3.45
EDUC,2002-07-08,3.375,3.5,3.375,3.49
EDUC,2002-07-09,3.33,3.495,3.275,3.47
EDUC,2002-07-10,3.355,3.495,3.355,3.495
EDUC,2002-07-11,3.43,3.6,3.43,3.465
EDUC,2002-07-12,3.495,3.495,3.415,3.475
EDUC,2002-07-15,3.48,3.62,3.425,3.5
EDUC,2002-07-16,3.495,3.575,3.335,3.48
EDUC,2002-07-17,3.475,3.5,3.375,3.475
EDUC,2002-07-18,3.48,3.48,3.38,3.38
EDUC,2002-07-19,3.375,3.51,3.375,3.51
EDUC,2002-07-22,3.525,3.525,3.375,3.515
EDUC,2002-07-23,3.39,3.44,3.39,3.435
EDUC,2002-07-24,3.38,3.53,3.375,3.53
EDUC,2002-07-25,3.475,3.495,3.425,3.495
EDUC,2002-07-26,3.385,3.49,3.38,3.485
EDUC,2002-07-29,3.41,3.49,3.405,3.41
EDUC,2002-07-30,3.42,3.44,3.375,3.44
EDUC,2002-07-31,3.455,3.495,3.405,3.45
EDUC,2002-08-01,3.475,3.475,3.31,3.47
EDUC,2002-08-02,3.475,3.475,3.47,3.47
EDUC,2002-08-05,3.475,3.475,3.3,3.375
EDUC,2002-08-06,3.35,3.48,3.35,3.48
EDUC,2002-08-07,3.49,3.49,3.49,3.49
EDUC,2002-08-08,3.44,3.44,3.44,3.44
EDUC,2002-08-09,3.44,3.44,3.44,3.44
EDUC,2002-08-12,3.425,3.43,3.35,3.43
EDUC,2002-08-13,3.4,3.43,3.375,3.375
EDUC,2002-08-14,3.425,3.43,3.425,3.43
EDUC,2002-08-15,3.43,3.43,3.43,3.43
EDUC,2002-08-16,3.375,3.38,3.375,3.38
EDUC,2002-08-19,3.375,3.45,3.375,3.45
EDUC,2002-08-20,3.365,3.375,3.365,3.375
EDUC,2002-08-21,3.385,3.385,3.375,3.375
EDUC,2002-08-22,3.305,3.475,3.305,3.45
EDUC,2002-08-23,3.49,3.49,3.305,3.405
EDUC,2002-08-26,3.325,3.385,3.325,3.385
EDUC,2002-08-27,3.28,3.34,3.25,3.34
EDUC,2002-08-28,3.355,3.41,3.25,3.41
EDUC,2002-08-29,3.4,3.425,3.17,3.17
EDUC,2002-08-30,3.2,3.39,3.2,3.39
EDUC,2002-09-03,3.395,3.395,3.125,3.35
EDUC,2002-09-04,3.29,3.405,3.29,3.405
EDUC,2002-09-05,3.235,3.345,3.225,3.335
EDUC,2002-09-06,3.345,3.345,3.2,3.265
EDUC,2002-09-09,3.2,3.295,3.18,3.295
EDUC,2002-09-10,3.295,3.325,3.18,3.3
EDUC,2002-09-11,3.2,3.295,3.2,3.295
EDUC,2002-09-12,3.295,3.295,3.295,3.295
EDUC,2002-09-13,3.205,3.37,3.205,3.37
EDUC,2002-09-16,3.15,3.37,3.15,3.37
EDUC,2002-09-17,3.15,3.34,3.15,3.34
EDUC,2002-09-18,3.25,3.345,3.25,3.345
EDUC,2002-09-19,3.08,3.345,3.08,3.23
EDUC,2002-09-20,3.35,3.45,3.075,3.08
EDUC,2002-09-23,3.12,3.25,2.825,3.15
EDUC,2002-09-24,3.08,3.15,3.08,3.15
EDUC,2002-09-25,3.06,3.275,3.06,3.27
EDUC,2002-09-26,3.075,3.295,3.075,3.295
EDUC,2002-09-27,3.295,3.295,3.13,3.13
EDUC,2002-09-30,3.22,3.22,3.15,3.22
EDUC,2002-10-01,3.05,3.19,3.05,3.12
EDUC,2002-10-02,3.125,3.175,3.105,3.175
EDUC,2002-10-03,3.18,3.18,3.17,3.175
EDUC,2002-10-04,3.085,3.47,3.0,3.37
EDUC,2002-10-07,3.18,3.18,2.93,3.045
EDUC,2002-10-08,3.025,3.275,2.95,3.075
EDUC,2002-10-09,3.075,3.08,3.0,3.0
EDUC,2002-10-10,3.14,3.145,3.025,3.115
EDUC,2002-10-11,3.125,3.265,3.125,3.245
EDUC,2002-10-14,3.265,3.265,3.04,3.195
EDUC,2002-10-15,3.195,3.195,3.195,3.195
EDUC,2002-10-16,3.195,3.195,2.385,3.19
EDUC,2002-10-17,3.1,3.195,2.975,3.195
EDUC,2002-10-18,3.12,3.2,3.12,3.2
EDUC,2002-10-21,3.195,3.195,3.125,3.125
EDUC,2002-10-22,2.73,3.1,2.73,3.095
EDUC,2002-10-23,3.1,3.1,3.1,3.1
EDUC,2002-10-24,3.095,3.1,2.975,3.1
EDUC,2002-10-25,3.1,3.2,3.1,3.2
EDUC,2002-10-28,3.195,3.2,2.95,3.195
EDUC,2002-10-29,3.05,3.2,3.05,3.165
EDUC,2002-10-30,2.95,3.1,2.825,3.1
EDUC,2002-10-31,3.15,3.19,3.125,3.19
EDUC,2002-11-01,3.125,3.195,3.12,3.19
EDUC,2002-11-04,3.1,3.175,3.1,3.175
EDUC,2002-11-05,3.175,3.2,3.105,3.105
EDUC,2002-11-06,3.125,3.15,3.125,3.14
EDUC,2002-11-07,3.16,3.4,3.16,3.375
EDUC,2002-11-08,3.13,3.32,3.125,3.32
EDUC,2002-11-11,3.315,3.45,3.31,3.45
EDUC,2002-11-12,3.6,3.945,3.6,3.725
EDUC,2002-11-13,3.625,3.635,3.5,3.6
EDUC,2002-11-14,3.625,3.725,3.625,3.725
EDUC,2002-11-15,3.725,3.75,3.655,3.655
EDUC,2002-11-18,3.655,3.725,3.215,3.525
EDUC,2002-11-19,3.55,3.65,3.485,3.65
EDUC,2002-11-20,3.675,4.0,3.675,3.99
EDUC,2002-11-21,3.78,3.9,3.655,3.795
EDUC,2002-11-22,3.795,3.825,3.71,3.8
EDUC,2002-11-25,3.805,3.845,3.71,3.71
EDUC,2002-11-26,3.775,3.84,3.62,3.79
EDUC,2002-11-27,3.775,3.805,3.77,3.785
EDUC,2002-11-29,3.785,3.785,3.785,3.785
EDUC,2002-12-02,3.78,3.875,3.78,3.8
EDUC,2002-12-03,3.875,4.25,3.785,3.94
EDUC,2002-12-04,3.785,4.05,3.785,4.05
EDUC,2002-12-05,4.14,4.31,4.1,4.115
EDUC,2002-12-06,4.12,4.245,4.025,4.08
EDUC,2002-12-09,4.095,4.24,4.095,4.215
EDUC,2002-12-10,4.12,4.3,4.025,4.3
EDUC,2002-12-11,4.27,4.3,4.12,4.16
EDUC,2002-12-12,4.13,4.21,4.1,4.21
EDUC,2002-12-13,4.1,4.175,4.095,4.175
EDUC,2002-12-16,4.115,4.2,4.115,4.2
EDUC,2002-12-17,4.22,4.22,4.095,4.095
EDUC,2002-12-18,4.035,4.075,4.0,4.075
EDUC,2002-12-19,4.005,4.175,4.0,4.175
EDUC,2002-12-20,4.12,4.19,4.005,4.1
EDUC,2002-12-23,4.0,4.125,4.0,4.125
EDUC,2002-12-24,4.125,4.205,4.09,4.205
EDUC,2002-12-26,4.19,4.195,4.125,4.165
EDUC,2002-12-27,4.17,4.175,4.17,4.17
EDUC,2002-12-30,4.175,4.175,3.9,4.09
EDUC,2002-12-31,4.095,4.1,4.05,4.075
EDUC,2003-01-02,4.01,4.03,3.875,4.005
EDUC,2003-01-03,4.025,4.225,4.025,4.16
EDUC,2003-01-06,4.25,4.28,4.155,4.19
EDUC,2003-01-07,4.135,4.355,4.135,4.27
EDUC,2003-01-08,4.225,4.245,4.125,4.19
EDUC,2003-01-09,4.25,4.475,4.22,4.455
EDUC,2003-01-10,4.33,4.345,4.15,4.305
EDUC,2003-01-13,4.24,4.425,4.1,4.375
EDUC,2003-01-14,4.375,4.375,4.15,4.35
EDUC,2003-01-15,4.35,4.35,4.315,4.315
EDUC,2003-01-16,4.29,4.29,4.205,4.25
EDUC,2003-01-17,4.2,4.205,4.2,4.205
EDUC,2003-01-21,4.24,4.445,4.24,4.36
EDUC,2003-01-22,4.295,4.475,4.24,4.305
EDUC,2003-01-23,4.475,4.475,4.36,4.36
EDUC,2003-01-24,4.4,4.58,4.17,4.58
EDUC,2003-01-27,4.58,4.725,4.3,4.485
EDUC,2003-01-28,4.485,4.61,4.35,4.5
EDUC,2003-01-29,4.46,4.575,4.46,4.575
EDUC,2003-01-30,4.6,4.6,4.55,4.55
EDUC,2003-01-31,4.58,4.595,4.505,4.58
EDUC,2003-02-03,4.595,4.6,4.575,4.6
EDUC,2003-02-04,4.63,4.715,4.525,4.525
EDUC,2003-02-05,4.585,4.585,4.585,4.585
EDUC,2003-02-06,4.585,4.585,4.585,4.585
EDUC,2003-02-07,4.58,4.585,4.54,4.54
EDUC,2003-02-10,4.54,4.54,4.54,4.54
EDUC,2003-02-11,4.455,4.545,4.455,4.505
EDUC,2003-02-12,4.5,4.545,4.485,4.485
EDUC,2003-02-13,4.425,4.485,4.42,4.475
EDUC,2003-02-14,4.41,4.49,4.375,4.49
EDUC,2003-02-18,4.49,4.625,4.415,4.615
EDUC,2003-02-19,4.595,4.65,4.48,4.61
EDUC,2003-02-20,4.625,4.97,4.53,4.75
EDUC,2003-02-21,4.75,4.79,4.64,4.765
EDUC,2003-02-24,4.73,4.75,4.73,4.75
EDUC,2003-02-25,4.655,4.695,4.6,4.6
EDUC,2003-02-26,4.645,4.765,4.625,4.705
EDUC,2003-02-27,4.73,4.78,4.55,4.78
EDUC,2003-02-28,4.755,4.925,4.745,4.875
EDUC,2003-03-03,4.65,4.87,4.65,4.695
EDUC,2003-03-04,4.7,4.85,4.69,4.825
EDUC,2003-03-05,4.845,4.845,4.8,4.8
EDUC,2003-03-06,4.84,4.84,4.705,4.705
EDUC,2003-03-07,4.72,4.72,4.69,4.69
EDUC,2003-03-10,4.695,4.735,4.695,4.72
EDUC,2003-03-11,4.7,4.74,4.695,4.74
EDUC,2003-03-12,4.66,4.75,4.655,4.745
EDUC,2003-03-13,4.71,4.71,4.71,4.71
EDUC,2003-03-14,4.71,4.855,4.71,4.76
EDUC,2003-03-17,4.755,4.785,4.755,4.785
EDUC,2003-03-18,4.8,4.8,4.76,4.76
EDUC,2003-03-19,4.76,4.76,4.76,4.76
EDUC,2003-03-20,4.76,4.79,4.655,4.75
EDUC,2003-03-21,4.75,4.75,4.75,4.75
EDUC,2003-03-24,4.75,4.795,4.75,4.795
EDUC,2003-03-25,4.795,4.795,4.795,4.795
EDUC,2003-03-26,4.77,4.795,4.77,4.795
EDUC,2003-03-27,4.795,4.795,4.795,4.795
EDUC,2003-03-28,4.76,4.785,4.76,4.76
EDUC,2003-03-31,4.76,4.83,4.76,4.77
EDUC,2003-04-01,4.755,4.77,4.755,4.77
EDUC,2003-04-02,4.775,4.95,4.63,4.855
EDUC,2003-04-03,4.855,4.855,4.675,4.81
EDUC,2003-04-04,4.85,4.85,4.785,4.785
EDUC,2003-04-07,4.855,4.9,4.775,4.875
EDUC,2003-04-08,4.85,4.85,4.85,4.85
EDUC,2003-04-09,4.85,4.875,4.81,4.875
EDUC,2003-04-10,4.975,4.975,4.885,4.925
EDUC,2003-04-11,4.96,4.96,4.9,4.9
EDUC,2003-04-14,4.955,4.99,4.925,4.96
EDUC,2003-04-15,4.975,4.995,4.875,4.96
EDUC,2003-04-16,4.96,4.96,4.95,4.96
EDUC,2003-04-17,4.96,5.0,4.95,4.95
EDUC,2003-04-21,4.975,4.975,4.885,4.895
EDUC,2003-04-22,4.885,4.95,4.875,4.88
EDUC,2003-04-23,4.905,4.905,4.905,4.905
EDUC,2003-04-24,4.9,4.955,4.875,4.955
EDUC,2003-04-25,4.92,4.965,4.92,4.965
EDUC,2003-04-28,4.965,4.965,4.875,4.875
EDUC,2003-04-29,4.93,4.93,4.88,4.92
EDUC,2003-04-30,4.88,4.92,4.875,4.875
EDUC,2003-05-01,4.9,4.9,4.875,4.875
EDUC,2003-05-02,4.875,4.9,4.85,4.9
EDUC,2003-05-05,4.93,4.93,4.875,4.875
EDUC,2003-05-06,4.875,4.875,4.875,4.875
EDUC,2003-05-07,4.875,5.105,4.875,5.04
EDUC,2003-05-08,5.4,5.55,5.25,5.315
EDUC,2003-05-09,5.31,5.325,5.295,5.3
EDUC,2003-05-12,5.34,5.34,5.205,5.28
EDUC,2003-05-13,5.31,5.31,5.06,5.23
EDUC,2003-05-14,5.23,5.23,5.23,5.23
EDUC,2003-05-15,5.15,5.15,5.15,5.15
EDUC,2003-05-16,5.125,5.255,5.125,5.225
EDUC,2003-05-19,5.25,5.25,5.18,5.18
EDUC,2003-05-20,5.15,5.15,5.02,5.02
EDUC,2003-05-21,5.025,5.075,5.02,5.075
EDUC,2003-05-22,5.08,5.125,5.08,5.125
EDUC,2003-05-23,5.0,5.11,5.0,5.095
EDUC,2003-05-27,5.1,5.125,5.1,5.125
EDUC,2003-05-28,5.055,5.145,5.05,5.075
EDUC,2003-05-29,5.05,5.05,5.01,5.035
EDUC,2003-05-30,5.055,5.07,5.025,5.065
EDUC,2003-06-02,5.095,5.095,5.095,5.095
EDUC,2003-06-03,5.065,5.065,5.065,5.065
EDUC,2003-06-04,5.065,5.105,5.065,5.075
EDUC,2003-06-05,5.06,5.06,5.025,5.025
EDUC,2003-06-06,5.025,5.03,5.025,5.03
EDUC,2003-06-09,5.01,5.01,5.01,5.01
EDUC,2003-06-10,5.005,5.01,5.005,5.005
EDUC,2003-06-11,5.005,5.055,5.005,5.055
EDUC,2003-06-12,5.07,5.07,5.035,5.035
EDUC,2003-06-13,5.065,5.085,5.005,5.03
EDUC,2003-06-16,5.04,5.07,5.04,5.07
EDUC,2003-06-17,5.075,5.105,5.075,5.075
EDUC,2003-06-18,5.075,5.075,5.005,5.005
EDUC,2003-06-19,5.125,5.125,5.0,5.0
EDUC,2003-06-20,4.95,4.975,4.9,4.975
EDUC,2003-06-23,5.01,5.01,4.9,4.95
EDUC,2003-06-24,4.895,4.985,4.895,4.975
EDUC,2003-06-25,5.0,5.045,5.0,5.045
EDUC,2003-06-26,5.045,5.23,5.005,5.005
EDUC,2003-06-27,5.14,5.14,5.07,5.105
EDUC,2003-06-30,5.14,5.14,5.025,5.14
EDUC,2003-07-01,5.205,5.275,5.2,5.2
EDUC,2003-07-02,5.275,5.45,5.24,5.45
EDUC,2003-07-03,5.45,5.8,5.45,5.68
EDUC,2003-07-07,5.635,6.355,5.635,6.19
EDUC,2003-07-08,6.125,6.24,6.05,6.09
EDUC,2003-07-09,6.095,6.24,5.845,6.19
EDUC,2003-07-10,6.245,6.25,6.23,6.23
EDUC,2003-07-11,6.225,6.23,6.215,6.23
EDUC,2003-07-14,6.225,6.275,6.125,6.23
EDUC,2003-07-15,6.125,6.73,6.125,6.615
EDUC,2003-07-16,6.625,6.93,6.62,6.79
EDUC,2003-07-17,6.75,6.8,6.65,6.745
EDUC,2003-07-18,6.795,6.795,6.715,6.72
EDUC,2003-07-21,6.75,6.75,6.65,6.71
EDUC,2003-07-22,6.725,6.725,6.625,6.685
EDUC,2003-07-23,6.625,6.625,6.525,6.535
EDUC,2003-07-24,6.55,6.57,6.535,6.57
EDUC,2003-07-25,6.57,6.615,6.42,6.56
EDUC,2003-07-28,6.54,6.62,6.54,6.62
EDUC,2003-07-29,6.6,6.615,6.55,6.585
EDUC,2003-07-30,6.645,6.69,6.6,6.685
EDUC,2003-07-31,6.7,6.725,6.53,6.53
EDUC,2003-08-01,6.64,6.64,6.5,6.55
EDUC,2003-08-04,6.575,6.705,6.55,6.705
EDUC,2003-08-05,6.715,6.72,6.63,6.69
EDUC,2003-08-06,6.675,6.73,6.675,6.72
EDUC,2003-08-07,6.75,6.75,6.675,6.68
EDUC,2003-08-08,6.75,6.75,6.675,6.675
EDUC,2003-08-11,6.75,6.75,6.68,6.72
EDUC,2003-08-12,6.725,6.725,6.68,6.68
EDUC,2003-08-13,6.625,6.65,6.58,6.625
EDUC,2003-08-14,6.675,6.675,6.62,6.625
EDUC,2003-08-15,6.63,6.63,6.6,6.6
EDUC,2003-08-18,6.585,6.59,6.25,6.43
EDUC,2003-08-19,6.44,6.5,6.44,6.495
EDUC,2003-08-20,6.455,6.525,6.455,6.525
EDUC,2003-08-21,6.52,6.52,6.45,6.45
EDUC,2003-08-22,6.455,6.455,6.45,6.45
EDUC,2003-08-25,6.455,6.5,6.455,6.5
EDUC,2003-08-26,6.5,6.5,6.475,6.475
EDUC,2003-08-27,6.48,6.5,6.475,6.5
EDUC,2003-08-28,6.495,6.5,6.475,6.5
EDUC,2003-08-29,6.5,6.55,6.49,6.515
EDUC,2003-09-02,6.525,6.525,6.5,6.525
EDUC,2003-09-03,6.525,6.525,6.355,6.43
EDUC,2003-09-04,6.505,6.505,6.445,6.495
EDUC,2003-09-05,6.4,6.485,6.36,6.485
EDUC,2003-09-08,6.525,6.525,6.48,6.525
EDUC,2003-09-09,6.52,6.52,6.45,6.475
EDUC,2003-09-10,6.46,6.5,6.455,6.455
EDUC,2003-09-11,6.515,6.515,6.475,6.475
EDUC,2003-09-12,6.475,6.475,6.475,6.475
EDUC,2003-09-15,6.445,6.455,6.445,6.455
EDUC,2003-09-16,6.44,6.455,6.44,6.455
EDUC,2003-09-17,6.46,6.52,6.455,6.455
EDUC,2003-09-18,6.515,6.515,6.38,6.385
EDUC,2003-09-19,6.375,6.45,6.375,6.45
EDUC,2003-09-22,6.45,6.47,6.45,6.47
EDUC,2003-09-23,6.475,6.475,6.41,6.41
EDUC,2003-09-24,6.41,6.455,6.41,6.41
EDUC,2003-09-25,6.41,6.41,6.325,6.395
EDUC,2003-09-26,6.325,6.405,6.1,6.11
EDUC,2003-09-29,6.09,6.165,5.39,5.5
EDUC,2003-09-30,5.525,6.04,5.525,6.04
EDUC,2003-10-01,6.045,6.23,5.97,6.21
EDUC,2003-10-02,6.25,6.325,6.2,6.2
EDUC,2003-10-03,6.1,6.195,6.09,6.17
EDUC,2003-10-06,6.175,6.21,6.12,6.21
EDUC,2003-10-07,6.2,6.2,5.87,5.99
EDUC,2003-10-08,6.005,6.08,6.005,6.08
EDUC,2003-10-09,6.105,6.105,6.0,6.005
EDUC,2003-10-10,6.015,6.015,5.975,5.98
EDUC,2003-10-13,5.875,5.99,5.875,5.935
EDUC,2003-10-14,5.875,5.875,5.75,5.75
EDUC,2003-10-15,5.8,5.85,5.5,5.67
EDUC,2003-10-16,5.715,5.725,5.495,5.53
EDUC,2003-10-17,5.715,5.815,5.605,5.815
EDUC,2003-10-20,5.85,5.915,5.83,5.83
EDUC,2003-10-21,5.84,5.88,5.75,5.85
EDUC,2003-10-22,5.86,5.895,5.8,5.8
EDUC,2003-10-23,5.8,5.8,5.8,5.8
EDUC,2003-10-24,5.89,5.89,5.8,5.8
EDUC,2003-10-27,5.8,5.8,5.1,5.555
EDUC,2003-10-28,5.585,5.745,5.56,5.665
EDUC,2003-10-29,5.665,5.7,5.66,5.7
EDUC,2003-10-30,5.73,5.73,5.6,5.655
EDUC,2003-10-31,5.65,5.675,5.625,5.625
EDUC,2003-11-03,5.645,5.645,5.645,5.645
EDUC,2003-11-04,5.655,5.655,5.6,5.6
EDUC,2003-11-05,5.65,5.65,5.58,5.58
EDUC,2003-11-06,5.65,5.65,5.65,5.65
EDUC,2003-11-07,5.6,5.6,5.54,5.545
EDUC,2003-11-10,5.595,5.6,5.595,5.6
EDUC,2003-11-11,5.6,5.6,5.54,5.54
EDUC,2003-11-12,5.56,5.56,5.25,5.365
EDUC,2003-11-13,5.405,5.455,5.03,5.145
EDUC,2003-11-14,5.2,5.25,5.2,5.2
EDUC,2003-11-17,5.125,5.125,5.01,5.065
EDUC,2003-11-18,5.065,5.08,5.065,5.08
EDUC,2003-11-19,5.075,5.1,4.98,5.075
EDUC,2003-11-20,5.125,5.44,5.125,5.29
EDUC,2003-11-21,5.07,5.32,5.07,5.25
EDUC,2003-11-24,5.305,5.955,5.305,5.575
EDUC,2003-11-25,5.62,5.705,5.51,5.575
EDUC,2003-11-26,5.625,5.64,5.625,5.64
EDUC,2003-11-28,5.7,5.7,5.7,5.7
EDUC,2003-12-01,5.7,5.7,5.58,5.58
EDUC,2003-12-02,5.585,5.67,5.49,5.525
EDUC,2003-12-03,5.53,5.53,5.525,5.525
EDUC,2003-12-04,5.525,5.59,5.525,5.59
EDUC,2003-12-05,5.525,5.59,5.525,5.59
EDUC,2003-12-08,5.615,5.625,5.4,5.4
EDUC,2003-12-09,5.315,5.35,5.3,5.35
EDUC,2003-12-10,5.445,5.445,5.445,5.445
EDUC,2003-12-11,5.325,5.325,5.325,5.325
EDUC,2003-12-12,5.495,5.495,5.285,5.37
EDUC,2003-12-15,5.355,5.355,5.25,5.25
EDUC,2003-12-16,5.32,5.55,5.32,5.55
EDUC,2003-12-17,5.5,5.55,5.37,5.38
EDUC,2003-12-18,5.38,5.38,5.38,5.38
EDUC,2003-12-19,5.5,5.5,5.38,5.38
EDUC,2003-12-22,5.4,5.545,5.38,5.38
EDUC,2003-12-23,5.47,5.51,5.425,5.51
EDUC,2003-12-24,5.49,5.49,5.49,5.49
EDUC,2003-12-26,5.505,5.725,5.49,5.53
EDUC,2003-12-29,5.46,5.48,5.46,5.475
EDUC,2003-12-30,5.475,5.475,5.475,5.475
EDUC,2003-12-31,5.475,5.515,5.475,5.515
EDUC,2004-01-02,5.51,5.595,5.51,5.545
EDUC,2004-01-05,5.0,5.53,5.0,5.375
EDUC,2004-01-06,5.5,5.5,5.38,5.38
EDUC,2004-01-07,5.375,5.375,5.375,5.375
EDUC,2004-01-08,5.41,5.41,5.4,5.4
EDUC,2004-01-09,5.375,5.425,5.375,5.425
EDUC,2004-01-12,5.375,5.425,5.375,5.425
EDUC,2004-01-13,5.425,5.425,5.42,5.42
EDUC,2004-01-14,5.395,5.395,5.395,5.395
EDUC,2004-01-15,5.46,5.46,5.35,5.35
EDUC,2004-01-16,5.35,5.39,5.265,5.31
EDUC,2004-01-20,5.285,5.285,5.285,5.285
EDUC,2004-01-21,5.285,5.395,5.165,5.25
EDUC,2004-01-22,5.21,5.275,5.175,5.275
EDUC,2004-01-23,5.275,5.275,5.25,5.25
EDUC,2004-01-26,5.25,5.275,5.225,5.225
EDUC,2004-01-27,5.36,5.36,5.29,5.345
EDUC,2004-01-28,5.365,5.365,5.19,5.205
EDUC,2004-01-29,5.23,5.3,5.195,5.24
EDUC,2004-01-30,5.165,5.25,5.165,5.25
EDUC,2004-02-02,5.25,5.25,5.25,5.25
EDUC,2004-02-03,5.175,5.175,5.175,5.175
EDUC,2004-02-04,5.225,5.25,5.225,5.25
EDUC,2004-02-05,5.225,5.3,5.225,5.285
EDUC,2004-02-06,5.275,5.275,5.275,5.275
EDUC,2004-02-09,5.295,5.295,5.25,5.255
EDUC,2004-02-10,5.275,5.275,5.27,5.275
EDUC,2004-02-11,5.25,5.28,5.25,5.28
EDUC,2004-02-12,5.275,5.275,5.25,5.25
EDUC,2004-02-13,5.275,5.345,5.27,5.27
EDUC,2004-02-17,5.535,5.535,5.405,5.405
EDUC,2004-02-18,5.305,5.4,5.305,5.34
EDUC,2004-02-19,5.255,5.43,5.255,5.42
EDUC,2004-02-20,5.39,5.39,5.27,5.38
EDUC,2004-02-23,5.26,5.375,5.26,5.375
EDUC,2004-02-24,5.375,5.375,5.375,5.375
EDUC,2004-02-25,5.3,5.365,5.265,5.335
EDUC,2004-02-26,5.35,5.36,5.275,5.275
EDUC,2004-02-27,5.29,5.325,5.26,5.325
EDUC,2004-03-01,5.29,5.305,5.29,5.305
EDUC,2004-03-02,5.305,5.305,5.305,5.305
EDUC,2004-03-03,5.255,5.29,5.225,5.24
EDUC,2004-03-04,5.24,5.25,5.24,5.24
EDUC,2004-03-05,5.2,5.2,5.0,5.045
EDUC,2004-03-08,5.0,5.09,5.0,5.085
EDUC,2004-03-09,5.0,5.0,5.0,5.0
EDUC,2004-03-10,5.005,5.005,5.005,5.005
EDUC,2004-03-11,5.01,5.2,5.01,5.13
EDUC,2004-03-12,5.04,5.04,5.035,5.04
EDUC,2004-03-15,5.07,5.09,5.035,5.09
EDUC,2004-03-16,5.04,5.04,5.035,5.035
EDUC,2004-03-17,5.035,5.035,5.035,5.035
EDUC,2004-03-18,5.035,5.07,5.035,5.07
EDUC,2004-03-19,5.08,5.085,5.075,5.075
EDUC,2004-03-22,5.175,5.175,5.175,5.175
EDUC,2004-03-23,5.175,5.175,5.075,5.075
EDUC,2004-03-24,5.145,5.145,5.055,5.055
EDUC,2004-03-25,5.055,5.055,4.94,5.005
EDUC,2004-03-26,5.03,5.03,5.02,5.025
EDUC,2004-03-29,5.235,5.235,5.05,5.1
EDUC,2004-03-30,5.2,5.2,5.05,5.06
EDUC,2004-03-31,5.225,5.225,5.065,5.12
EDUC,2004-04-01,5.225,5.25,5.08,5.09
EDUC,2004-04-02,5.305,5.305,5.09,5.15
EDUC,2004-04-05,5.2,5.2,5.155,5.155
EDUC,2004-04-06,5.255,5.255,5.01,5.015
EDUC,2004-04-07,5.16,5.16,5.01,5.1
EDUC,2004-04-08,5.01,5.15,5.01,5.1
EDUC,2004-04-12,5.125,5.145,5.05,5.145
EDUC,2004-04-13,5.095,5.105,5.055,5.06
EDUC,2004-04-14,5.125,5.205,5.125,5.205
EDUC,2004-04-15,5.225,5.225,5.225,5.225
EDUC,2004-04-16,5.15,5.15,5.075,5.075
EDUC,2004-04-19,5.125,5.125,5.075,5.075
EDUC,2004-04-20,5.15,5.225,5.125,5.225
EDUC,2004-04-21,5.18,5.18,5.18,5.18
EDUC,2004-04-22,5.125,5.125,5.125,5.125
EDUC,2004-04-23,5.05,5.1,5.05,5.1
EDUC,2004-04-26,5.05,5.1,5.05,5.1
EDUC,2004-04-27,5.305,5.305,5.1,5.1
EDUC,2004-04-28,5.13,5.13,5.125,5.125
EDUC,2004-04-29,5.19,5.19,5.1,5.1
EDUC,2004-04-30,5.19,5.19,5.125,5.125
EDUC,2004-05-03,5.16,5.16,5.075,5.075
EDUC,2004-05-04,5.125,5.175,5.08,5.175
EDUC,2004-05-05,5.075,5.155,5.075,5.15
EDUC,2004-05-06,5.075,5.16,5.075,5.075
EDUC,2004-05-07,5.1,5.1,5.08,5.08
EDUC,2004-05-10,5.305,5.305,5.075,5.135
EDUC,2004-05-11,5.135,5.135,5.135,5.135
EDUC,2004-05-12,5.1,5.115,5.1,5.105
EDUC,2004-05-13,5.1,5.11,5.1,5.11
EDUC,2004-05-14,5.225,5.4,5.15,5.4
EDUC,2004-05-17,5.4,5.42,5.35,5.35
EDUC,2004-05-18,5.575,5.575,5.35,5.49
EDUC,2004-05-19,5.495,5.575,5.35,5.35
EDUC,2004-05-20,5.495,5.5,5.395,5.395
EDUC,2004-05-21,5.45,5.45,5.395,5.395
EDUC,2004-05-24,6.0,6.0,5.365,5.45
EDUC,2004-05-25,5.425,5.57,5.3,5.4
EDUC,2004-05-26,5.4,5.4,5.4,5.4
EDUC,2004-05-27,5.4,5.43,5.4,5.4
EDUC,2004-05-28,5.4,5.4,5.4,5.4
EDUC,2004-06-01,5.4,5.4,5.4,5.4
EDUC,2004-06-02,5.4,5.4,5.4,5.4
EDUC,2004-06-03,5.4,5.4,5.4,5.4
EDUC,2004-06-04,5.4,5.405,5.4,5.4
EDUC,2004-06-07,5.575,5.575,5.4,5.4
EDUC,2004-06-08,5.545,5.545,5.4,5.4
EDUC,2004-06-09,5.4,5.475,5.4,5.475
EDUC,2004-06-10,5.5,5.8,5.4,5.49
EDUC,2004-06-14,5.52,5.52,5.405,5.405
EDUC,2004-06-15,5.5,5.5,5.5,5.5
EDUC,2004-06-16,5.6,5.6,5.41,5.41
EDUC,2004-06-17,5.41,5.45,5.41,5.41
EDUC,2004-06-18,5.425,5.545,5.425,5.545
EDUC,2004-06-21,5.45,5.45,5.45,5.45
EDUC,2004-06-22,5.495,5.495,5.41,5.41
EDUC,2004-06-23,5.44,5.725,5.41,5.62
EDUC,2004-06-24,5.645,5.645,5.505,5.545
EDUC,2004-06-25,5.645,5.645,5.3,5.505
EDUC,2004-06-28,5.505,5.535,5.505,5.505
EDUC,2004-06-29,5.51,5.545,5.51,5.545
EDUC,2004-06-30,5.51,5.535,5.51,5.535
EDUC,2004-07-01,5.515,5.53,5.515,5.515
EDUC,2004-07-02,5.515,5.515,5.515,5.515
EDUC,2004-07-06,5.545,5.56,5.545,5.55
EDUC,2004-07-07,5.55,5.595,5.545,5.595
EDUC,2004-07-08,5.595,5.625,5.57,5.57
EDUC,2004-07-09,5.585,5.585,5.55,5.55
EDUC,2004-07-12,5.545,5.55,5.545,5.545
EDUC,2004-07-13,5.635,5.685,5.565,5.685
EDUC,2004-07-14,5.685,5.69,5.625,5.675
EDUC,2004-07-15,5.625,5.67,5.605,5.67
EDUC,2004-07-16,5.675,5.71,5.63,5.705
EDUC,2004-07-19,5.75,5.75,5.695,5.7
EDUC,2004-07-20,5.695,5.705,5.695,5.7
EDUC,2004-07-21,5.7,5.7,5.695,5.695
EDUC,2004-07-22,5.7,5.7,5.695,5.695
EDUC,2004-07-23,5.695,5.695,5.695,5.695
EDUC,2004-07-26,5.695,5.695,5.695,5.695
EDUC,2004-07-27,5.705,5.705,5.695,5.695
EDUC,2004-07-28,5.71,5.71,5.695,5.695
EDUC,2004-07-29,5.695,5.7,5.695,5.695
EDUC,2004-07-30,5.71,5.775,5.695,5.695
EDUC,2004-08-02,5.755,5.755,5.695,5.695
EDUC,2004-08-03,5.74,5.74,5.695,5.695
EDUC,2004-08-04,5.7,5.705,5.695,5.7
EDUC,2004-08-05,5.7,5.72,5.65,5.7
EDUC,2004-08-06,5.695,5.705,5.695,5.705
EDUC,2004-08-09,5.75,5.75,5.695,5.695
EDUC,2004-08-10,5.71,5.78,5.71,5.755
EDUC,2004-08-11,5.695,5.725,5.695,5.725
EDUC,2004-08-12,5.725,5.725,5.725,5.725
EDUC,2004-08-13,5.7,5.815,5.7,5.7
EDUC,2004-08-16,5.745,5.825,5.7,5.75
EDUC,2004-08-17,5.775,5.78,5.775,5.78
EDUC,2004-08-18,5.78,5.78,5.755,5.775
EDUC,2004-08-19,5.775,5.775,5.775,5.775
EDUC,2004-08-20,5.75,5.835,5.75,5.775
EDUC,2004-08-23,5.765,5.77,5.765,5.77
EDUC,2004-08-24,5.87,5.87,5.75,5.76
EDUC,2004-08-25,5.75,5.775,5.75,5.75
EDUC,2004-08-26,5.75,5.75,5.75,5.75
EDUC,2004-08-27,5.75,5.79,5.75,5.75
EDUC,2004-08-30,5.75,5.805,5.75,5.755
EDUC,2004-08-31,5.845,5.875,5.75,5.75
EDUC,2004-09-01,5.865,6.06,5.8,5.865
EDUC,2004-09-02,5.875,5.89,5.875,5.875
EDUC,2004-09-03,5.99,5.99,5.875,5.875
EDUC,2004-09-07,6.36,6.565,5.9,6.08
EDUC,2004-09-08,6.075,6.35,6.05,6.275
EDUC,2004-09-09,6.3,6.32,6.185,6.295
EDUC,2004-09-10,6.35,6.35,6.3,6.35
EDUC,2004-09-13,6.39,6.39,6.31,6.31
EDUC,2004-09-14,6.15,6.475,6.15,6.445
EDUC,2004-09-15,6.31,6.47,6.31,6.47
EDUC,2004-09-16,6.37,6.425,6.345,6.425
EDUC,2004-09-17,6.42,6.5,6.375,6.495
EDUC,2004-09-20,6.62,6.62,6.44,6.48
EDUC,2004-09-21,6.62,6.62,6.475,6.5
EDUC,2004-09-22,6.55,6.55,6.475,6.5
EDUC,2004-09-23,6.045,6.5,6.045,6.5
EDUC,2004-09-24,6.35,6.5,6.35,6.5
EDUC,2004-09-27,6.5,6.5,6.45,6.45
EDUC,2004-09-28,6.55,6.55,6.445,6.525
EDUC,2004-09-29,6.5,6.55,6.275,6.325
EDUC,2004-09-30,6.35,6.5,6.35,6.385
EDUC,2004-10-01,6.7,6.7,6.35,6.48
EDUC,2004-10-04,6.51,6.7,6.5,6.7
EDUC,2004-10-05,6.7,6.7,6.48,6.6
EDUC,2004-10-06,6.595,6.6,6.595,6.6
EDUC,2004-10-07,6.59,6.625,6.48,6.595
EDUC,2004-10-08,6.67,6.67,6.535,6.54
EDUC,2004-10-11,6.67,6.85,6.535,6.745
EDUC,2004-10-12,6.75,6.795,6.64,6.64
EDUC,2004-10-13,6.745,6.79,6.48,6.525
EDUC,2004-10-14,6.625,6.775,6.51,6.645
EDUC,2004-10-15,6.59,6.625,6.425,6.535
EDUC,2004-10-18,6.5,6.51,6.425,6.48
EDUC,2004-10-19,6.6,6.6,6.455,6.56
EDUC,2004-10-20,6.535,6.7,6.475,6.51
EDUC,2004-10-21,6.505,6.59,6.475,6.58
EDUC,2004-10-22,6.7,6.7,6.455,6.455
EDUC,2004-10-25,6.56,6.56,6.4,6.53
EDUC,2004-10-26,6.5,6.5,5.77,5.905
EDUC,2004-10-27,5.79,6.08,5.575,5.64
EDUC,2004-10-28,5.5,5.525,5.0,5.0
EDUC,2004-10-29,5.015,5.495,5.0,5.225
EDUC,2004-11-01,5.0,5.06,5.0,5.0
EDUC,2004-11-02,5.0,5.035,5.0,5.0
EDUC,2004-11-03,5.115,5.15,5.1,5.11
EDUC,2004-11-04,5.105,5.225,5.105,5.125
EDUC,2004-11-05,5.125,5.22,5.125,5.13
EDUC,2004-11-08,5.125,5.16,5.095,5.125
EDUC,2004-11-09,5.005,5.12,4.85,5.04
EDUC,2004-11-10,5.0,5.095,5.0,5.095
EDUC,2004-11-11,5.09,5.195,5.09,5.195
EDUC,2004-11-12,5.16,5.215,5.16,5.215
EDUC,2004-11-15,5.22,5.22,5.16,5.165
EDUC,2004-11-16,5.16,5.195,5.16,5.195
EDUC,2004-11-17,5.16,5.22,5.075,5.09
EDUC,2004-11-18,5.075,5.22,5.075,5.2
EDUC,2004-11-19,5.195,5.195,5.15,5.15
EDUC,2004-11-22,5.08,5.175,5.08,5.08
EDUC,2004-11-23,5.08,5.08,5.08,5.08
EDUC,2004-11-24,5.085,5.135,5.085,5.135
EDUC,2004-11-26,5.11,5.16,5.11,5.11
EDUC,2004-11-29,5.11,5.155,5.11,5.12
EDUC,2004-11-30,5.11,5.145,5.11,5.11
EDUC,2004-12-01,5.11,5.19,5.11,5.19
EDUC,2004-12-02,5.195,5.195,5.125,5.125
EDUC,2004-12-03,5.125,5.165,5.125,5.15
EDUC,2004-12-06,5.15,5.19,5.09,5.1
EDUC,2004-12-07,5.1,5.1,5.05,5.055
EDUC,2004-12-08,5.055,5.08,5.02,5.03
EDUC,2004-12-09,5.03,5.085,5.03,5.04
EDUC,2004-12-10,5.04,5.09,5.04,5.04
EDUC,2004-12-13,5.04,5.09,5.04,5.08
EDUC,2004-12-14,5.04,5.085,5.04,5.045
EDUC,2004-12-15,5.04,5.08,5.04,5.045
EDUC,2004-12-16,5.045,5.15,5.04,5.075
EDUC,2004-12-17,5.06,5.1,5.06,5.085
EDUC,2004-12-20,5.08,5.125,5.075,5.075
EDUC,2004-12-21,5.15,5.15,5.1,5.115
EDUC,2004-12-22,5.13,5.13,5.105,5.13
EDUC,2004-12-23,5.135,5.2,5.135,5.16
EDUC,2004-12-27,5.195,5.305,5.1,5.23
EDUC,2004-12-28,5.2,5.2,5.105,5.14
EDUC,2004-12-29,5.15,5.15,5.105,5.105
EDUC,2004-12-30,5.15,5.175,5.105,5.105
EDUC,2004-12-31,5.05,5.22,5.05,5.155
EDUC,2005-01-03,5.155,5.155,5.15,5.15
EDUC,2005-01-04,5.15,5.15,5.05,5.05
EDUC,2005-01-05,5.22,5.22,5.05,5.05
EDUC,2005-01-06,5.025,5.125,5.025,5.035
EDUC,2005-01-07,5.05,5.125,5.05,5.1
EDUC,2005-01-10,5.1,5.15,5.1,5.115
EDUC,2005-01-11,5.13,5.22,5.12,5.22
EDUC,2005-01-12,5.13,5.13,5.125,5.125
EDUC,2005-01-13,5.225,5.425,5.2,5.2
EDUC,2005-01-14,5.185,5.185,5.08,5.08
EDUC,2005-01-18,5.06,5.125,5.06,5.07
EDUC,2005-01-19,5.085,5.085,5.075,5.075
EDUC,2005-01-20,5.07,5.075,5.07,5.075
EDUC,2005-01-21,5.05,5.05,5.025,5.05
EDUC,2005-01-24,5.045,5.095,5.045,5.09
EDUC,2005-01-25,5.065,5.125,5.065,5.125
EDUC,2005-01-26,5.09,5.125,5.09,5.09
EDUC,2005-01-27,5.075,5.125,5.07,5.115
EDUC,2005-01-28,5.08,5.115,5.08,5.115
EDUC,2005-01-31,5.05,5.05,5.05,5.05
EDUC,2005-02-01,5.13,5.905,5.13,5.415
EDUC,2005-02-02,5.265,5.265,5.075,5.075
EDUC,2005-02-03,5.23,5.325,5.15,5.325
EDUC,2005-02-04,5.27,5.27,5.15,5.175
EDUC,2005-02-07,5.14,5.325,5.14,5.325
EDUC,2005-02-08,5.155,5.155,5.155,5.155
EDUC,2005-02-09,5.19,5.25,5.15,5.25
EDUC,2005-02-10,5.275,5.4,5.19,5.305
EDUC,2005-02-11,5.495,5.495,5.245,5.245
EDUC,2005-02-14,5.2,5.285,5.075,5.24
EDUC,2005-02-15,5.185,5.39,5.185,5.275
EDUC,2005-02-16,5.275,5.275,5.275,5.275
EDUC,2005-02-17,5.27,5.275,5.225,5.235
EDUC,2005-02-18,5.245,5.275,5.245,5.26
EDUC,2005-02-22,5.155,5.25,5.155,5.25
EDUC,2005-02-23,5.305,5.45,5.305,5.355
EDUC,2005-02-24,5.125,5.25,5.125,5.25
EDUC,2005-02-25,2.6648,2.6929,2.6562,2.6675
EDUC,2005-02-28,2.5996,2.7217,2.5854,2.614
EDUC,2005-03-01,2.6532,2.7385,2.6532,2.6532
EDUC,2005-03-02,2.679,2.7385,2.679,2.6961
EDUC,2005-03-03,2.6449,2.7128,2.6251,2.6875
EDUC,2005-03-04,2.7243,2.7243,2.5655,2.6394
EDUC,2005-03-07,2.5771,2.71,2.5771,2.6024
EDUC,2005-03-08,2.614,2.614,2.6053,2.6081
EDUC,2005-03-09,2.6279,2.6593,2.6053,2.6081
EDUC,2005-03-10,2.6194,2.6194,2.614,2.614
EDUC,2005-03-11,2.6167,2.6194,2.614,2.614
EDUC,2005-03-14,2.6053,2.6053,2.6053,2.6053
EDUC,2005-03-15,2.6167,2.6307,2.614,2.614
EDUC,2005-03-16,2.6194,2.6194,2.6194,2.6194
EDUC,2005-03-17,2.6194,2.6307,2.614,2.614
EDUC,2005-03-18,2.6194,2.7611,2.6194,2.7611
EDUC,2005-03-21,2.6449,2.6532,2.6394,2.6394
EDUC,2005-03-22,2.6024,2.6053,2.6024,2.6024
EDUC,2005-03-23,2.6365,2.6394,2.6365,2.6394
EDUC,2005-03-24,2.6394,2.6449,2.6394,2.6449
EDUC,2005-03-28,2.6024,2.6365,2.6024,2.6365
EDUC,2005-03-29,2.6421,2.6532,2.6394,2.6394
EDUC,2005-03-30,2.6024,2.6762,2.6024,2.6024
EDUC,2005-03-31,2.6532,2.6532,2.6394,2.6394
EDUC,2005-04-01,2.6648,2.6648,2.6223,2.6223
EDUC,2005-04-04,2.5912,2.5996,2.5912,2.5996
EDUC,2005-04-05,2.5514,2.5771,2.5514,2.5771
EDUC,2005-04-06,2.5713,2.5713,2.5544,2.5544
EDUC,2005-04-07,2.5514,2.5514,2.5401,2.5401
EDUC,2005-04-08,2.5401,2.5514,2.5261,2.5514
EDUC,2005-04-11,2.5514,2.5771,2.5514,2.5514
EDUC,2005-04-12,2.5514,2.6024,2.5261,2.6024
EDUC,2005-04-13,2.5401,2.5401,2.529,2.529
EDUC,2005-04-14,5.03,5.03,5.03,5.03
EDUC,2005-04-15,2.5261,2.5912,2.5261,2.5912
EDUC,2005-04-18,2.5771,2.5912,2.5571,2.5571
EDUC,2005-04-19,2.5912,2.5912,2.5912,2.5912
EDUC,2005-04-20,5.15,5.15,5.15,5.15
EDUC,2005-04-21,2.5912,2.5912,2.5401,2.5912
EDUC,2005-04-22,2.5912,2.614,2.5912,2.614
EDUC,2005-04-25,2.5178,2.5912,2.5178,2.5401
EDUC,2005-04-26,2.5514,2.5514,2.5514,2.5514
EDUC,2005-04-27,2.5742,2.5742,2.5514,2.5742
EDUC,2005-04-28,2.5742,2.5742,2.5514,2.5514
EDUC,2005-04-29,2.5771,2.6593,2.5771,2.5912
EDUC,2005-05-02,2.6562,2.6648,2.5912,2.6648
EDUC,2005-05-03,2.5261,2.6648,2.5261,2.6648
EDUC,2005-05-04,2.5912,2.6593,2.5912,2.6593
EDUC,2005-05-05,2.6449,2.6476,2.6394,2.6394
EDUC,2005-05-06,2.5854,2.5912,2.5854,2.5912
EDUC,2005-05-09,2.6648,2.6675,2.614,2.6562
EDUC,2005-05-10,2.5514,2.6365,2.5514,2.6024
EDUC,2005-05-11,5.175,5.175,5.175,5.175
EDUC,2005-05-12,2.5514,2.6024,2.5514,2.6024
EDUC,2005-05-13,2.7923,2.7923,2.7046,2.7046
EDUC,2005-05-16,2.5514,2.6394,2.5514,2.5544
EDUC,2005-05-17,2.6024,2.6476,2.5912,2.6394
EDUC,2005-05-18,2.6279,2.6509,2.6279,2.6509
EDUC,2005-05-19,2.6476,2.6509,2.6394,2.6509
EDUC,2005-05-20,2.546,2.6509,2.546,2.5487
EDUC,2005-05-23,5.07,5.07,5.07,5.07
EDUC,2005-05-24,2.6421,2.6421,2.6279,2.6279
EDUC,2005-05-25,2.6167,2.6167,2.614,2.614
EDUC,2005-05-26,2.614,2.614,2.614,2.614
EDUC,2005-05-27,2.614,2.6167,2.614,2.6167
EDUC,2005-05-31,2.5261,2.5401,2.5261,2.5401
EDUC,2005-06-01,2.6167,2.6167,2.6167,2.6167
EDUC,2005-06-02,5.205,5.205,5.205,5.205
EDUC,2005-06-03,2.5343,2.5882,2.5343,2.5401
EDUC,2005-06-06,2.5544,2.5771,2.5544,2.5771
EDUC,2005-06-07,2.6194,2.6194,2.5514,2.5514
EDUC,2005-06-08,2.5742,2.5854,2.5742,2.5771
EDUC,2005-06-09,2.5601,2.5655,2.5601,2.5601
EDUC,2005-06-10,2.5685,2.5854,2.5514,2.5854
EDUC,2005-06-13,2.6081,2.6081,2.5771,2.5771
EDUC,2005-06-14,2.5514,2.5544,2.5514,2.5544
EDUC,2005-06-15,2.5514,2.614,2.5514,2.614
EDUC,2005-06-16,2.5514,2.5655,2.5514,2.5544
EDUC,2005-06-17,2.5544,2.5571,2.5428,2.546
EDUC,2005-06-20,2.5601,2.614,2.5514,2.614
EDUC,2005-06-21,2.614,2.614,2.6024,2.6024
EDUC,2005-06-22,2.6053,2.6194,2.5996,2.6194
EDUC,2005-06-23,2.6167,2.6194,2.6081,2.6194
EDUC,2005-06-24,2.5655,2.6194,2.5655,2.6194
EDUC,2005-06-27,2.5655,2.5771,2.5655,2.5771
EDUC,2005-06-28,2.6024,2.6024,2.5771,2.5771
EDUC,2005-06-29,2.6223,2.6394,2.6053,2.6394
EDUC,2005-06-30,2.6024,2.6394,2.5771,2.5799
EDUC,2005-07-01,2.5655,2.5655,2.5655,2.5655
EDUC,2005-07-05,2.7046,2.7046,2.5912,2.6024
EDUC,2005-07-06,5.175,5.175,5.175,5.175
EDUC,2005-07-07,5.175,5.175,5.175,5.175
EDUC,2005-07-08,2.5799,2.5799,2.5571,2.5571
EDUC,2005-07-11,2.5742,2.5742,2.5629,2.5629
EDUC,2005-07-12,2.5629,2.5685,2.5544,2.5544
EDUC,2005-07-13,2.5601,2.5601,2.5601,2.5601
EDUC,2005-07-14,2.5601,2.5912,2.5601,2.5912
EDUC,2005-07-15,5.15,5.15,5.15,5.15
EDUC,2005-07-18,2.614,2.6394,2.5685,2.5685
EDUC,2005-07-19,2.5771,2.6024,2.5771,2.5969
EDUC,2005-07-20,2.6394,2.6394,2.6223,2.6251
EDUC,2005-07-21,5.22,5.22,5.22,5.22
EDUC,2005-07-22,2.614,2.6167,2.614,2.614
EDUC,2005-07-25,2.5771,2.6421,2.5771,2.614
EDUC,2005-07-26,2.6648,2.6648,2.6167,2.6167
EDUC,2005-07-27,2.614,2.614,2.614,2.614
EDUC,2005-07-28,2.614,2.614,2.614,2.614
EDUC,2005-07-29,2.5261,2.5996,2.5261,2.5996
EDUC,2005-08-01,2.5828,2.5828,2.5828,2.5828
EDUC,2005-08-02,2.5771,2.5882,2.5655,2.5655
EDUC,2005-08-03,2.5771,2.5771,2.5655,2.5655
EDUC,2005-08-04,2.5771,2.5771,2.5655,2.5655
EDUC,2005-08-05,2.5655,2.5685,2.5655,2.5685
EDUC,2005-08-08,2.5685,2.5713,2.5685,2.5713
EDUC,2005-08-09,2.5771,2.5882,2.5771,2.5799
EDUC,2005-08-10,2.5771,2.5799,2.5771,2.5799
EDUC,2005-08-11,2.5771,2.5912,2.5771,2.5771
EDUC,2005-08-12,2.6024,2.6024,2.5799,2.5799
EDUC,2005-08-15,2.6279,2.6279,2.6167,2.6279
EDUC,2005-08-16,2.5771,2.5771,2.5771,2.5771
EDUC,2005-08-17,2.5912,2.5912,2.5799,2.5799
EDUC,2005-08-18,2.5771,2.5912,2.5771,2.5799
EDUC,2005-08-19,5.13,5.13,5.13,5.13
EDUC,2005-08-22,2.5685,2.6648,2.5375,2.6394
EDUC,2005-08-23,2.6394,2.6394,2.6223,2.6223
EDUC,2005-08-24,5.215,5.215,5.215,5.215
EDUC,2005-08-25,2.6365,2.6648,2.6336,2.6648
EDUC,2005-08-26,2.6648,2.6675,2.6648,2.6675
EDUC,2005-08-29,2.5912,2.6053,2.5912,2.6024
EDUC,2005-08-30,2.6024,2.6024,2.6024,2.6024
EDUC,2005-08-31,2.5178,2.529,2.5147,2.5261
EDUC,2005-09-01,2.4385,2.5401,2.4385,2.5401
EDUC,2005-09-02,2.5147,2.5147,2.5147,2.5147
EDUC,2005-09-06,2.478,2.478,2.478,2.478
EDUC,2005-09-07,2.5147,2.546,2.5147,2.546
EDUC,2005-09-08,2.5655,2.5655,2.4664,2.4664
EDUC,2005-09-09,2.4664,2.4664,2.427,2.427
EDUC,2005-09-12,2.4976,2.4976,2.4014,2.4014
EDUC,2005-09-13,2.3392,2.41,2.2119,2.2371
EDUC,2005-09-14,2.1492,2.3193,2.1492,2.2824
EDUC,2005-09-15,2.288,2.3505,2.288,2.3505
EDUC,2005-09-16,2.3025,2.3677,2.3025,2.3136
EDUC,2005-09-19,2.3164,2.3251,2.3164,2.3251
EDUC,2005-09-20,2.3757,2.39,2.373,2.373
EDUC,2005-09-21,2.3277,2.4043,2.3277,2.4043
EDUC,2005-09-22,2.4014,2.4014,2.3392,2.3392
EDUC,2005-09-23,2.3305,2.3505,2.2657,2.3164
EDUC,2005-09-26,2.2657,2.3136,2.2657,2.3136
EDUC,2005-09-27,2.3136,2.3251,2.3136,2.3136
EDUC,2005-09-28,2.3136,2.3222,2.2768,2.3222
EDUC,2005-09-29,2.3136,2.3136,2.3136,2.3136
EDUC,2005-09-30,2.3417,2.3417,2.3417,2.3417
EDUC,2005-10-03,2.3164,2.3532,2.3164,2.3532
EDUC,2005-10-04,2.3646,2.3646,2.3617,2.3617
EDUC,2005-10-05,4.695,4.695,4.695,4.695
EDUC,2005-10-06,2.3335,2.3335,2.3025,2.3025
EDUC,2005-10-07,2.2909,2.2909,2.2909,2.2909
EDUC,2005-10-10,2.3136,2.3136,2.3136,2.3136
EDUC,2005-10-11,4.6,4.6,4.6,4.6
EDUC,2005-10-12,2.2996,2.3136,2.2996,2.3109
EDUC,2005-10-13,4.595,4.595,4.595,4.595
EDUC,2005-10-14,2.2287,2.2287,2.226,2.226
EDUC,2005-10-17,2.3025,2.3025,2.2657,2.2657
EDUC,2005-10-18,2.2626,2.2626,2.2173,2.2287
EDUC,2005-10-19,2.2004,2.2004,2.2004,2.2004
EDUC,2005-10-20,2.1976,2.1976,2.0759,2.124
EDUC,2005-10-21,2.0558,2.1269,2.0558,2.1269
EDUC,2005-10-24,2.1492,2.1634,2.1492,2.1634
EDUC,2005-10-25,4.3,4.3,4.3,4.3
EDUC,2005-10-26,2.1381,2.1381,2.0983,2.0983
EDUC,2005-10-27,2.0503,2.0532,2.0134,2.0532
EDUC,2005-10-28,2.0107,2.0417,1.9626,2.0417
EDUC,2005-10-31,2.0503,2.0646,2.0503,2.0646
EDUC,2005-11-01,1.9427,2.0532,1.9427,2.0532
EDUC,2005-11-02,1.94,2.07,1.937,2.07
EDUC,2005-11-03,2.0134,2.0276,2.0107,2.0134
EDUC,2005-11-04,1.9512,1.9992,1.9512,1.9992
EDUC,2005-11-07,1.9992,2.0615,1.9992,2.0615
EDUC,2005-11-08,2.1211,2.1211,2.0646,2.0646
EDUC,2005-11-09,2.0759,2.0983,2.0759,2.0983
EDUC,2005-11-10,2.0983,2.0983,2.0983,2.0983
EDUC,2005-11-11,2.1124,2.1124,2.0759,2.0759
EDUC,2005-11-14,2.0759,2.124,2.0759,2.0759
EDUC,2005-11-15,2.0759,2.135,2.0759,2.1182
EDUC,2005-11-16,2.1211,2.1211,2.0615,2.0983
EDUC,2005-11-17,2.1013,2.1381,2.0276,2.0276
EDUC,2005-11-18,2.0276,2.1609,2.0249,2.0249
EDUC,2005-11-21,2.0588,2.0588,2.0588,2.0588
EDUC,2005-11-22,2.0249,2.1269,1.9539,2.1269
EDUC,2005-11-23,2.0305,2.1211,2.0305,2.1013
EDUC,2005-11-25,4.18,4.18,4.18,4.18
EDUC,2005-11-28,2.0983,2.0983,2.0362,2.0983
EDUC,2005-11-29,1.9654,2.2088,1.9654,2.0759
EDUC,2005-11-30,2.135,2.135,2.0873,2.135
EDUC,2005-12-01,2.0476,2.135,2.0476,2.0956
EDUC,2005-12-02,2.0615,2.1381,2.0615,2.1381
EDUC,2005-12-05,2.0532,2.1381,2.0532,2.0588
EDUC,2005-12-06,2.0615,2.135,2.0532,2.0615
EDUC,2005-12-07,2.0759,2.0759,2.0759,2.0759
EDUC,2005-12-08,2.0615,2.135,2.0615,2.0813
EDUC,2005-12-09,2.0785,2.0785,2.0785,2.0785
EDUC,2005-12-12,2.1211,2.1211,1.9765,2.0107
EDUC,2005-12-13,2.0417,2.1211,2.0417,2.1182
EDUC,2005-12-14,2.0444,2.0615,2.0417,2.0417
EDUC,2005-12-15,2.0588,2.0588,2.0588,2.0588
EDUC,2005-12-16,2.0759,2.0759,2.0759,2.0759
EDUC,2005-12-19,2.0873,2.0873,2.0759,2.0759
EDUC,2005-12-20,2.1211,2.1211,2.1211,2.1211
EDUC,2005-12-21,2.0417,2.0615,2.0107,2.0362
EDUC,2005-12-22,2.0759,2.0759,1.9852,2.0107
EDUC,2005-12-23,1.9626,2.0107,1.9626,2.0107
EDUC,2005-12-27,1.9739,1.9739,1.9739,1.9739
EDUC,2005-12-28,2.0107,2.0558,2.0107,2.0305
EDUC,2005-12-29,1.9852,2.135,1.9852,2.135
EDUC,2005-12-30,1.9906,2.0362,1.9906,2.0362
EDUC,2006-01-03,2.1409,2.1523,2.073,2.1381
EDUC,2006-01-04,2.1211,2.1381,2.0558,2.1381
EDUC,2006-01-05,4.25,4.25,4.25,4.25
EDUC,2006-01-06,4.25,4.25,4.25,4.25
EDUC,2006-01-09,2.0392,2.1492,2.0392,2.1124
EDUC,2006-01-10,2.0532,2.0532,2.0532,2.0532
EDUC,2006-01-11,2.0503,2.0503,1.8661,2.0107
EDUC,2006-01-12,2.107,2.107,2.0983,2.0983
EDUC,2006-01-13,2.0983,2.0983,2.0107,2.0532
EDUC,2006-01-17,2.0107,2.0873,2.0107,2.0759
EDUC,2006-01-18,2.0107,2.0873,2.0107,2.073
EDUC,2006-01-19,2.0362,2.0615,2.0362,2.0615
EDUC,2006-01-20,2.0134,2.0134,2.0107,2.0107
EDUC,2006-01-23,2.0107,2.0362,2.0077,2.0161
EDUC,2006-01-24,2.0192,2.0532,1.9935,1.9935
EDUC,2006-01-25,1.9852,2.0107,1.9284,2.0107
EDUC,2006-01-26,2.0192,2.0672,2.0192,2.0392
EDUC,2006-01-27,2.073,2.0759,2.073,2.0759
EDUC,2006-01-30,2.0615,2.0615,2.0615,2.0615
EDUC,2006-01-31,2.0672,2.1124,2.0672,2.1124
EDUC,2006-02-01,2.0873,2.155,2.0873,2.155
EDUC,2006-02-02,2.0759,2.0759,2.0759,2.0759
EDUC,2006-02-03,2.0759,2.0759,2.0759,2.0759
EDUC,2006-02-06,2.0249,2.0417,2.0134,2.022
EDUC,2006-02-07,4.02,4.02,4.02,4.02
EDUC,2006-02-08,2.0503,2.0503,2.0077,2.0503
EDUC,2006-02-09,2.0362,2.0362,2.0362,2.0362
EDUC,2006-02-10,2.0077,2.0077,2.0077,2.0077
EDUC,2006-02-13,2.0077,2.0476,2.005,2.0444
EDUC,2006-02-14,2.0444,2.0476,1.9992,1.9992
EDUC,2006-02-15,1.9852,1.9852,1.9852,1.9852
EDUC,2006-02-16,1.9852,1.9852,1.9144,1.9709
EDUC,2006-02-17,1.9199,1.9992,1.886,1.9512
EDUC,2006-02-21,1.9256,1.9343,1.9229,1.9229
EDUC,2006-02-22,1.9256,2.0503,1.9229,1.9826
EDUC,2006-02-23,1.9906,2.0249,1.9906,2.0249
EDUC,2006-02-24,4.025,4.025,4.025,4.025
EDUC,2006-02-27,2.022,2.022,1.9626,2.022
EDUC,2006-02-28,1.9739,2.0249,1.9739,2.0249
EDUC,2006-03-01,2.0476,2.0476,2.0476,2.0476
EDUC,2006-03-02,2.0759,2.0759,2.0276,2.0759
EDUC,2006-03-03,2.0503,2.0615,2.0503,2.0615
EDUC,2006-03-06,2.0134,2.0532,2.0134,2.0532
EDUC,2006-03-07,2.0503,2.0558,2.0503,2.0503
EDUC,2006-03-08,2.0249,2.0362,2.0249,2.0362
EDUC,2006-03-09,2.0362,2.0362,2.0249,2.0249
EDUC,2006-03-10,2.0276,2.0362,2.0249,2.0249
EDUC,2006-03-13,2.0873,2.0873,2.0417,2.0417
EDUC,2006-03-14,2.0249,2.0503,2.0249,2.0249
EDUC,2006-03-15,2.0305,2.226,2.0305,2.0898
EDUC,2006-03-16,2.1381,2.1381,2.1381,2.1381
EDUC,2006-03-17,2.0615,2.0615,2.0305,2.0305
EDUC,2006-03-20,2.0249,2.0759,2.0249,2.0759
EDUC,2006-03-21,2.0759,2.0759,2.0759,2.0759
EDUC,2006-03-22,2.0759,2.0759,2.07,2.07
EDUC,2006-03-23,2.0672,2.0672,2.0249,2.0249
EDUC,2006-03-24,2.033,2.033,2.033,2.033
EDUC,2006-03-27,2.0249,2.0249,2.0249,2.0249
EDUC,2006-03-28,4.025,4.025,4.025,4.025
EDUC,2006-03-29,4.025,4.025,4.025,4.025
EDUC,2006-03-30,4.025,4.025,4.025,4.025
EDUC,2006-03-31,4.025,4.025,4.025,4.025
EDUC,2006-04-03,2.0249,2.0249,2.0249,2.0249
EDUC,2006-04-04,2.0276,2.0813,2.0249,2.0813
EDUC,2006-04-05,2.0276,2.0276,2.0276,2.0276
EDUC,2006-04-06,4.03,4.03,4.03,4.03
EDUC,2006-04-07,2.0107,2.0107,1.9992,1.9992
EDUC,2006-04-10,3.975,3.975,3.975,3.975
EDUC,2006-04-11,2.0759,2.0759,2.0249,2.0249
EDUC,2006-04-12,2.0249,2.0249,2.0249,2.0249
EDUC,2006-04-13,2.0785,2.0785,2.0249,2.0249
EDUC,2006-04-17,1.9879,2.0249,1.9879,1.9879
EDUC,2006-04-18,1.9879,1.9879,1.9597,1.9597
EDUC,2006-04-19,1.948,1.948,1.9115,1.9115
EDUC,2006-04-20,1.9115,1.9229,1.9115,1.9115
EDUC,2006-04-21,1.9539,1.9539,1.9144,1.9144
EDUC,2006-04-24,3.805,3.805,3.805,3.805
EDUC,2006-04-25,3.805,3.805,3.805,3.805
EDUC,2006-04-26,2.073,2.073,1.8888,1.8888
EDUC,2006-04-27,1.9654,2.0615,1.9455,1.9992
EDUC,2006-04-28,2.0759,2.0759,1.9256,1.9256
EDUC,2006-05-01,3.83,3.83,3.83,3.83
EDUC,2006-05-02,1.9539,1.9539,1.886,1.8975
EDUC,2006-05-03,1.886,1.9739,1.886,1.8975
EDUC,2006-05-04,3.775,3.775,3.775,3.775
EDUC,2006-05-05,1.8607,1.9739,1.8607,1.9739
EDUC,2006-05-08,1.9626,1.9852,1.886,1.8888
EDUC,2006-05-09,1.948,1.948,1.8915,1.9173
EDUC,2006-05-10,1.8888,1.8945,1.8831,1.8831
EDUC,2006-05-11,1.8236,1.886,1.8236,1.886
EDUC,2006-05-12,1.9343,1.9343,1.8607,1.8607
EDUC,2006-05-15,1.9512,1.9512,1.9512,1.9512
EDUC,2006-05-16,3.88,3.88,3.88,3.88
EDUC,2006-05-17,1.937,1.937,1.9002,1.9002
EDUC,2006-05-18,1.9002,1.9002,1.8607,1.9002
EDUC,2006-05-19,3.78,3.78,3.78,3.78
EDUC,2006-05-22,1.9002,1.9173,1.8945,1.9173
EDUC,2006-05-23,1.9115,1.9115,1.8266,1.8634
EDUC,2006-05-24,1.886,1.886,1.8236,1.8236
EDUC,2006-05-25,1.8266,1.8492,1.7614,1.8295
EDUC,2006-05-26,1.7759,1.7842,1.7614,1.7842
EDUC,2006-05-30,1.7842,1.7842,1.7588,1.7588
EDUC,2006-05-31,1.7245,1.852,1.7245,1.7614
EDUC,2006-06-01,1.7245,1.8747,1.7216,1.8578
EDUC,2006-06-02,1.8436,1.8578,1.8236,1.8236
EDUC,2006-06-05,3.625,3.625,3.625,3.625
EDUC,2006-06-06,1.7614,1.8492,1.7216,1.7216
EDUC,2006-06-07,1.6962,1.7558,1.6962,1.7304
EDUC,2006-06-08,1.7759,1.8094,1.7472,1.7614
EDUC,2006-06-09,1.8181,1.8236,1.8181,1.8236
EDUC,2006-06-12,1.7811,1.821,1.7759,1.821
EDUC,2006-06-13,3.62,3.62,3.62,3.62
EDUC,2006-06-14,1.7759,1.8236,1.764,1.821
EDUC,2006-06-15,3.62,3.62,3.62,3.62
EDUC,2006-06-16,3.62,3.62,3.62,3.62
EDUC,2006-06-19,1.8181,1.8236,1.8124,1.8124
EDUC,2006-06-20,1.7669,1.7669,1.764,1.764
EDUC,2006-06-21,1.764,1.764,1.764,1.764
EDUC,2006-06-22,3.51,3.51,3.51,3.51
EDUC,2006-06-23,1.7842,1.8236,1.7842,1.8236
EDUC,2006-06-26,1.7782,1.8607,1.7782,1.7811
EDUC,2006-06-27,1.7614,1.9826,1.7614,1.9826
EDUC,2006-06-28,1.9852,1.9852,1.8634,1.8634
EDUC,2006-06-29,1.9115,1.9115,1.8378,1.8689
EDUC,2006-06-30,1.8295,1.8295,1.7614,1.8041
EDUC,2006-07-03,3.585,3.585,3.585,3.585
EDUC,2006-07-05,1.787,1.8378,1.7614,1.7614
EDUC,2006-07-06,1.7614,1.7614,1.7614,1.7614
EDUC,2006-07-07,1.7614,1.7614,1.7614,1.7614
EDUC,2006-07-10,3.5,3.5,3.5,3.5
EDUC,2006-07-11,1.7614,1.821,1.7614,1.821
EDUC,2006-07-12,1.7698,1.7729,1.7698,1.7698
EDUC,2006-07-13,1.7698,1.8465,1.7698,1.7923
EDUC,2006-07-14,1.7898,1.7898,1.7614,1.7614
EDUC,2006-07-17,1.7614,1.7842,1.7614,1.7842
EDUC,2006-07-18,1.8041,1.8151,1.7614,1.7614
EDUC,2006-07-19,1.7614,1.7614,1.7614,1.7614
EDUC,2006-07-20,1.7614,1.8436,1.7614,1.8436
EDUC,2006-07-21,1.8805,1.9199,1.8689,1.8747
EDUC,2006-07-24,1.7842,1.7842,1.7614,1.7614
EDUC,2006-07-25,1.8747,1.8747,1.7472,1.8747
EDUC,2006-07-26,1.821,1.821,1.7614,1.7614
EDUC,2006-07-27,1.7614,1.7669,1.7614,1.7669
EDUC,2006-07-28,1.7842,1.7842,1.7472,1.7472
EDUC,2006-07-31,1.7472,1.7472,1.7472,1.7472
EDUC,2006-08-01,1.7472,1.7472,1.6369,1.6962
EDUC,2006-08-02,1.6592,1.6962,1.6592,1.6962
EDUC,2006-08-03,1.7134,1.7614,1.7134,1.7614
EDUC,2006-08-04,3.5,3.5,3.5,3.5
EDUC,2006-08-07,1.6766,1.6766,1.6766,1.6766
EDUC,2006-08-08,3.335,3.335,3.335,3.335
EDUC,2006-08-09,1.6592,1.6592,1.6592,1.6592
EDUC,2006-08-10,1.6592,1.6592,1.6592,1.6592
EDUC,2006-08-11,1.6369,1.7245,1.5348,1.7245
EDUC,2006-08-14,3.43,3.43,3.43,3.43
EDUC,2006-08-15,1.6908,1.6908,1.6592,1.6592
EDUC,2006-08-16,1.5972,1.5999,1.5972,1.5972
EDUC,2006-08-17,1.6369,1.6369,1.6199,1.6199
EDUC,2006-08-18,1.6086,1.6311,1.583,1.6311
EDUC,2006-08-21,1.6086,1.6086,1.6086,1.6086
EDUC,2006-08-22,1.6086,1.6086,1.5348,1.5348
EDUC,2006-08-23,1.7588,1.7588,1.7472,1.7472
EDUC,2006-08-24,1.5747,1.6341,1.5378,1.5688
EDUC,2006-08-25,3.12,3.12,3.12,3.12
EDUC,2006-08-28,1.6059,1.6311,1.6029,1.6311
EDUC,2006-08-29,1.6341,1.6341,1.6341,1.6341
EDUC,2006-08-30,3.25,3.25,3.25,3.25
EDUC,2006-08-31,1.6592,1.6592,1.6592,1.6592
EDUC,2006-09-01,1.6849,1.6849,1.6369,1.6849
EDUC,2006-09-05,1.6849,1.7358,1.6849,1.7358
EDUC,2006-09-06,1.6908,1.6962,1.6908,1.6962
EDUC,2006-09-07,1.6908,1.6908,1.6908,1.6908
EDUC,2006-09-08,1.7103,1.7103,1.7076,1.7076
EDUC,2006-09-11,3.395,3.395,3.395,3.395
EDUC,2006-09-12,1.7216,1.7216,1.7216,1.7216
EDUC,2006-09-13,1.7019,1.7019,1.7019,1.7019
EDUC,2006-09-14,3.385,3.385,3.385,3.385
EDUC,2006-09-15,3.385,3.385,3.385,3.385
EDUC,2006-09-18,3.385,3.385,3.385,3.385
EDUC,2006-09-19,3.385,3.385,3.385,3.385
EDUC,2006-09-20,1.6341,1.7358,1.6341,1.7358
EDUC,2006-09-21,1.7358,1.7499,1.7103,1.7103
EDUC,2006-09-22,3.4,3.4,3.4,3.4
EDUC,2006-09-25,1.7103,1.7103,1.7103,1.7103
EDUC,2006-09-26,1.7558,1.7558,1.7161,1.7161
EDUC,2006-09-27,1.753,1.753,1.753,1.753
EDUC,2006-09-28,1.7134,1.7472,1.7103,1.7358
EDUC,2006-09-29,3.45,3.45,3.45,3.45
EDUC,2006-10-02,1.7103,1.7103,1.7103,1.7103
EDUC,2006-10-03,3.4,3.4,3.4,3.4
EDUC,2006-10-04,1.7103,1.7472,1.7103,1.7472
EDUC,2006-10-05,1.7019,1.8094,1.7019,1.8094
EDUC,2006-10-06,1.8094,1.8747,1.8094,1.8747
EDUC,2006-10-09,1.8236,1.8747,1.8236,1.8747
EDUC,2006-10-10,1.8747,1.8805,1.8747,1.8805
EDUC,2006-10-11,3.74,3.74,3.74,3.74
EDUC,2006-10-12,1.9229,1.9597,1.9229,1.9539
EDUC,2006-10-13,1.8805,1.9626,1.8805,1.9626
EDUC,2006-10-16,3.9,3.9,3.9,3.9
EDUC,2006-10-17,1.937,1.937,1.9173,1.9173
EDUC,2006-10-18,3.81,3.81,3.81,3.81
EDUC,2006-10-19,1.9115,1.9115,1.9115,1.9115
EDUC,2006-10-20,3.8,3.8,3.8,3.8
EDUC,2006-10-23,1.886,1.886,1.8607,1.8607
EDUC,2006-10-24,3.7,3.7,3.7,3.7
EDUC,2006-10-25,1.9057,1.9826,1.852,1.8888
EDUC,2006-10-26,1.8634,1.8634,1.8634,1.8634
EDUC,2006-10-27,1.8492,1.8492,1.8492,1.8492
EDUC,2006-10-30,1.8465,1.8465,1.8465,1.8465
EDUC,2006-10-31,1.8465,1.8547,1.7103,1.7161
EDUC,2006-11-01,1.6819,1.7842,1.6397,1.7558
EDUC,2006-11-02,1.6653,1.6653,1.6625,1.6625
EDUC,2006-11-03,1.8067,1.8067,1.6423,1.6962
EDUC,2006-11-06,1.6592,1.6935,1.6423,1.6423
EDUC,2006-11-07,1.6908,1.7103,1.6369,1.6482
EDUC,2006-11-08,1.5688,1.7446,1.5688,1.6879
EDUC,2006-11-09,3.355,3.355,3.355,3.355
EDUC,2006-11-10,1.7358,1.8094,1.6791,1.7898
EDUC,2006-11-13,1.6935,1.8349,1.6513,1.654
EDUC,2006-11-14,1.6369,1.6908,1.6369,1.6819
EDUC,2006-11-15,3.345,3.345,3.345,3.345
EDUC,2006-11-16,3.345,3.345,3.345,3.345
EDUC,2006-11-17,1.6935,1.7388,1.6935,1.7388
EDUC,2006-11-20,1.7416,1.8151,1.7245,1.7614
EDUC,2006-11-21,1.7729,1.7729,1.6962,1.7103
EDUC,2006-11-22,1.7614,1.7614,1.7614,1.7614
EDUC,2006-11-24,3.5,3.5,3.5,3.5
EDUC,2006-11-27,1.6992,1.7388,1.6992,1.7388
EDUC,2006-11-28,1.6962,1.7358,1.6962,1.7103
EDUC,2006-11-29,1.6962,1.7161,1.6453,1.7076
EDUC,2006-11-30,1.7472,1.7588,1.6849,1.6849
EDUC,2006-12-01,1.6962,1.6962,1.6849,1.6849
EDUC,2006-12-04,1.7216,1.7216,1.654,1.6962
EDUC,2006-12-05,1.6592,1.6935,1.6341,1.6935
EDUC,2006-12-06,1.6935,1.733,1.6935,1.733
EDUC,2006-12-07,3.445,3.445,3.445,3.445
EDUC,2006-12-08,1.6908,1.7134,1.6482,1.6962
EDUC,2006-12-11,3.375,3.375,3.375,3.375
EDUC,2006-12-12,1.6482,1.733,1.6482,1.7216
EDUC,2006-12-13,1.6766,1.787,1.6679,1.7048
EDUC,2006-12-14,3.39,3.39,3.39,3.39
EDUC,2006-12-15,1.6708,1.7245,1.6708,1.7245
EDUC,2006-12-18,3.43,3.43,3.43,3.43
EDUC,2006-12-19,1.6592,1.7923,1.6592,1.7161
EDUC,2006-12-20,3.41,3.41,3.41,3.41
EDUC,2006-12-21,1.6708,1.8236,1.6708,1.8236
EDUC,2006-12-22,1.8236,1.8689,1.8236,1.8689
EDUC,2006-12-26,1.8266,1.8831,1.7983,1.7983
EDUC,2006-12-27,1.7983,1.8578,1.7983,1.8578
EDUC,2006-12-28,1.8012,1.8012,1.8012,1.8012
EDUC,2006-12-29,1.8236,1.8236,1.8236,1.8236
EDUC,2007-01-03,3.625,3.625,3.625,3.625
EDUC,2007-01-04,1.7842,1.7842,1.7499,1.7842
EDUC,2007-01-05,1.7472,1.7698,1.7472,1.7698
EDUC,2007-01-08,1.7161,1.7614,1.7161,1.7614
EDUC,2007-01-09,1.7614,1.7983,1.7614,1.7842
EDUC,2007-01-10,1.7983,1.8094,1.7983,1.8094
EDUC,2007-01-11,1.8409,1.8607,1.8094,1.8094
EDUC,2007-01-12,1.9455,1.9455,1.8547,1.9343
EDUC,2007-01-16,1.948,1.948,1.948,1.948
EDUC,2007-01-17,1.948,1.9566,1.9002,1.9002
EDUC,2007-01-18,1.8266,1.8295,1.7614,1.8295
EDUC,2007-01-19,1.8747,1.9199,1.8747,1.9199
EDUC,2007-01-22,1.9455,1.9455,1.8888,1.8888
EDUC,2007-01-23,1.9343,1.9427,1.9031,1.9427
EDUC,2007-01-24,3.865,3.865,3.865,3.865
EDUC,2007-01-25,1.886,1.886,1.8634,1.8776
EDUC,2007-01-26,1.8323,1.8323,1.8295,1.8295
EDUC,2007-01-29,1.8041,1.9002,1.8041,1.9002
EDUC,2007-01-30,1.8378,1.8378,1.8378,1.8378
EDUC,2007-01-31,1.9455,1.9455,1.9455,1.9455
EDUC,2007-02-01,1.9455,1.9455,1.8689,1.8888
EDUC,2007-02-02,1.9427,1.9826,1.8436,1.8805
EDUC,2007-02-05,1.8634,1.8945,1.8607,1.8915
EDUC,2007-02-06,1.8945,1.8945,1.8915,1.8945
EDUC,2007-02-07,1.9031,1.9031,1.8945,1.8945
EDUC,2007-02-08,1.852,1.8776,1.8266,1.852
EDUC,2007-02-09,1.9284,1.9709,1.9284,1.9709
EDUC,2007-02-12,1.9739,1.9826,1.9739,1.9765
EDUC,2007-02-13,3.93,3.93,3.93,3.93
EDUC,2007-02-14,1.886,1.886,1.886,1.886
EDUC,2007-02-15,1.94,1.94,1.94,1.94
EDUC,2007-02-16,1.9031,1.9739,1.9031,1.9512
EDUC,2007-02-20,1.94,1.9765,1.937,1.9765
EDUC,2007-02-21,3.93,3.93,3.93,3.93
EDUC,2007-02-22,1.9144,1.9682,1.9144,1.9682
EDUC,2007-02-23,1.9794,1.9794,1.9539,1.9765
EDUC,2007-02-26,1.94,1.94,1.94,1.94
EDUC,2007-02-27,1.9229,1.9284,1.9229,1.9284
EDUC,2007-02-28,1.9229,1.9313,1.9229,1.9256
EDUC,2007-03-01,3.83,3.83,3.83,3.83
EDUC,2007-03-02,1.9229,1.9229,1.9229,1.9229
EDUC,2007-03-05,1.9566,1.9566,1.9566,1.9566
EDUC,2007-03-06,1.9597,1.9626,1.937,1.937
EDUC,2007-03-07,1.9229,1.9626,1.9229,1.9313
EDUC,2007-03-08,2.1578,2.1578,1.9256,1.9826
EDUC,2007-03-09,1.94,1.94,1.937,1.937
EDUC,2007-03-12,1.937,1.9852,1.9313,1.9512
EDUC,2007-03-13,1.9597,1.9597,1.886,1.886
EDUC,2007-03-14,1.886,1.9199,1.886,1.9115
EDUC,2007-03-15,1.9199,1.9826,1.9199,1.948
EDUC,2007-03-16,1.94,1.9739,1.937,1.948
EDUC,2007-03-19,1.9765,2.0077,1.948,2.0077
EDUC,2007-03-20,2.0077,2.0107,1.9852,1.9852
EDUC,2007-03-21,1.9709,1.9709,1.9626,1.9626
EDUC,2007-03-22,1.9966,2.0134,1.9966,2.0134
EDUC,2007-03-23,1.9765,2.0588,1.9765,1.9765
EDUC,2007-03-26,2.0362,2.0362,1.9626,1.9626
EDUC,2007-03-27,1.9626,2.0532,1.9626,2.0305
EDUC,2007-03-28,2.0077,2.0077,1.9512,1.9852
EDUC,2007-03-29,1.9852,2.0249,1.9852,2.0249
EDUC,2007-03-30,2.0444,2.0444,1.9626,1.9626
EDUC,2007-04-02,3.905,3.905,3.905,3.905
EDUC,2007-04-03,2.0023,2.0077,1.9906,1.9906
EDUC,2007-04-04,2.033,2.033,2.0305,2.033
EDUC,2007-04-05,1.9852,2.0077,1.9626,2.0077
EDUC,2007-04-09,1.9739,1.9739,1.9739,1.9739
EDUC,2007-04-10,1.9739,1.9794,1.9739,1.9794
EDUC,2007-04-11,1.9626,1.9654,1.9626,1.9654
EDUC,2007-04-12,1.9935,1.9935,1.9709,1.9739
EDUC,2007-04-13,1.9682,1.9966,1.9682,1.9682
EDUC,2007-04-16,3.915,3.915,3.915,3.915
EDUC,2007-04-17,1.948,1.9597,1.948,1.9597
EDUC,2007-04-18,1.948,1.948,1.9229,1.9229
EDUC,2007-04-19,1.9709,1.9709,1.94,1.94
EDUC,2007-04-20,1.9115,1.9992,1.9115,1.9966
EDUC,2007-04-23,1.9597,1.9852,1.9512,1.9852
EDUC,2007-04-24,3.95,3.95,3.95,3.95
EDUC,2007-04-25,1.9626,2.0476,1.948,2.0476
EDUC,2007-04-26,1.9852,2.0077,1.948,2.0077
EDUC,2007-04-27,1.9427,1.9512,1.94,1.948
EDUC,2007-04-30,1.9966,1.9992,1.9427,1.9992
EDUC,2007-05-01,3.975,3.975,3.975,3.975
EDUC,2007-05-02,1.9906,1.9906,1.9512,1.9512
EDUC,2007-05-03,1.8607,1.9566,1.8607,1.9566
EDUC,2007-05-04,1.8547,1.886,1.8409,1.886
EDUC,2007-05-07,1.8888,1.8888,1.8067,1.8634
EDUC,2007-05-08,1.8094,1.8915,1.8094,1.8915
EDUC,2007-05-09,3.76,3.76,3.76,3.76
EDUC,2007-05-10,1.8378,1.9427,1.8378,1.9427
EDUC,2007-05-11,2.0107,2.0362,1.9566,1.9566
EDUC,2007-05-14,1.9088,2.0417,1.9088,2.0305
EDUC,2007-05-15,2.0558,2.0558,2.0134,2.0532
EDUC,2007-05-16,4.085,4.085,4.085,4.085
EDUC,2007-05-17,2.0476,2.0503,2.0476,2.0503
EDUC,2007-05-18,2.0615,2.0615,1.9739,1.9739
EDUC,2007-05-21,1.9739,2.022,1.937,2.0107
EDUC,2007-05-22,1.9794,2.0615,1.9794,2.0615
EDUC,2007-05-23,2.0077,2.0759,2.0077,2.0759
EDUC,2007-05-24,2.0759,2.0759,2.0192,2.0192
EDUC,2007-05-25,1.9654,2.0759,1.9654,2.0672
EDUC,2007-05-29,2.005,2.0759,2.005,2.0759
EDUC,2007-05-30,2.0134,2.0503,2.0077,2.0503
EDUC,2007-05-31,2.0588,2.0615,2.0588,2.0615
EDUC,2007-06-01,4.1,4.1,4.1,4.1
EDUC,2007-06-04,2.0759,2.0759,2.0759,2.0759
EDUC,2007-06-05,1.9879,1.9879,1.9879,1.9879
EDUC,2007-06-06,1.9852,2.0077,1.9626,2.0077
EDUC,2007-06-07,2.0077,2.0077,2.0077,2.0077
EDUC,2007-06-08,2.0759,2.1211,2.0759,2.1211
EDUC,2007-06-11,2.0532,2.0588,2.0532,2.0588
EDUC,2007-06-12,4.095,4.095,4.095,4.095
EDUC,2007-06-13,2.0305,2.0305,2.0305,2.0305
EDUC,2007-06-14,2.0023,2.0107,1.9427,1.9427
EDUC,2007-06-15,2.0077,2.0077,1.94,1.94
EDUC,2007-06-18,1.9455,1.9992,1.9455,1.9992
EDUC,2007-06-19,1.9427,2.0503,1.9427,2.0503
EDUC,2007-06-20,1.9879,2.0362,1.9539,2.0305
EDUC,2007-06-21,2.0588,2.0588,2.0558,2.0588
EDUC,2007-06-22,1.948,2.022,1.948,1.9539
EDUC,2007-06-25,2.033,2.033,1.9709,1.9709
EDUC,2007-06-26,2.033,2.0417,2.0107,2.0107
EDUC,2007-06-27,2.0476,2.0588,1.9455,2.005
EDUC,2007-06-28,1.9539,2.0532,1.9539,1.9992
EDUC,2007-06-29,1.9992,1.9992,1.9966,1.9966
EDUC,2007-07-02,1.9427,2.0362,1.9427,1.948
EDUC,2007-07-03,3.875,3.875,3.875,3.875
EDUC,2007-07-05,3.875,3.875,3.875,3.875
EDUC,2007-07-06,1.8915,1.9597,1.8915,1.937
EDUC,2007-07-09,1.8945,1.9343,1.886,1.886
EDUC,2007-07-10,1.8349,1.872,1.8067,1.872
EDUC,2007-07-11,1.8661,1.9313,1.8661,1.9313
EDUC,2007-07-12,1.886,1.9343,1.886,1.9343
EDUC,2007-07-13,1.937,2.0107,1.937,2.0107
EDUC,2007-07-16,2.0107,2.0107,2.0107,2.0107
EDUC,2007-07-17,1.94,2.0077,1.94,2.0077
EDUC,2007-07-18,3.995,3.995,3.995,3.995
EDUC,2007-07-19,1.9512,1.9512,1.9512,1.9512
EDUC,2007-07-20,2.0107,2.0107,2.0077,2.0077
EDUC,2007-07-23,2.0249,2.0444,2.0249,2.0444
EDUC,2007-07-24,2.0107,2.0107,1.8323,1.8436
EDUC,2007-07-25,1.7842,1.7983,1.7842,1.7983
EDUC,2007-07-26,1.7983,1.7983,1.7842,1.7842
EDUC,2007-07-27,1.7191,1.7614,1.6908,1.7614
EDUC,2007-07-30,1.6849,1.7191,1.6849,1.7191
EDUC,2007-07-31,1.7588,1.7588,1.6766,1.6766
EDUC,2007-08-01,1.7388,1.7388,1.7388,1.7388
EDUC,2007-08-02,1.6482,1.733,1.6482,1.733
EDUC,2007-08-03,3.445,3.445,3.445,3.445
EDUC,2007-08-06,1.7472,1.7472,1.7416,1.7446
EDUC,2007-08-07,1.6369,1.6369,1.6369,1.6369
EDUC,2007-08-08,1.7446,1.7446,1.5151,1.5151
EDUC,2007-08-09,1.5094,1.5094,1.4697,1.4952
EDUC,2007-08-10,1.4697,1.6227,1.4697,1.6199
EDUC,2007-08-13,1.6453,1.6453,1.6453,1.6453
EDUC,2007-08-14,1.6227,1.6679,1.6142,1.6592
EDUC,2007-08-15,1.6341,1.6592,1.6284,1.6592
EDUC,2007-08-16,1.5094,1.5574,1.481,1.4895
EDUC,2007-08-17,1.5209,1.5463,1.5209,1.5209
EDUC,2007-08-20,1.5094,1.9852,1.5094,1.7358
EDUC,2007-08-21,1.6962,1.7954,1.6791,1.7388
EDUC,2007-08-22,1.6791,1.6908,1.6791,1.6908
EDUC,2007-08-23,1.6791,1.6849,1.6791,1.6849
EDUC,2007-08-24,1.6791,1.7614,1.6791,1.6791
EDUC,2007-08-27,1.6791,1.6791,1.6791,1.6791
EDUC,2007-08-28,1.6849,1.6879,1.6679,1.6849
EDUC,2007-08-29,1.6708,1.6708,1.6653,1.6653
EDUC,2007-08-30,1.7161,1.7898,1.5717,1.5717
EDUC,2007-08-31,1.6653,1.6653,1.58,1.6341
EDUC,2007-09-04,1.654,1.6592,1.6199,1.6199
EDUC,2007-09-05,1.6625,1.6625,1.583,1.6397
EDUC,2007-09-06,3.26,3.26,3.26,3.26
EDUC,2007-09-07,1.5574,1.5574,1.5492,1.552
EDUC,2007-09-10,1.5463,1.5605,1.5406,1.5605
EDUC,2007-09-11,1.6453,1.6482,1.5378,1.5406
EDUC,2007-09-12,1.6142,1.7614,1.6142,1.6592
EDUC,2007-09-13,1.7191,1.7191,1.7191,1.7191
EDUC,2007-09-14,1.7103,1.7103,1.6564,1.6625
EDUC,2007-09-17,1.7416,1.7416,1.6879,1.6879
EDUC,2007-09-18,1.7954,1.7954,1.6879,1.7729
EDUC,2007-09-19,1.7614,1.7614,1.7614,1.7614
EDUC,2007-09-20,1.6423,1.6423,1.5775,1.5775
EDUC,2007-09-21,1.5717,1.6423,1.5717,1.58
EDUC,2007-09-24,1.6708,1.7019,1.5859,1.5944
EDUC,2007-09-25,1.7103,1.7103,1.5717,1.5747
EDUC,2007-09-26,3.13,3.13,3.13,3.13
EDUC,2007-09-27,3.13,3.13,3.13,3.13
EDUC,2007-09-28,1.6199,1.6653,1.6199,1.6227
EDUC,2007-10-01,1.583,1.6592,1.583,1.6592
EDUC,2007-10-02,1.6592,1.6849,1.6112,1.6766
EDUC,2007-10-03,1.6112,1.6962,1.5914,1.6112
EDUC,2007-10-04,3.205,3.205,3.205,3.205
EDUC,2007-10-05,1.6341,1.6341,1.6341,1.6341
EDUC,2007-10-08,3.25,3.25,3.25,3.25
EDUC,2007-10-09,1.5914,1.5914,1.5914,1.5914
EDUC,2007-10-10,1.6791,1.7499,1.5717,1.5859
EDUC,2007-10-11,1.58,1.58,1.58,1.58
EDUC,2007-10-12,1.6029,1.6029,1.5747,1.583
EDUC,2007-10-15,1.5717,1.5859,1.5717,1.5717
EDUC,2007-10-16,1.6142,1.6142,1.6142,1.6142
EDUC,2007-10-17,1.6086,1.6086,1.5688,1.5688
EDUC,2007-10-18,1.6708,1.6708,1.583,1.583
EDUC,2007-10-19,1.583,1.583,1.5574,1.5574
EDUC,2007-10-22,1.6423,1.6423,1.6423,1.6423
EDUC,2007-10-23,1.6112,1.6112,1.5574,1.5605
EDUC,2007-10-24,1.5632,1.6059,1.5632,1.6059
EDUC,2007-10-25,1.5859,1.5859,1.58,1.58
EDUC,2007-10-26,1.5775,1.5775,1.5717,1.5775
EDUC,2007-10-29,1.6341,1.6341,1.5463,1.5546
EDUC,2007-10-30,1.5717,1.5717,1.5433,1.5433
EDUC,2007-10-31,1.5348,1.5348,1.5321,1.5348
EDUC,2007-11-01,1.5859,1.5859,1.5378,1.5378
EDUC,2007-11-02,1.5209,1.5605,1.5209,1.5348
EDUC,2007-11-05,1.5605,1.5605,1.5406,1.5406
EDUC,2007-11-06,1.5605,1.5605,1.5094,1.5348
EDUC,2007-11-07,1.5123,1.5263,1.5094,1.5263
EDUC,2007-11-08,1.5094,1.5094,1.5094,1.5094
EDUC,2007-11-09,3.0,3.0,3.0,3.0
EDUC,2007-11-12,1.4782,1.4895,1.4782,1.4895
EDUC,2007-11-13,1.5094,1.5094,1.5066,1.5066
EDUC,2007-11-14,1.4868,1.5094,1.4868,1.4952
EDUC,2007-11-15,1.5094,1.5094,1.5094,1.5094
EDUC,2007-11-16,1.5094,1.5348,1.5094,1.5094
EDUC,2007-11-19,1.4868,1.4868,1.4868,1.4868
EDUC,2007-11-20,1.4583,1.4583,1.4583,1.4583
EDUC,2007-11-21,1.5066,1.5066,1.5066,1.5066
EDUC,2007-11-23,1.5066,1.5066,1.5066,1.5066
EDUC,2007-11-26,1.5066,1.5066,1.4583,1.4583
EDUC,2007-11-27,1.4839,1.4839,1.4839,1.4839
EDUC,2007-11-28,1.5094,1.8295,1.4583,1.5094
EDUC,2007-11-29,1.4583,1.4583,1.3339,1.3707
EDUC,2007-11-30,1.3565,1.4075,1.3565,1.3818
EDUC,2007-12-03,1.3818,1.3846,1.3565,1.3818
EDUC,2007-12-04,1.433,1.433,1.3593,1.3818
EDUC,2007-12-05,1.413,1.413,1.3818,1.3818
EDUC,2007-12-06,1.3818,1.4216,1.3818,1.4216
EDUC,2007-12-07,2.825,2.825,2.825,2.825
EDUC,2007-12-10,1.3846,1.4075,1.3818,1.3818
EDUC,2007-12-11,1.4925,1.4925,1.3339,1.3736
EDUC,2007-12-12,1.4642,1.481,1.4075,1.4075
EDUC,2007-12-13,1.3055,1.3736,1.3055,1.3736
EDUC,2007-12-14,1.3339,1.4358,1.314,1.3565
EDUC,2007-12-17,1.4583,1.4583,1.325,1.3707
EDUC,2007-12-18,1.3932,1.3932,1.3451,1.3565
EDUC,2007-12-19,1.4583,1.4583,1.3565,1.3565
EDUC,2007-12-20,1.3565,1.3678,1.3451,1.3621
EDUC,2007-12-21,1.3339,1.3621,1.3339,1.3593
EDUC,2007-12-24,1.4161,1.4161,1.4161,1.4161
EDUC,2007-12-26,1.3818,1.4386,1.3818,1.4386
EDUC,2007-12-27,1.4102,1.4583,1.4102,1.4386
EDUC,2007-12-28,1.3961,1.3961,1.3961,1.3961
EDUC,2007-12-31,1.3451,1.3762,1.3083,1.3762
EDUC,2008-01-02,1.4075,1.4075,1.4075,1.4075
EDUC,2008-01-03,1.4075,1.4075,1.4075,1.4075
EDUC,2008-01-04,2.8,2.8,2.8,2.8
EDUC,2008-01-07,1.4472,1.4472,1.3112,1.3707
EDUC,2008-01-08,1.3196,1.3196,1.3196,1.3196
EDUC,2008-01-09,2.625,2.625,2.625,2.625
EDUC,2008-01-10,1.3196,1.3196,1.3196,1.3196
EDUC,2008-01-11,1.4499,1.4557,1.3818,1.4472
EDUC,2008-01-14,1.4583,1.4583,1.4245,1.4583
EDUC,2008-01-15,1.4583,1.5574,1.4583,1.5574
EDUC,2008-01-16,1.5378,1.5378,1.4583,1.5263
EDUC,2008-01-17,1.4499,1.5066,1.43,1.4925
EDUC,2008-01-18,1.4697,1.4697,1.4161,1.4216
EDUC,2008-01-22,1.4839,1.5574,1.4839,1.5123
EDUC,2008-01-23,1.481,1.481,1.481,1.481
EDUC,2008-01-24,1.4415,1.4583,1.4245,1.4245
EDUC,2008-01-25,1.5914,1.6029,1.4245,1.5094
EDUC,2008-01-28,1.4839,1.4839,1.4839,1.4839
EDUC,2008-01-29,1.583,1.6564,1.4839,1.4839
EDUC,2008-01-30,1.5209,1.5209,1.4614,1.4614
EDUC,2008-01-31,1.583,1.583,1.58,1.58
EDUC,2008-02-01,3.14,3.14,3.14,3.14
EDUC,2008-02-04,1.6029,1.6059,1.6029,1.6059
EDUC,2008-02-05,1.6059,1.6086,1.6059,1.6086
EDUC,2008-02-06,1.6059,1.6059,1.5859,1.5859
EDUC,2008-02-07,1.5632,1.5632,1.5605,1.5605
EDUC,2008-02-08,1.4725,1.6029,1.4725,1.6029
EDUC,2008-02-11,1.4839,1.6029,1.4839,1.6029
EDUC,2008-02-12,1.5574,1.5999,1.5574,1.5605
EDUC,2008-02-13,1.6029,1.6029,1.4952,1.4952
EDUC,2008-02-14,1.4725,1.4725,1.413,1.413
EDUC,2008-02-15,1.43,1.4583,1.4245,1.4472
EDUC,2008-02-19,1.4441,1.4441,1.4441,1.4441
EDUC,2008-02-20,1.4216,1.4697,1.4216,1.4499
EDUC,2008-02-21,1.4472,1.4472,1.3991,1.4245
EDUC,2008-02-22,1.4216,1.4472,1.4021,1.4472
EDUC,2008-02-25,1.4697,1.5348,1.4102,1.433
EDUC,2008-02-26,1.3818,1.433,1.3818,1.433
EDUC,2008-02-27,2.85,2.85,2.85,2.85
EDUC,2008-02-28,1.4075,1.5036,1.4075,1.5036
EDUC,2008-02-29,1.4216,1.498,1.4216,1.433
EDUC,2008-03-03,1.4358,1.4358,1.3878,1.3961
EDUC,2008-03-04,1.3961,1.3961,1.3792,1.3818
EDUC,2008-03-05,2.75,2.75,2.75,2.75
EDUC,2008-03-06,2.75,2.75,2.75,2.75
EDUC,2008-03-07,2.75,2.75,2.75,2.75
EDUC,2008-03-10,1.4216,1.4216,1.4216,1.4216
EDUC,2008-03-11,1.433,1.433,1.433,1.433
EDUC,2008-03-12,1.4274,1.4274,1.413,1.4245
EDUC,2008-03-13,2.835,2.835,2.835,2.835
EDUC,2008-03-14,2.835,2.835,2.835,2.835
EDUC,2008-03-17,1.3846,1.4614,1.3846,1.4614
EDUC,2008-03-18,2.905,2.905,2.905,2.905
EDUC,2008-03-19,2.905,2.905,2.905,2.905
EDUC,2008-03-20,2.905,2.905,2.905,2.905
EDUC,2008-03-24,1.3961,1.43,1.3961,1.43
EDUC,2008-03-25,1.3961,1.43,1.3961,1.43
EDUC,2008-03-26,1.43,1.4358,1.3961,1.4358
EDUC,2008-03-27,1.43,1.43,1.43,1.43
EDUC,2008-03-28,2.845,2.845,2.845,2.845
EDUC,2008-03-31,1.4358,1.5094,1.4358,1.4557
EDUC,2008-04-01,1.4557,1.4583,1.4557,1.4583
EDUC,2008-04-02,1.4557,1.4583,1.4526,1.4526
EDUC,2008-04-03,2.89,2.89,2.89,2.89
EDUC,2008-04-04,1.4472,1.4499,1.4472,1.4499
EDUC,2008-04-07,1.4472,1.4839,1.4358,1.4839
EDUC,2008-04-08,1.4386,1.4386,1.4358,1.4358
EDUC,2008-04-09,1.4415,1.4415,1.4358,1.4358
EDUC,2008-04-10,1.4753,1.4753,1.4358,1.4358
EDUC,2008-04-11,1.433,1.433,1.3991,1.433
EDUC,2008-04-14,1.3991,1.433,1.3736,1.3818
EDUC,2008-04-15,1.3818,1.3818,1.3736,1.3736
EDUC,2008-04-16,1.3394,1.3565,1.3226,1.3226
EDUC,2008-04-17,1.3339,1.3339,1.3226,1.3226
EDUC,2008-04-18,1.3282,1.3565,1.3226,1.3478
EDUC,2008-04-21,1.3565,1.4075,1.3366,1.4075
EDUC,2008-04-22,1.4021,1.4925,1.3565,1.4925
EDUC,2008-04-23,1.4952,1.5036,1.3878,1.4925
EDUC,2008-04-24,2.97,2.97,2.97,2.97
EDUC,2008-04-25,2.97,2.97,2.97,2.97
EDUC,2008-04-28,2.97,2.97,2.97,2.97
EDUC,2008-04-29,1.3678,1.6029,1.3565,1.5999
EDUC,2008-04-30,1.6255,1.6255,1.5348,1.583
EDUC,2008-05-01,1.583,1.6255,1.583,1.6227
EDUC,2008-05-02,3.225,3.225,3.225,3.225
EDUC,2008-05-05,1.5717,1.6255,1.5717,1.6255
EDUC,2008-05-06,1.6227,1.7048,1.6086,1.7048
EDUC,2008-05-07,1.6592,1.7358,1.6592,1.6908
EDUC,2008-05-08,3.315,3.315,3.315,3.315
EDUC,2008-05-09,1.583,1.583,1.583,1.583
EDUC,2008-05-12,1.5492,1.5492,1.5492,1.5492
EDUC,2008-05-13,1.5605,1.5605,1.4386,1.4386
EDUC,2008-05-14,1.5236,1.6482,1.5177,1.5914
EDUC,2008-05-15,1.6169,1.6169,1.58,1.58
EDUC,2008-05-16,1.583,1.583,1.583,1.583
EDUC,2008-05-19,1.6142,1.6142,1.5717,1.583
EDUC,2008-05-20,1.6169,1.6908,1.6169,1.6199
EDUC,2008-05-21,1.6341,1.6341,1.6142,1.6142
EDUC,2008-05-22,3.165,3.165,3.165,3.165
EDUC,2008-05-23,3.165,3.165,3.165,3.165
EDUC,2008-05-27,1.6169,1.6341,1.6169,1.6341
EDUC,2008-05-28,3.2,3.2,3.2,3.2
EDUC,2008-05-29,1.6227,1.6255,1.5036,1.5066
EDUC,2008-05-30,1.4216,1.5406,1.4216,1.5406
EDUC,2008-06-02,1.5605,1.6086,1.5433,1.6086
EDUC,2008-06-03,1.6086,1.6227,1.6086,1.6112
EDUC,2008-06-04,1.6086,1.6086,1.6086,1.6086
EDUC,2008-06-05,3.15,3.15,3.15,3.15
EDUC,2008-06-06,3.15,3.15,3.15,3.15
EDUC,2008-06-09,1.3282,1.58,1.3282,1.58
EDUC,2008-06-10,3.095,3.095,3.095,3.095
EDUC,2008-06-11,1.5546,1.5574,1.5546,1.5574
EDUC,2008-06-12,1.4216,1.4216,1.4216,1.4216
EDUC,2008-06-13,1.5433,1.5463,1.5151,1.5151
EDUC,2008-06-16,1.4161,1.4667,1.413,1.433
EDUC,2008-06-17,1.4188,1.4667,1.4075,1.4557
EDUC,2008-06-18,1.4526,1.4557,1.4044,1.4472
EDUC,2008-06-19,1.3818,1.4583,1.3792,1.4583
EDUC,2008-06-20,1.4952,1.4952,1.433,1.433
EDUC,2008-06-23,2.805,2.805,2.805,2.805
EDUC,2008-06-24,1.433,1.433,1.43,1.433
EDUC,2008-06-25,1.3904,1.3904,1.3904,1.3904
EDUC,2008-06-26,1.3621,1.3621,1.3621,1.3621
EDUC,2008-06-27,1.4868,1.4868,1.331,1.4044
EDUC,2008-06-30,1.3621,1.3792,1.3565,1.3565
EDUC,2008-07-01,1.3818,1.3818,1.3394,1.3394
EDUC,2008-07-02,1.4021,1.5263,1.4021,1.5066
EDUC,2008-07-03,2.95,2.95,2.95,2.95
EDUC,2008-07-07,2.95,2.95,2.95,2.95
EDUC,2008-07-08,1.3792,1.3878,1.3282,1.3508
EDUC,2008-07-09,1.5007,1.5007,1.5007,1.5007
EDUC,2008-07-10,1.3394,1.481,1.3394,1.481
EDUC,2008-07-11,1.3536,1.3536,1.2376,1.2488
EDUC,2008-07-14,1.2773,1.3478,1.2741,1.3282
EDUC,2008-07-15,2.6,2.6,2.6,2.6
EDUC,2008-07-16,1.3282,1.3282,1.3282,1.3282
EDUC,2008-07-17,1.3282,1.3282,1.314,1.314
EDUC,2008-07-18,1.2857,1.43,1.2857,1.43
EDUC,2008-07-21,2.8,2.8,2.8,2.8
EDUC,2008-07-22,1.2886,1.3196,1.2828,1.2828
EDUC,2008-07-23,1.3904,1.3904,1.3196,1.3846
EDUC,2008-07-24,1.3736,1.3792,1.3027,1.3027
EDUC,2008-07-25,1.3027,1.331,1.2886,1.2886
EDUC,2008-07-28,1.3282,1.3394,1.3282,1.3394
EDUC,2008-07-29,1.3027,1.314,1.3027,1.3027
EDUC,2008-07-30,2.55,2.55,2.55,2.55
EDUC,2008-07-31,1.3818,1.3878,1.3027,1.3196
EDUC,2008-08-01,1.3878,1.5007,1.3565,1.3565
EDUC,2008-08-04,1.3818,1.4667,1.3083,1.3621
EDUC,2008-08-05,1.3112,1.4274,1.3112,1.3282
EDUC,2008-08-06,2.6,2.6,2.6,2.6
EDUC,2008-08-07,1.3394,1.3394,1.3226,1.3226
EDUC,2008-08-08,1.3394,1.3394,1.3394,1.3394
EDUC,2008-08-11,1.3593,1.3593,1.3478,1.3478
EDUC,2008-08-12,1.3792,1.3792,1.3565,1.3565
EDUC,2008-08-13,2.655,2.655,2.655,2.655
EDUC,2008-08-14,1.3904,1.3904,1.3282,1.3282
EDUC,2008-08-15,1.4557,1.4557,1.3792,1.3792
EDUC,2008-08-18,1.3565,1.3565,1.3565,1.3565
EDUC,2008-08-19,1.3083,1.3424,1.3083,1.3424
EDUC,2008-08-20,1.3424,1.3478,1.3083,1.3478
EDUC,2008-08-21,1.3282,1.3792,1.314,1.314
EDUC,2008-08-22,1.3508,1.3536,1.3508,1.3536
EDUC,2008-08-25,1.4386,1.4386,1.4386,1.4386
EDUC,2008-08-26,1.4386,1.4642,1.4386,1.4642
EDUC,2008-08-27,1.4075,1.4075,1.3818,1.3991
EDUC,2008-08-28,2.74,2.74,2.74,2.74
EDUC,2008-08-29,1.4021,1.4021,1.3508,1.3508
EDUC,2008-09-02,1.3226,1.413,1.3168,1.4044
EDUC,2008-09-03,2.75,2.75,2.75,2.75
EDUC,2008-09-04,1.3055,1.3055,1.3055,1.3055
EDUC,2008-09-05,1.4044,1.4044,1.4044,1.4044
EDUC,2008-09-08,2.75,2.75,2.75,2.75
EDUC,2008-09-09,1.4044,1.4075,1.4044,1.4044
EDUC,2008-09-10,1.3083,1.4472,1.3027,1.3083
EDUC,2008-09-11,1.3282,1.3282,1.3027,1.3027
EDUC,2008-09-12,1.3394,1.3846,1.2602,1.3846
EDUC,2008-09-15,1.3846,1.3846,1.3846,1.3846
EDUC,2008-09-16,1.2518,1.3878,1.2262,1.2773
EDUC,2008-09-17,1.2206,1.3536,1.1356,1.3282
EDUC,2008-09-18,2.6,2.6,2.6,2.6
EDUC,2008-09-19,1.1498,1.1498,1.1498,1.1498
EDUC,2008-09-22,1.212,1.2914,1.212,1.2914
EDUC,2008-09-23,2.535,2.535,2.535,2.535
EDUC,2008-09-24,1.3366,1.3394,1.3366,1.3366
EDUC,2008-09-25,1.2518,1.2518,1.2518,1.2518
EDUC,2008-09-26,1.2234,1.2262,1.2234,1.2262
EDUC,2008-09-29,1.1866,1.1866,0.9571,1.0448
EDUC,2008-09-30,2.05,2.05,2.05,2.05
EDUC,2008-10-01,1.1612,1.1612,1.1612,1.1612
EDUC,2008-10-02,1.1612,1.1612,1.1612,1.1612
EDUC,2008-10-03,1.1498,1.1498,1.1498,1.1498
EDUC,2008-10-06,1.1498,1.1498,1.0506,1.0506
EDUC,2008-10-07,2.06,2.06,2.06,2.06
EDUC,2008-10-08,1.0477,1.2008,1.0448,1.0733
EDUC,2008-10-09,1.1498,1.1498,1.1498,1.1498
EDUC,2008-10-10,1.0448,1.1411,0.8413,0.9175
EDUC,2008-10-13,1.0194,1.0194,0.9175,0.9175
EDUC,2008-10-14,1.8,1.8,1.8,1.8
EDUC,2008-10-15,1.0081,1.0081,1.0081,1.0081
EDUC,2008-10-16,1.0194,1.0194,1.0194,1.0194
EDUC,2008-10-17,0.9571,1.0223,0.9571,1.0194
EDUC,2008-10-20,1.995,1.995,1.995,1.995
EDUC,2008-10-21,1.995,1.995,1.995,1.995
EDUC,2008-10-22,1.028,1.028,1.0194,1.0194
EDUC,2008-10-23,2.0,2.0,2.0,2.0
EDUC,2008-10-24,2.0,2.0,2.0,2.0
EDUC,2008-10-27,1.0194,1.0336,0.9742,0.9742
EDUC,2008-10-28,1.91,1.91,1.91,1.91
EDUC,2008-10-29,0.9742,1.0448,0.9742,1.0448
EDUC,2008-10-30,1.0506,1.2376,0.9203,1.1356
EDUC,2008-10-31,2.225,2.225,2.225,2.225
EDUC,2008-11-03,2.225,2.225,2.225,2.225
EDUC,2008-11-04,1.0477,1.1158,1.0477,1.1158
EDUC,2008-11-05,2.185,2.185,2.185,2.185
EDUC,2008-11-06,1.0648,1.0648,1.0307,1.0592
EDUC,2008-11-07,2.075,2.075,2.075,2.075
EDUC,2008-11-10,2.075,2.075,2.075,2.075
EDUC,2008-11-11,1.079,1.079,1.079,1.079
EDUC,2008-11-12,1.1186,1.1186,1.0846,1.0846
EDUC,2008-11-13,1.028,1.028,1.0194,1.0223
EDUC,2008-11-14,1.0194,1.0194,1.0194,1.0194
EDUC,2008-11-17,1.0194,1.0194,0.8552,0.9175
EDUC,2008-11-18,0.8099,0.9571,0.8099,0.8921
EDUC,2008-11-19,1.75,1.75,1.75,1.75
EDUC,2008-11-20,0.9401,0.9401,0.858,0.858
EDUC,2008-11-21,1.0194,1.0194,0.8325,0.9571
EDUC,2008-11-24,0.7986,1.1125,0.7986,0.827
EDUC,2008-11-25,1.62,1.62,1.62,1.62
EDUC,2008-11-26,0.9685,0.9685,0.9685,0.9685
EDUC,2008-11-28,0.827,0.9571,0.827,0.9571
EDUC,2008-12-01,0.7928,0.9571,0.7928,0.8921
EDUC,2008-12-02,0.9941,0.9941,0.8667,0.9853
EDUC,2008-12-03,0.9941,1.0194,0.9941,1.0194
EDUC,2008-12-04,1.1214,1.1214,1.0194,1.0194
EDUC,2008-12-05,2.0,2.0,2.0,2.0
EDUC,2008-12-08,0.9685,1.1328,0.9685,1.1241
EDUC,2008-12-09,0.9685,1.1782,0.9544,0.9798
EDUC,2008-12-10,1.144,1.144,1.0817,1.0817
EDUC,2008-12-11,1.0448,1.0448,1.0422,1.0422
EDUC,2008-12-12,0.9261,1.0733,0.9233,1.0733
EDUC,2008-12-15,0.9995,0.9995,0.9261,0.9685
EDUC,2008-12-16,1.1074,1.1074,0.9261,0.9289
EDUC,2008-12-17,1.1074,1.1102,0.9827,0.9827
EDUC,2008-12-18,1.1241,1.1241,0.9884,0.9884
EDUC,2008-12-19,1.1894,1.2547,0.9884,1.1866
EDUC,2008-12-22,1.1782,1.1782,0.9884,1.1468
EDUC,2008-12-23,2.045,2.045,2.045,2.045
EDUC,2008-12-24,2.045,2.045,2.045,2.045
EDUC,2008-12-26,2.045,2.045,2.045,2.045
EDUC,2008-12-29,1.1241,1.1241,1.0111,1.1074
EDUC,2008-12-30,1.0477,1.0846,0.8778,1.0111
EDUC,2008-12-31,1.0111,1.144,1.0111,1.0394
EDUC,2009-01-02,1.85,1.85,1.85,1.85
EDUC,2009-01-05,1.1241,1.1241,1.1241,1.1241
EDUC,2009-01-06,2.0,2.0,2.0,2.0
EDUC,2009-01-07,2.0,2.0,2.0,2.0
EDUC,2009-01-08,1.0535,1.0535,1.0535,1.0535
EDUC,2009-01-09,1.875,1.875,1.875,1.875
EDUC,2009-01-12,1.0648,1.0648,0.9771,1.0394
EDUC,2009-01-13,1.85,1.85,1.85,1.85
EDUC,2009-01-14,1.85,1.85,1.85,1.85
EDUC,2009-01-15,1.0817,1.0817,1.0817,1.0817
EDUC,2009-01-16,1.1044,1.1044,1.0959,1.0959
EDUC,2009-01-20,1.95,1.95,1.95,1.95
EDUC,2009-01-21,1.95,1.95,1.95,1.95
EDUC,2009-01-22,1.1468,1.1468,1.1214,1.1356
EDUC,2009-01-23,1.1241,1.1241,1.0563,1.1186
EDUC,2009-01-26,1.0535,1.1782,1.0535,1.1186
EDUC,2009-01-27,1.99,1.99,1.99,1.99
EDUC,2009-01-28,1.99,1.99,1.99,1.99
EDUC,2009-01-29,1.99,1.99,1.99,1.99
EDUC,2009-01-30,1.99,1.99,1.99,1.99
EDUC,2009-02-02,1.0535,1.0535,0.9203,0.9627
EDUC,2009-02-03,0.9516,0.9516,0.9516,0.9516
EDUC,2009-02-04,1.0477,1.0477,0.9401,0.9401
EDUC,2009-02-05,1.675,1.675,1.675,1.675
EDUC,2009-02-06,0.9827,1.0251,0.9827,1.0251
EDUC,2009-02-09,1.825,1.825,1.825,1.825
EDUC,2009-02-10,0.9995,0.9995,0.9995,0.9995
EDUC,2009-02-11,1.1186,1.1186,1.1186,1.1186
EDUC,2009-02-12,1.0053,1.0053,1.0024,1.0024
EDUC,2009-02-13,1.0139,1.0139,0.9401,0.9742
EDUC,2009-02-17,1.0506,1.0535,1.0506,1.0535
EDUC,2009-02-18,0.9261,1.0535,0.9261,1.0535
EDUC,2009-02-19,1.0506,1.0535,1.0506,1.0535
EDUC,2009-02-20,0.8893,1.0168,0.8893,1.0111
EDUC,2009-02-23,1.079,1.079,0.8864,0.9289
EDUC,2009-02-24,1.0648,1.0648,0.9516,0.9714
EDUC,2009-02-25,0.9742,0.9742,0.9742,0.9742
EDUC,2009-02-26,0.9853,1.0053,0.9853,1.0053
EDUC,2009-02-27,1.79,1.79,1.79,1.79
EDUC,2009-03-02,1.0506,1.0506,0.9941,0.9941
EDUC,2009-03-03,0.9798,1.0251,0.9685,0.9685
EDUC,2009-03-04,0.9685,0.9685,0.9431,0.9431
EDUC,2009-03-05,1.0394,1.0394,0.9401,0.9598
EDUC,2009-03-06,0.9827,0.9827,0.9544,0.9742
EDUC,2009-03-09,0.9827,0.9827,0.8695,0.8836
EDUC,2009-03-10,0.9827,1.0223,0.9005,0.9005
EDUC,2009-03-11,0.9798,1.0251,0.9798,1.0251
EDUC,2009-03-12,1.0251,1.0251,1.0251,1.0251
EDUC,2009-03-13,1.825,1.825,1.825,1.825
EDUC,2009-03-16,1.825,1.825,1.825,1.825
EDUC,2009-03-17,1.825,1.825,1.825,1.825
EDUC,2009-03-18,1.0336,1.0336,1.0251,1.0251
EDUC,2009-03-19,1.0903,1.0931,1.0336,1.0336
EDUC,2009-03-20,1.0959,1.0959,1.0959,1.0959
EDUC,2009-03-23,1.95,1.95,1.95,1.95
EDUC,2009-03-24,1.1241,1.1241,1.0307,1.0307
EDUC,2009-03-25,1.835,1.835,1.835,1.835
EDUC,2009-03-26,1.1241,1.1241,1.1186,1.1214
EDUC,2009-03-27,1.1214,1.1214,1.028,1.028
EDUC,2009-03-30,1.83,1.83,1.83,1.83
EDUC,2009-03-31,1.0307,1.0307,1.0307,1.0307
EDUC,2009-04-01,1.835,1.835,1.835,1.835
EDUC,2009-04-02,1.0422,1.0422,1.0422,1.0422
EDUC,2009-04-03,1.1241,1.1241,1.1186,1.1186
EDUC,2009-04-06,1.0394,1.1581,1.0394,1.1241
EDUC,2009-04-07,1.2571,1.2571,1.2571,1.2571
EDUC,2009-04-08,1.192,1.192,1.1102,1.1102
EDUC,2009-04-09,1.1386,1.3196,1.0111,1.3196
EDUC,2009-04-13,1.3226,1.3226,1.0535,1.3055
EDUC,2009-04-14,1.3339,1.3536,1.1612,1.1979
EDUC,2009-04-15,1.1498,1.1498,1.1241,1.1356
EDUC,2009-04-16,2.025,2.025,2.025,2.025
EDUC,2009-04-17,1.181,1.181,1.1782,1.1782
EDUC,2009-04-20,2.1,2.1,2.1,2.1
EDUC,2009-04-21,2.1,2.1,2.1,2.1
EDUC,2009-04-22,1.1782,1.2149,1.1782,1.192
EDUC,2009-04-23,2.125,2.125,2.125,2.125
EDUC,2009-04-24,1.2857,1.3932,1.2857,1.3932
EDUC,2009-04-27,1.3762,1.5433,1.3762,1.5123
EDUC,2009-04-28,1.5263,1.5293,1.4044,1.4044
EDUC,2009-04-29,1.4161,1.5574,1.4161,1.5574
EDUC,2009-04-30,1.5574,1.6341,1.5574,1.5999
EDUC,2009-05-01,1.5151,1.5433,1.3991,1.5433
EDUC,2009-05-04,1.4472,1.5859,1.413,1.433
EDUC,2009-05-05,2.55,2.55,2.55,2.55
EDUC,2009-05-06,1.5433,1.6962,1.5036,1.5036
EDUC,2009-05-07,1.5914,1.6112,1.4868,1.5463
EDUC,2009-05-08,1.6397,1.6423,1.4868,1.4868
EDUC,2009-05-11,1.498,1.498,1.498,1.498
EDUC,2009-05-12,1.6992,1.6992,1.6086,1.6142
EDUC,2009-05-13,1.6142,1.6142,1.5151,1.5151
EDUC,2009-05-14,1.4868,1.498,1.4868,1.4868
EDUC,2009-05-15,1.6029,1.6059,1.4499,1.4614
EDUC,2009-05-18,1.6029,1.6059,1.4868,1.5688
EDUC,2009-05-19,1.4868,1.4868,1.4868,1.4868
EDUC,2009-05-20,1.4868,1.5999,1.4472,1.4472
EDUC,2009-05-21,1.4499,1.5406,1.4499,1.5406
EDUC,2009-05-22,1.5999,1.5999,1.4499,1.5406
EDUC,2009-05-26,1.4499,1.5406,1.4472,1.4472
EDUC,2009-05-27,2.575,2.575,2.575,2.575
EDUC,2009-05-28,2.575,2.575,2.575,2.575
EDUC,2009-05-29,1.4557,1.5433,1.4557,1.5433
EDUC,2009-06-01,1.4499,1.4526,1.4499,1.4499
EDUC,2009-06-02,1.4472,1.5151,1.4472,1.5151
EDUC,2009-06-03,1.4725,1.4725,1.4472,1.4472
EDUC,2009-06-04,1.5151,1.6482,1.5151,1.6482
EDUC,2009-06-05,1.5914,1.5914,1.4725,1.552
EDUC,2009-06-08,1.4642,1.4642,1.4642,1.4642
EDUC,2009-06-09,2.605,2.605,2.605,2.605
EDUC,2009-06-10,1.5151,1.5151,1.4499,1.4499
EDUC,2009-06-11,2.58,2.58,2.58,2.58
EDUC,2009-06-12,1.3226,1.3478,1.3226,1.3478
EDUC,2009-06-15,2.4,2.4,2.4,2.4
EDUC,2009-06-16,1.3339,1.3339,1.3339,1.3339
EDUC,2009-06-17,1.3112,1.5094,1.3112,1.3339
EDUC,2009-06-18,2.375,2.375,2.375,2.375
EDUC,2009-06-19,1.3366,1.3366,1.3366,1.3366
EDUC,2009-06-22,1.4642,1.4642,1.2345,1.4472
EDUC,2009-06-23,1.4725,1.4725,1.4725,1.4725
EDUC,2009-06-24,1.266,1.4667,1.2631,1.4667
EDUC,2009-06-25,1.4044,1.4044,1.4044,1.4044
EDUC,2009-06-26,1.4725,1.4725,1.4725,1.4725
EDUC,2009-06-29,1.433,1.433,1.433,1.433
EDUC,2009-06-30,2.55,2.55,2.55,2.55
EDUC,2009-07-01,2.55,2.55,2.55,2.55
EDUC,2009-07-02,1.4188,1.433,1.4188,1.433
EDUC,2009-07-06,1.4044,1.433,1.3394,1.433
EDUC,2009-07-07,2.55,2.55,2.55,2.55
EDUC,2009-07-08,1.4044,1.4044,1.4044,1.4044
EDUC,2009-07-09,1.433,1.4725,1.433,1.4725
EDUC,2009-07-10,1.4697,1.4697,1.433,1.433
EDUC,2009-07-13,2.55,2.55,2.55,2.55
EDUC,2009-07-14,2.55,2.55,2.55,2.55
EDUC,2009-07-15,1.4725,1.4725,1.4725,1.4725
EDUC,2009-07-16,1.433,1.433,1.3904,1.3904
EDUC,2009-07-17,1.4044,1.4044,1.4044,1.4044
EDUC,2009-07-20,1.3621,1.3621,1.3536,1.3536
EDUC,2009-07-21,1.4021,1.4044,1.2914,1.4044
EDUC,2009-07-22,2.5,2.5,2.5,2.5
EDUC,2009-07-23,1.266,1.266,1.266,1.266
EDUC,2009-07-24,1.43,1.4472,1.3621,1.3621
EDUC,2009-07-27,1.3736,1.4044,1.3621,1.3621
EDUC,2009-07-28,1.28,1.3762,1.28,1.3762
EDUC,2009-07-29,1.4044,1.4044,1.4044,1.4044
EDUC,2009-07-30,1.4044,1.4044,1.4044,1.4044
EDUC,2009-07-31,1.4044,1.4044,1.4044,1.4044
EDUC,2009-08-03,1.4044,1.4044,1.4044,1.4044
EDUC,2009-08-04,1.3478,1.3593,1.3394,1.3394
EDUC,2009-08-05,1.3762,1.4415,1.3762,1.4415
EDUC,2009-08-06,1.4044,1.4472,1.4044,1.4472
EDUC,2009-08-07,1.4472,1.4472,1.3932,1.3932
EDUC,2009-08-10,1.4044,1.4044,1.4044,1.4044
EDUC,2009-08-11,1.3366,1.3366,1.3366,1.3366
EDUC,2009-08-12,1.4021,1.4725,1.4021,1.4472
EDUC,2009-08-13,1.4557,1.4557,1.4472,1.4472
EDUC,2009-08-14,1.4472,1.4557,1.4472,1.4472
EDUC,2009-08-17,1.4044,1.4557,1.4044,1.4557
EDUC,2009-08-18,1.3478,1.4697,1.3478,1.4697
EDUC,2009-08-19,1.4075,1.4557,1.3649,1.4557
EDUC,2009-08-20,1.3649,1.3792,1.3649,1.3792
EDUC,2009-08-21,1.3762,1.43,1.3762,1.3792
EDUC,2009-08-24,1.3818,1.3818,1.3818,1.3818
EDUC,2009-08-25,1.3792,1.3792,1.3649,1.3649
EDUC,2009-08-26,1.3649,1.3649,1.3649,1.3649
EDUC,2009-08-27,1.3904,1.3904,1.3678,1.3904
EDUC,2009-08-28,1.4472,1.4472,1.4188,1.4472
EDUC,2009-08-31,1.4472,1.4725,1.4472,1.4725
EDUC,2009-09-01,1.4725,1.4725,1.4725,1.4725
EDUC,2009-09-02,1.433,1.4472,1.3678,1.4472
EDUC,2009-09-03,2.575,2.575,2.575,2.575
EDUC,2009-09-04,1.4583,1.5433,1.413,1.4274
EDUC,2009-09-08,1.5433,1.5574,1.4188,1.5406
EDUC,2009-09-09,1.433,1.5574,1.433,1.5574
EDUC,2009-09-10,1.5887,1.5887,1.5007,1.5007
EDUC,2009-09-11,1.5632,1.566,1.5574,1.566
EDUC,2009-09-14,1.5293,1.5574,1.4614,1.5546
EDUC,2009-09-15,2.77,2.77,2.77,2.77
EDUC,2009-09-16,1.4868,1.4868,1.4868,1.4868
EDUC,2009-09-17,1.4868,1.5433,1.4868,1.4925
EDUC,2009-09-18,1.4952,1.4952,1.4044,1.4044
EDUC,2009-09-21,1.4075,1.5094,1.4075,1.433
EDUC,2009-09-22,1.4415,1.5151,1.4415,1.4839
EDUC,2009-09-23,1.4725,1.4725,1.4557,1.4725
EDUC,2009-09-24,1.4725,1.4725,1.4725,1.4725
EDUC,2009-09-25,1.4725,1.5151,1.4725,1.5123
EDUC,2009-09-28,1.5293,1.5378,1.4725,1.4725
EDUC,2009-09-29,1.5209,1.5209,1.4472,1.4472
EDUC,2009-09-30,1.4583,1.5293,1.4583,1.5293
EDUC,2009-10-01,1.4725,1.4725,1.4725,1.4725
EDUC,2009-10-02,1.4472,1.4895,1.4472,1.4868
EDUC,2009-10-05,1.4725,1.4725,1.4725,1.4725
EDUC,2009-10-06,1.4725,1.5293,1.4472,1.5293
EDUC,2009-10-07,2.725,2.725,2.725,2.725
EDUC,2009-10-08,1.5293,1.5293,1.4386,1.4725
EDUC,2009-10-09,2.625,2.625,2.625,2.625
EDUC,2009-10-12,1.4725,1.4725,1.4725,1.4725
EDUC,2009-10-13,1.4725,1.4725,1.4725,1.4725
EDUC,2009-10-14,2.62,2.62,2.62,2.62
EDUC,2009-10-15,1.4472,1.4472,1.3366,1.3366
EDUC,2009-10-16,1.3878,1.413,1.3424,1.4102
EDUC,2009-10-19,1.3478,1.3707,1.3478,1.3565
EDUC,2009-10-20,1.4245,1.4245,1.4161,1.4161
EDUC,2009-10-21,1.3818,1.4216,1.3818,1.4216
EDUC,2009-10-22,1.3904,1.3904,1.3904,1.3904
EDUC,2009-10-23,1.3961,1.4441,1.3904,1.4441
EDUC,2009-10-26,1.4583,1.4583,1.3932,1.3932
EDUC,2009-10-27,1.3961,1.4075,1.3961,1.4075
EDUC,2009-10-28,1.4044,1.4441,1.3932,1.4441
EDUC,2009-10-29,1.3961,1.4188,1.3904,1.4188
EDUC,2009-10-30,1.4557,1.4725,1.3991,1.3991
EDUC,2009-11-02,1.3991,1.4188,1.3621,1.4188
EDUC,2009-11-03,1.3621,1.3621,1.3621,1.3621
EDUC,2009-11-04,2.43,2.43,2.43,2.43
EDUC,2009-11-05,1.4667,1.4667,1.3904,1.4044
EDUC,2009-11-06,1.4021,1.4697,1.4021,1.4472
EDUC,2009-11-09,1.4472,1.4472,1.4044,1.4044
EDUC,2009-11-10,1.4441,1.4441,1.4441,1.4441
EDUC,2009-11-11,1.4526,1.4697,1.3904,1.433
EDUC,2009-11-12,1.4441,1.4753,1.43,1.4725
EDUC,2009-11-13,1.5293,1.5293,1.5293,1.5293
EDUC,2009-11-16,1.4753,1.5293,1.4725,1.4725
EDUC,2009-11-17,2.625,2.625,2.625,2.625
EDUC,2009-11-18,1.4441,1.5293,1.4441,1.5066
EDUC,2009-11-19,2.685,2.685,2.685,2.685
EDUC,2009-11-20,1.5236,1.5293,1.5236,1.5293
EDUC,2009-11-23,2.725,2.725,2.725,2.725
EDUC,2009-11-24,1.4216,1.5263,1.4216,1.4725
EDUC,2009-11-25,2.625,2.625,2.625,2.625
EDUC,2009-11-27,1.5293,1.5293,1.5293,1.5293
EDUC,2009-11-30,2.725,2.725,2.725,2.725
EDUC,2009-12-01,1.4725,1.4725,1.4725,1.4725
EDUC,2009-12-02,1.5433,1.5574,1.5123,1.5151
EDUC,2009-12-03,1.5151,1.5293,1.5151,1.5293
EDUC,2009-12-04,1.5406,1.5406,1.5293,1.5406
EDUC,2009-12-07,1.5433,1.6625,1.5293,1.6255
EDUC,2009-12-08,1.6284,1.6423,1.6142,1.6199
EDUC,2009-12-09,1.5321,1.6737,1.5321,1.6737
EDUC,2009-12-10,1.6169,1.6849,1.6169,1.6708
EDUC,2009-12-11,1.6819,1.6819,1.6819,1.6819
EDUC,2009-12-14,1.6653,1.6819,1.6482,1.6819
EDUC,2009-12-15,1.6482,1.6791,1.6142,1.6708
EDUC,2009-12-16,1.6819,1.6819,1.6284,1.6369
EDUC,2009-12-17,1.6311,1.6423,1.6142,1.6423
EDUC,2009-12-18,1.6423,1.6849,1.6423,1.6849
EDUC,2009-12-21,1.6513,1.6513,1.5263,1.5574
EDUC,2009-12-22,1.5492,1.6423,1.5492,1.6423
EDUC,2009-12-23,1.6284,1.6284,1.6284,1.6284
EDUC,2009-12-24,1.6423,1.6708,1.6397,1.6653
EDUC,2009-12-28,1.6453,1.6992,1.6453,1.6849
EDUC,2009-12-29,1.6849,1.6849,1.6142,1.6849
EDUC,2009-12-30,1.6513,1.7134,1.6199,1.6992
EDUC,2009-12-31,1.6992,1.6992,1.6992,1.6992
EDUC,2010-01-04,1.6737,1.7134,1.6059,1.6142
EDUC,2010-01-05,1.6311,1.6311,1.5859,1.5999
EDUC,2010-01-06,1.6284,1.6992,1.5717,1.6169
EDUC,2010-01-07,1.6564,1.6819,1.6564,1.6819
EDUC,2010-01-08,1.6513,1.6708,1.6284,1.6708
EDUC,2010-01-11,1.6849,1.6849,1.6849,1.6849
EDUC,2010-01-12,1.6311,1.6423,1.5717,1.6311
EDUC,2010-01-13,1.5887,1.6482,1.5887,1.6482
EDUC,2010-01-14,1.6397,1.6849,1.6169,1.6791
EDUC,2010-01-15,1.7669,1.7983,1.6992,1.753
EDUC,2010-01-19,1.7275,1.753,1.6142,1.7245
EDUC,2010-01-20,1.7275,1.7275,1.7275,1.7275
EDUC,2010-01-21,1.7019,1.7048,1.6992,1.7048
EDUC,2010-01-22,1.6284,1.6791,1.5859,1.6791
EDUC,2010-01-25,1.6849,1.6849,1.6708,1.6849
EDUC,2010-01-26,1.6992,1.753,1.6708,1.753
EDUC,2010-01-27,3.095,3.095,3.095,3.095
EDUC,2010-01-28,3.095,3.095,3.095,3.095
EDUC,2010-01-29,1.6849,1.7388,1.6849,1.6992
EDUC,2010-02-01,1.7416,1.8349,1.7216,1.7472
EDUC,2010-02-02,1.8067,1.8094,1.7275,1.7275
EDUC,2010-02-03,1.7275,1.7275,1.7134,1.7134
EDUC,2010-02-04,1.7134,1.7416,1.7134,1.7134
EDUC,2010-02-05,1.7134,1.7304,1.7134,1.7304
EDUC,2010-02-08,1.7134,1.7134,1.7134,1.7134
EDUC,2010-02-09,1.7416,1.7416,1.7275,1.7416
EDUC,2010-02-10,1.7388,1.7416,1.7388,1.7416
EDUC,2010-02-11,1.7103,1.7304,1.6992,1.7304
EDUC,2010-02-12,3.055,3.055,3.055,3.055
EDUC,2010-02-16,1.7388,1.7416,1.7275,1.7275
EDUC,2010-02-17,1.7304,1.7304,1.7275,1.7275
EDUC,2010-02-18,1.7019,1.7275,1.7019,1.7245
EDUC,2010-02-19,1.7134,1.7134,1.7134,1.7134
EDUC,2010-02-22,1.7245,1.7275,1.6935,1.6992
EDUC,2010-02-23,1.7245,1.7245,1.6849,1.6849
EDUC,2010-02-24,1.753,1.753,1.753,1.753
EDUC,2010-02-25,1.7275,1.7275,1.7076,1.7275
EDUC,2010-02-26,1.7134,1.7275,1.7134,1.7275
EDUC,2010-03-01,1.7275,1.7275,1.7275,1.7275
EDUC,2010-03-02,1.733,1.7416,1.7275,1.7388
EDUC,2010-03-03,1.7416,1.7416,1.7275,1.7416
EDUC,2010-03-04,1.7416,1.7416,1.7304,1.7304
EDUC,2010-03-05,1.7416,1.7416,1.7416,1.7416
EDUC,2010-03-08,1.7416,1.753,1.7358,1.7446
EDUC,2010-03-09,1.753,1.7558,1.7304,1.7304
EDUC,2010-03-10,1.7275,1.7811,1.7275,1.7669
EDUC,2010-03-11,1.8323,1.9826,1.7358,1.7388
EDUC,2010-03-12,1.7842,1.8124,1.7416,1.7416
EDUC,2010-03-15,1.8409,1.8409,1.8236,1.8323
EDUC,2010-03-16,1.8378,1.8378,1.7698,1.8266
EDUC,2010-03-17,1.8266,1.8266,1.7698,1.7698
EDUC,2010-03-18,1.7983,1.886,1.7499,1.7923
EDUC,2010-03-19,1.8323,1.8323,1.753,1.7558
EDUC,2010-03-22,1.7759,1.7759,1.7416,1.7446
EDUC,2010-03-23,1.7842,1.7842,1.753,1.753
EDUC,2010-03-24,1.7446,1.7729,1.7416,1.7558
EDUC,2010-03-25,1.7698,1.7698,1.7446,1.7669
EDUC,2010-03-26,1.7698,1.7698,1.753,1.7614
EDUC,2010-03-29,1.753,1.7698,1.753,1.7698
EDUC,2010-03-30,3.125,3.125,3.125,3.125
EDUC,2010-03-31,3.125,3.125,3.125,3.125
EDUC,2010-04-01,1.7275,1.7275,1.7275,1.7275
EDUC,2010-04-05,1.7558,1.7558,1.7558,1.7558
EDUC,2010-04-06,1.7558,1.7698,1.7558,1.7558
EDUC,2010-04-07,1.7161,1.7698,1.7161,1.7558
EDUC,2010-04-08,1.7698,1.7698,1.7275,1.7558
EDUC,2010-04-09,1.7472,1.7698,1.7416,1.7698
EDUC,2010-04-12,1.7275,1.7558,1.7275,1.7558
EDUC,2010-04-13,1.7446,1.7446,1.7275,1.7446
EDUC,2010-04-14,1.7558,1.7558,1.7558,1.7558
EDUC,2010-04-15,1.7698,1.7923,1.7161,1.7446
EDUC,2010-04-16,1.7446,1.8094,1.7275,1.7275
EDUC,2010-04-19,1.8094,1.8094,1.733,1.7558
EDUC,2010-04-20,1.7446,1.7446,1.7358,1.7446
EDUC,2010-04-21,1.7446,1.7446,1.733,1.733
EDUC,2010-04-22,1.7558,1.7558,1.7558,1.7558
EDUC,2010-04-23,1.7298,1.8104,1.7298,1.7615
EDUC,2010-04-26,1.7472,1.7698,1.7446,1.7446
EDUC,2010-04-27,3.08,3.08,3.08,3.08
EDUC,2010-04-28,1.7472,1.8012,1.7275,1.7275
EDUC,2010-04-29,1.7669,1.7669,1.7275,1.7669
EDUC,2010-04-30,1.7614,1.7669,1.7446,1.7446
EDUC,2010-05-03,3.08,3.08,3.08,3.08
EDUC,2010-05-04,1.7134,1.7669,1.7134,1.7358
EDUC,2010-05-05,1.7388,1.7388,1.7134,1.7134
EDUC,2010-05-06,1.7191,1.7191,1.7134,1.7134
EDUC,2010-05-07,1.7134,1.7669,1.7134,1.7388
EDUC,2010-05-10,1.7669,1.7669,1.7416,1.7416
EDUC,2010-05-11,1.7446,1.7446,1.7416,1.7416
EDUC,2010-05-12,1.7446,1.7446,1.7161,1.7446
EDUC,2010-05-13,1.7304,1.7446,1.7134,1.7134
EDUC,2010-05-14,3.025,3.025,3.025,3.025
EDUC,2010-05-17,1.7358,1.7446,1.7161,1.7446
EDUC,2010-05-18,1.7416,1.7446,1.7304,1.7446
EDUC,2010-05-19,1.7446,1.7698,1.7416,1.7446
EDUC,2010-05-20,1.7134,1.7191,1.7134,1.7191
EDUC,2010-05-21,1.7388,1.7446,1.7388,1.7446
EDUC,2010-05-24,1.7446,1.7446,1.7446,1.7446
EDUC,2010-05-25,1.7134,1.7698,1.7048,1.7446
EDUC,2010-05-26,1.7103,1.7446,1.7048,1.7048
EDUC,2010-05-27,1.7446,1.7446,1.7446,1.7446
EDUC,2010-05-28,1.7275,1.7358,1.6879,1.6879
EDUC,2010-06-01,1.6625,1.6625,1.4925,1.5151
EDUC,2010-06-02,1.5574,1.5574,1.4583,1.5066
EDUC,2010-06-03,1.5151,1.5574,1.5151,1.5574
EDUC,2010-06-04,1.5574,1.6397,1.5433,1.5433
EDUC,2010-06-07,1.5574,1.6112,1.5574,1.5859
EDUC,2010-06-08,1.6142,1.6142,1.5717,1.5717
EDUC,2010-06-09,2.775,2.775,2.775,2.775
EDUC,2010-06-10,1.6142,1.6142,1.5859,1.5859
EDUC,2010-06-11,2.8,2.8,2.8,2.8
EDUC,2010-06-14,1.5574,1.5574,1.5433,1.5433
EDUC,2010-06-15,1.5972,1.6142,1.5972,1.5972
EDUC,2010-06-16,2.82,2.82,2.82,2.82
EDUC,2010-06-17,2.82,2.82,2.82,2.82
EDUC,2010-06-18,1.5348,1.6142,1.5348,1.6142
EDUC,2010-06-21,1.6142,1.6255,1.6142,1.6255
EDUC,2010-06-22,1.6142,1.6142,1.5433,1.5859
EDUC,2010-06-23,1.5887,1.6284,1.5433,1.5972
EDUC,2010-06-24,1.5972,1.5972,1.5378,1.5433
EDUC,2010-06-25,2.725,2.725,2.725,2.725
EDUC,2010-06-28,1.5378,1.5574,1.5378,1.5574
EDUC,2010-06-29,1.5492,1.5717,1.5378,1.5574
EDUC,2010-06-30,1.5582,1.564,1.5582,1.5615
EDUC,2010-07-01,1.5574,1.5574,1.4868,1.5151
EDUC,2010-07-02,1.5574,1.5574,1.5574,1.5574
EDUC,2010-07-06,1.5293,1.5433,1.5293,1.5433
EDUC,2010-07-07,1.5433,1.5574,1.5433,1.5574
EDUC,2010-07-08,2.75,2.75,2.75,2.75
EDUC,2010-07-09,1.5574,1.6369,1.5574,1.6199
EDUC,2010-07-12,1.6284,1.6284,1.6142,1.6142
EDUC,2010-07-13,1.6255,1.6284,1.6255,1.6255
EDUC,2010-07-14,1.6284,1.6482,1.58,1.6059
EDUC,2010-07-15,1.5775,1.5859,1.5775,1.5859
EDUC,2010-07-16,1.5775,1.5775,1.4667,1.5177
EDUC,2010-07-19,1.6059,1.6284,1.5036,1.5717
EDUC,2010-07-20,1.5999,1.6112,1.5999,1.5999
EDUC,2010-07-21,1.6766,1.6766,1.5177,1.5999
EDUC,2010-07-22,1.5999,1.6284,1.5999,1.6284
EDUC,2010-07-23,1.5463,1.5859,1.5433,1.5546
EDUC,2010-07-26,1.5546,1.583,1.5433,1.583
EDUC,2010-07-27,1.5433,1.5859,1.5177,1.5177
EDUC,2010-07-28,1.5775,1.5859,1.5717,1.583
EDUC,2010-07-29,1.5574,1.5859,1.498,1.5321
EDUC,2010-07-30,1.5321,1.5321,1.5321,1.5321
EDUC,2010-08-02,1.5177,1.5859,1.5177,1.5293
EDUC,2010-08-03,1.5293,1.552,1.5293,1.5492
EDUC,2010-08-04,1.5574,1.6199,1.5546,1.6086
EDUC,2010-08-05,1.6112,1.6423,1.6112,1.6423
EDUC,2010-08-06,1.5914,1.6423,1.5914,1.6423
EDUC,2010-08-09,1.5859,1.6397,1.5859,1.6169
EDUC,2010-08-10,1.654,1.6564,1.5717,1.6564
EDUC,2010-08-11,1.5944,1.6564,1.5914,1.6423
EDUC,2010-08-12,1.5859,1.6564,1.5717,1.5859
EDUC,2010-08-13,1.6284,1.6819,1.5717,1.6819
EDUC,2010-08-16,1.58,1.6284,1.5574,1.5605
EDUC,2010-08-17,1.5972,1.6255,1.5972,1.6255
EDUC,2010-08-18,1.6397,1.6397,1.6142,1.6142
EDUC,2010-08-19,1.6284,1.6284,1.6086,1.6086
EDUC,2010-08-20,1.6482,1.6879,1.5999,1.6369
EDUC,2010-08-23,1.5859,1.654,1.5859,1.5887
EDUC,2010-08-24,1.6284,1.6564,1.5717,1.6564
EDUC,2010-08-25,1.5717,1.5775,1.566,1.5775
EDUC,2010-08-26,1.6169,1.6169,1.6169,1.6169
EDUC,2010-08-27,1.6169,1.6169,1.5574,1.5574
EDUC,2010-08-30,1.5574,1.5574,1.5574,1.5574
EDUC,2010-08-31,1.6142,1.6171,1.6142,1.6142
EDUC,2010-09-01,1.6142,1.6423,1.552,1.6311
EDUC,2010-09-02,1.6284,1.6397,1.6284,1.6397
EDUC,2010-09-03,1.6564,1.6564,1.6564,1.6564
EDUC,2010-09-07,1.6564,1.7446,1.6564,1.7275
EDUC,2010-09-08,1.7388,1.7446,1.6653,1.7388
EDUC,2010-09-09,1.6992,1.6992,1.5747,1.6199
EDUC,2010-09-10,1.5887,1.5887,1.5859,1.5859
EDUC,2010-09-13,1.58,1.7048,1.58,1.6766
EDUC,2010-09-14,1.7134,1.7161,1.6227,1.6992
EDUC,2010-09-15,1.7446,1.7446,1.6992,1.7134
EDUC,2010-09-16,1.6992,1.7446,1.6992,1.6992
EDUC,2010-09-17,1.7446,1.7446,1.6453,1.6453
EDUC,2010-09-20,1.733,1.7388,1.6766,1.6766
EDUC,2010-09-21,1.6849,1.7388,1.6849,1.6992
EDUC,2010-09-22,1.7275,1.7275,1.7275,1.7275
EDUC,2010-09-23,1.7388,1.7446,1.7019,1.7103
EDUC,2010-09-24,1.8323,1.8323,1.7416,1.7416
EDUC,2010-09-27,1.6992,1.7134,1.6992,1.7134
EDUC,2010-09-28,3.025,3.025,3.025,3.025
EDUC,2010-09-29,1.7134,1.7245,1.7134,1.7245
EDUC,2010-09-30,1.7412,1.7442,1.7412,1.7442
EDUC,2010-10-01,1.7446,1.7446,1.6992,1.7134
EDUC,2010-10-04,1.7048,1.7275,1.7048,1.7275
EDUC,2010-10-05,1.9826,1.9826,1.7275,1.7275
EDUC,2010-10-06,1.7446,1.7446,1.7134,1.7275
EDUC,2010-10-07,1.7134,1.7446,1.7134,1.7134
EDUC,2010-10-08,3.025,3.025,3.025,3.025
EDUC,2010-10-11,1.6992,1.6992,1.6992,1.6992
EDUC,2010-10-12,1.6992,1.6992,1.6992,1.6992
EDUC,2010-10-13,3.0,3.0,3.0,3.0
EDUC,2010-10-14,1.7446,1.7446,1.7416,1.7416
EDUC,2010-10-15,1.7416,1.7416,1.7416,1.7416
EDUC,2010-10-18,1.7076,1.7275,1.7048,1.7275
EDUC,2010-10-19,1.7446,1.7446,1.7275,1.7275
EDUC,2010-10-20,1.7416,1.7416,1.7048,1.7048
EDUC,2010-10-21,1.7358,1.7358,1.7358,1.7358
EDUC,2010-10-22,1.7388,1.7446,1.7245,1.7275
EDUC,2010-10-25,1.7245,1.7446,1.7216,1.7446
EDUC,2010-10-26,1.7416,1.7446,1.7048,1.7048
EDUC,2010-10-27,1.7446,1.7446,1.7416,1.7446
EDUC,2010-10-28,3.08,3.08,3.08,3.08
EDUC,2010-10-29,3.08,3.08,3.08,3.08
EDUC,2010-11-01,1.7134,1.7134,1.7134,1.7134
EDUC,2010-11-02,1.8975,1.8975,1.7134,1.8975
EDUC,2010-11-03,1.7842,1.7842,1.7558,1.7558
EDUC,2010-11-04,1.753,1.8831,1.753,1.8689
EDUC,2010-11-05,1.8689,1.8831,1.7275,1.8831
EDUC,2010-11-08,1.8436,1.8436,1.7923,1.7923
EDUC,2010-11-09,1.8747,1.8747,1.8747,1.8747
EDUC,2010-11-10,1.8266,1.8266,1.8094,1.8094
EDUC,2010-11-11,1.8975,1.8975,1.8975,1.8975
EDUC,2010-11-12,1.8236,1.8831,1.7983,1.8266
EDUC,2010-11-15,1.8266,1.8349,1.8266,1.8349
EDUC,2010-11-16,1.8409,1.9682,1.8378,1.852
EDUC,2010-11-17,3.27,3.27,3.27,3.27
EDUC,2010-11-18,1.8436,1.8436,1.7983,1.7983
EDUC,2010-11-19,1.7983,1.7983,1.7983,1.7983
EDUC,2010-11-22,1.8945,1.8945,1.8945,1.8945
EDUC,2010-11-23,1.7983,1.8124,1.7558,1.8124
EDUC,2010-11-24,1.8181,1.8181,1.8124,1.8124
EDUC,2010-11-26,3.2,3.2,3.2,3.2
EDUC,2010-11-29,3.2,3.2,3.2,3.2
EDUC,2010-11-30,1.7325,1.7845,1.7298,1.7325
EDUC,2010-12-01,1.8151,1.8945,1.8151,1.8915
EDUC,2010-12-02,1.8945,1.9709,1.8945,1.8975
EDUC,2010-12-03,1.8689,1.9709,1.8689,1.9626
EDUC,2010-12-06,1.9539,1.9626,1.8975,1.9539
EDUC,2010-12-07,1.9597,1.9597,1.9115,1.9566
EDUC,2010-12-08,1.9566,1.9566,1.8689,1.8689
EDUC,2010-12-09,1.8776,1.8831,1.8689,1.8689
EDUC,2010-12-10,1.8689,1.9031,1.8689,1.872
EDUC,2010-12-13,1.9566,1.9566,1.9031,1.9031
EDUC,2010-12-14,1.937,1.937,1.8945,1.9199
EDUC,2010-12-15,1.9199,1.9229,1.8747,1.9199
EDUC,2010-12-16,1.897,1.9113,1.897,1.897
EDUC,2010-12-17,1.9115,1.9229,1.8975,1.9031
EDUC,2010-12-20,1.9229,1.9256,1.8975,1.8975
EDUC,2010-12-21,1.9115,1.9199,1.9002,1.9115
EDUC,2010-12-22,1.9229,1.9229,1.872,1.9115
EDUC,2010-12-23,1.8975,1.9709,1.8888,1.9682
EDUC,2010-12-27,1.9826,1.9826,1.8747,1.9709
EDUC,2010-12-28,1.9709,1.9826,1.8888,1.9455
EDUC,2010-12-29,1.9442,1.9442,1.8941,1.9265
EDUC,2010-12-30,1.8941,1.9763,1.8941,1.9763
EDUC,2010-12-31,1.9658,1.9816,1.9075,1.9413
EDUC,2011-01-03,1.94,1.94,1.8747,1.9115
EDUC,2011-01-04,1.9343,1.94,1.8689,1.8689
EDUC,2011-01-05,1.9002,1.9566,1.9002,1.9455
EDUC,2011-01-06,1.94,1.94,1.9144,1.9173
EDUC,2011-01-07,1.8945,1.9173,1.8915,1.8915
EDUC,2011-01-10,1.872,1.872,1.872,1.872
EDUC,2011-01-11,1.8776,1.886,1.8776,1.886
EDUC,2011-01-12,1.8805,1.9115,1.8776,1.8888
EDUC,2011-01-13,1.8915,1.9229,1.8888,1.8888
EDUC,2011-01-14,3.335,3.335,3.335,3.335
EDUC,2011-01-18,1.8767,1.9258,1.8739,1.8739
EDUC,2011-01-19,3.31,3.31,3.31,3.31
EDUC,2011-01-20,3.31,3.31,3.31,3.31
EDUC,2011-01-21,1.8776,1.8776,1.8689,1.8689
EDUC,2011-01-24,1.9256,1.9256,1.9115,1.9115
EDUC,2011-01-25,1.9256,1.9256,1.9256,1.9256
EDUC,2011-01-26,1.9256,1.9256,1.9144,1.9144
EDUC,2011-01-27,1.8747,1.8747,1.8689,1.8689
EDUC,2011-01-28,1.8831,1.9199,1.872,1.9199
EDUC,2011-01-31,1.926,1.926,1.926,1.926
EDUC,2011-02-01,1.9199,1.9256,1.9173,1.9256
EDUC,2011-02-02,3.4,3.4,3.4,3.4
EDUC,2011-02-03,1.9258,1.9258,1.897,1.9258
EDUC,2011-02-04,1.9256,1.9256,1.9256,1.9256
EDUC,2011-02-07,1.8975,1.8975,1.8975,1.8975
EDUC,2011-02-08,1.872,1.872,1.872,1.872
EDUC,2011-02-09,1.872,1.8975,1.8409,1.8492
EDUC,2011-02-10,1.897,1.9113,1.8824,1.8824
EDUC,2011-02-11,1.9256,1.9256,1.9229,1.9256
EDUC,2011-02-14,1.9115,1.9115,1.8689,1.8689
EDUC,2011-02-15,3.3,3.3,3.3,3.3
EDUC,2011-02-16,1.9115,1.9256,1.9115,1.9256
EDUC,2011-02-17,1.852,1.9115,1.8465,1.8689
EDUC,2011-02-18,1.9028,1.9028,1.9028,1.9028
EDUC,2011-02-22,1.9031,1.9031,1.8492,1.8689
EDUC,2011-02-23,1.8747,1.9002,1.8747,1.9002
EDUC,2011-02-24,1.8805,1.8805,1.8805,1.8805
EDUC,2011-02-25,1.9028,1.9028,1.9028,1.9028
EDUC,2011-02-28,1.8262,1.8497,1.7702,1.8411
EDUC,2011-03-01,1.9028,1.9028,1.796,1.8566
EDUC,2011-03-02,1.8046,1.897,1.8046,1.897
EDUC,2011-03-03,1.868,1.868,1.8393,1.8421
EDUC,2011-03-04,1.8624,1.8624,1.8191,1.8566
EDUC,2011-03-07,1.9546,1.9546,1.8566,1.9258
EDUC,2011-03-08,1.9258,1.9258,1.8652,1.9199
EDUC,2011-03-09,1.9432,1.9432,1.9199,1.9316
EDUC,2011-03-10,1.9258,1.9458,1.8883,1.8883
EDUC,2011-03-11,1.8739,1.8739,1.8739,1.8739
EDUC,2011-03-14,1.8883,1.8883,1.8104,1.8393
EDUC,2011-03-15,1.8278,1.9028,1.8278,1.8393
EDUC,2011-03-16,1.8566,1.8566,1.8449,1.8449
EDUC,2011-03-17,1.847,1.8794,1.847,1.8587
EDUC,2011-03-18,1.8652,1.9028,1.8652,1.8883
EDUC,2011-03-21,1.8998,1.9028,1.8478,1.8536
EDUC,2011-03-22,1.8191,1.871,1.8104,1.8104
EDUC,2011-03-23,1.891,1.8998,1.891,1.8998
EDUC,2011-03-24,3.295,3.295,3.295,3.295
EDUC,2011-03-25,1.8104,1.871,1.8104,1.8364
EDUC,2011-03-28,1.8019,1.8191,1.8019,1.8191
EDUC,2011-03-29,1.776,1.7874,1.6866,1.7184
EDUC,2011-03-30,1.8449,1.8449,1.6923,1.7124
EDUC,2011-03-31,1.7225,1.7289,1.7225,1.7289
EDUC,2011-04-01,1.7298,1.7298,1.7238,1.7298
EDUC,2011-04-04,1.7815,1.7815,1.7238,1.7238
EDUC,2011-04-05,1.7269,1.7269,1.6575,1.6662
EDUC,2011-04-06,1.6692,1.7156,1.6605,1.7156
EDUC,2011-04-07,1.6723,1.7442,1.6723,1.7442
EDUC,2011-04-08,1.7442,1.7442,1.7298,1.7298
EDUC,2011-04-11,1.7156,1.7156,1.6866,1.6866
EDUC,2011-04-12,1.6937,1.7144,1.6789,1.7144
EDUC,2011-04-13,1.7298,1.7298,1.6723,1.6723
EDUC,2011-04-14,2.9,2.9,2.9,2.9
EDUC,2011-04-15,1.7238,1.7269,1.6723,1.6778
EDUC,2011-04-18,1.6605,1.6605,1.652,1.6575
EDUC,2011-04-19,1.7156,1.7156,1.652,1.6575
EDUC,2011-04-20,2.875,2.875,2.875,2.875
EDUC,2011-04-21,1.6723,1.6749,1.6575,1.6575
EDUC,2011-04-25,1.6575,1.6575,1.6461,1.6461
EDUC,2011-04-26,1.6461,1.6575,1.5999,1.6318
EDUC,2011-04-27,1.6145,1.6723,1.6145,1.6547
EDUC,2011-04-28,1.6461,1.6723,1.6461,1.6723
EDUC,2011-04-29,1.7008,1.7008,1.6733,1.6733
EDUC,2011-05-02,1.6433,1.6866,1.6287,1.6374
EDUC,2011-05-03,1.6287,1.6408,1.6287,1.632
EDUC,2011-05-04,1.6547,1.6547,1.6547,1.6547
EDUC,2011-05-05,1.6671,1.6732,1.6671,1.6732
EDUC,2011-05-06,1.6723,1.6723,1.6575,1.6692
EDUC,2011-05-09,1.6692,1.6692,1.6347,1.652
EDUC,2011-05-10,1.652,1.6575,1.6433,1.6547
EDUC,2011-05-11,1.6497,1.6497,1.6497,1.6497
EDUC,2011-05-12,1.6433,1.6662,1.6433,1.6662
EDUC,2011-05-13,1.6461,1.7156,1.6461,1.7156
EDUC,2011-05-16,1.698,1.698,1.6605,1.6636
EDUC,2011-05-17,1.6749,1.6749,1.6749,1.6749
EDUC,2011-05-18,2.905,2.905,2.905,2.905
EDUC,2011-05-19,1.6491,1.6491,1.6433,1.6433
EDUC,2011-05-20,1.6465,1.6465,1.6465,1.6465
EDUC,2011-05-23,1.6662,1.6662,1.6605,1.6605
EDUC,2011-05-24,1.6605,1.6749,1.6605,1.6723
EDUC,2011-05-25,1.6778,1.6778,1.2049,1.528
EDUC,2011-05-26,1.5653,1.5711,1.528,1.5336
EDUC,2011-05-27,1.5465,1.564,1.5435,1.564
EDUC,2011-05-31,1.5876,1.5906,1.5876,1.5906
EDUC,2011-06-01,1.5965,1.6231,1.5846,1.6231
EDUC,2011-06-02,1.5846,1.6287,1.5846,1.6287
EDUC,2011-06-03,1.6231,1.6231,1.6111,1.6111
EDUC,2011-06-06,1.6142,1.6142,1.5907,1.6024
EDUC,2011-06-07,1.5698,1.6581,1.564,1.6259
EDUC,2011-06-08,1.6348,1.6497,1.6348,1.6497
EDUC,2011-06-09,1.6024,1.6909,1.6024,1.6613
EDUC,2011-06-10,1.6202,1.6348,1.5786,1.6202
EDUC,2011-06-13,1.6083,1.6083,1.5615,1.5936
EDUC,2011-06-14,1.7114,1.7114,1.5582,1.6083
EDUC,2011-06-15,1.567,1.5818,1.567,1.567
EDUC,2011-06-16,1.6207,1.6327,1.6207,1.6327
EDUC,2011-06-17,1.6287,1.6348,1.6202,1.6348
EDUC,2011-06-20,1.6348,1.6348,1.6202,1.6202
EDUC,2011-06-21,1.6231,1.6613,1.5615,1.6142
EDUC,2011-06-22,1.5731,1.6083,1.5731,1.6083
EDUC,2011-06-23,1.5551,1.5786,1.5551,1.5698
EDUC,2011-06-24,1.576,1.5995,1.576,1.5818
EDUC,2011-06-27,1.5877,1.5995,1.5877,1.5995
EDUC,2011-06-28,1.6054,1.6054,1.5818,1.5965
EDUC,2011-06-29,1.5877,1.5877,1.5877,1.5877
EDUC,2011-06-30,1.587,1.587,1.587,1.587
EDUC,2011-07-01,1.5995,1.6111,1.5877,1.6111
EDUC,2011-07-05,1.6111,1.6111,1.5965,1.5965
EDUC,2011-07-06,1.6207,1.6207,1.5906,1.5906
EDUC,2011-07-07,1.5936,1.6202,1.5936,1.6202
EDUC,2011-07-08,2.73,2.73,2.725,2.725
EDUC,2011-07-11,1.6202,1.6202,1.6054,1.6054
EDUC,2011-07-12,2.725,2.725,2.725,2.725
EDUC,2011-07-13,1.6645,1.6645,1.6202,1.6202
EDUC,2011-07-14,1.6581,1.6613,1.6348,1.6375
EDUC,2011-07-15,1.6202,1.6497,1.6024,1.6171
EDUC,2011-07-18,1.6287,1.6287,1.5995,1.6231
EDUC,2011-07-19,1.6327,1.651,1.6327,1.651
EDUC,2011-07-20,1.6497,1.6613,1.6231,1.6408
EDUC,2011-07-21,1.6171,1.6259,1.6171,1.6259
EDUC,2011-07-22,1.6202,1.6465,1.6171,1.6465
EDUC,2011-07-25,1.6287,1.6436,1.5907,1.6024
EDUC,2011-07-26,1.6386,1.6445,1.6057,1.6116
EDUC,2011-07-27,1.6083,1.6231,1.5877,1.5877
EDUC,2011-07-28,1.5995,1.6176,1.5756,1.6057
EDUC,2011-07-29,1.5995,1.6207,1.5756,1.6207
EDUC,2011-08-01,1.6171,1.6171,1.5786,1.5995
EDUC,2011-08-02,2.715,2.715,2.715,2.715
EDUC,2011-08-03,1.6497,1.6497,1.6142,1.6202
EDUC,2011-08-04,1.6148,1.6295,1.5756,1.6295
EDUC,2011-08-05,1.6287,1.6287,1.6202,1.6202
EDUC,2011-08-08,1.576,1.6202,1.5465,1.5936
EDUC,2011-08-09,1.5465,1.5698,1.5022,1.514
EDUC,2011-08-10,1.5698,1.5698,1.5053,1.5053
EDUC,2011-08-11,1.5228,1.5465,1.5022,1.5465
EDUC,2011-08-12,2.625,2.625,2.625,2.625
EDUC,2011-08-15,1.4992,1.5465,1.4992,1.5345
EDUC,2011-08-16,1.5345,1.5435,1.5345,1.5345
EDUC,2011-08-17,2.62,2.62,2.62,2.62
EDUC,2011-08-18,1.5319,1.5377,1.5022,1.5022
EDUC,2011-08-19,2.53,2.53,2.53,2.53
EDUC,2011-08-22,1.5198,1.5198,1.5198,1.5198
EDUC,2011-08-23,1.4875,1.5081,1.4727,1.4727
EDUC,2011-08-24,1.4757,1.4992,1.4757,1.4992
EDUC,2011-08-25,1.5081,1.5846,1.5081,1.5615
EDUC,2011-08-26,1.479,1.5663,1.479,1.4941
EDUC,2011-08-29,1.4992,1.5111,1.4992,1.4992
EDUC,2011-08-30,2.545,2.545,2.545,2.545
EDUC,2011-08-31,1.5286,1.5748,1.5286,1.5317
EDUC,2011-09-01,1.5305,1.5305,1.5305,1.5305
EDUC,2011-09-02,1.5748,1.5748,1.5748,1.5748
EDUC,2011-09-06,1.5573,1.6778,1.5573,1.5936
EDUC,2011-09-07,1.6418,1.672,1.6418,1.6631
EDUC,2011-09-08,1.6477,1.6477,1.6116,1.6116
EDUC,2011-09-09,1.6025,1.672,1.6025,1.672
EDUC,2011-09-12,1.6418,1.6477,1.6025,1.6207
EDUC,2011-09-13,1.6386,1.672,1.6057,1.6658
EDUC,2011-09-14,1.6386,1.672,1.6057,1.654
EDUC,2011-09-15,1.6057,1.6565,1.6057,1.6565
EDUC,2011-09-16,1.6116,1.654,1.6116,1.6295
EDUC,2011-09-19,1.6295,1.672,1.6295,1.6658
EDUC,2011-09-20,2.765,2.765,2.765,2.765
EDUC,2011-09-21,2.765,2.765,2.765,2.765
EDUC,2011-09-22,1.6148,1.6689,1.6116,1.6689
EDUC,2011-09-23,1.6237,1.6565,1.6237,1.654
EDUC,2011-09-26,1.6268,1.6268,1.6268,1.6268
EDUC,2011-09-27,1.6268,1.6268,1.5423,1.5663
EDUC,2011-09-28,1.5844,1.5995,1.5725,1.5967
EDUC,2011-09-29,1.5906,1.5967,1.5844,1.5844
EDUC,2011-09-30,2.63,2.63,2.63,2.63
EDUC,2011-10-03,1.5543,1.5995,1.5515,1.5995
EDUC,2011-10-04,1.5906,1.5906,1.5876,1.5876
EDUC,2011-10-05,1.6477,1.6477,1.6207,1.6207
EDUC,2011-10-06,1.6025,1.6477,1.6025,1.6418
EDUC,2011-10-07,1.6176,1.6176,1.5515,1.5844
EDUC,2011-10-10,1.6327,1.6327,1.6176,1.6176
EDUC,2011-10-11,1.5634,1.6268,1.5634,1.5756
EDUC,2011-10-12,1.6327,1.6327,1.6025,1.6025
EDUC,2011-10-13,1.5663,1.5936,1.5663,1.5693
EDUC,2011-10-14,1.5363,1.5663,1.5363,1.5663
EDUC,2011-10-17,1.5663,1.5663,1.5663,1.5663
EDUC,2011-10-18,1.5693,1.5693,1.5215,1.5215
EDUC,2011-10-19,1.5485,1.6237,1.5485,1.6057
EDUC,2011-10-20,1.5573,1.5844,1.5573,1.5815
EDUC,2011-10-21,1.6237,1.672,1.6237,1.6295
EDUC,2011-10-24,1.5906,1.6689,1.5906,1.6658
EDUC,2011-10-25,1.6793,1.6793,1.6733,1.6733
EDUC,2011-10-26,1.6807,1.6807,1.6565,1.6565
EDUC,2011-10-27,1.6148,1.6839,1.6148,1.6839
EDUC,2011-10-28,1.6148,1.654,1.6148,1.6148
EDUC,2011-10-31,1.6573,1.6608,1.6573,1.6573
EDUC,2011-11-01,1.6855,1.6855,1.6575,1.6575
EDUC,2011-11-02,1.6176,1.6418,1.6176,1.6268
EDUC,2011-11-03,2.7,2.7,2.7,2.7
EDUC,2011-11-04,1.6488,1.6518,1.6423,1.6423
EDUC,2011-11-07,1.6418,1.6565,1.6116,1.6418
EDUC,2011-11-08,1.654,1.654,1.654,1.654
EDUC,2011-11-09,1.6763,1.6763,1.6148,1.6148
EDUC,2011-11-10,2.68,2.68,2.68,2.68
EDUC,2011-11-11,1.6148,1.6148,1.1447,1.5606
EDUC,2011-11-14,1.5515,1.6268,1.5515,1.6025
EDUC,2011-11-15,1.5573,1.5693,1.5515,1.5693
EDUC,2011-11-16,1.5515,1.5725,1.5515,1.5663
EDUC,2011-11-17,2.6,2.6,2.6,2.6
EDUC,2011-11-18,1.55,1.5624,1.5345,1.5345
EDUC,2011-11-21,1.5363,1.6268,1.5363,1.5906
EDUC,2011-11-22,1.6057,1.6057,1.5123,1.5485
EDUC,2011-11-23,1.5153,1.5663,1.5123,1.5663
EDUC,2011-11-25,2.6,2.6,2.6,2.6
EDUC,2011-11-28,1.5606,1.6116,1.5215,1.5693
EDUC,2011-11-29,1.5808,1.5808,1.5808,1.5808
EDUC,2011-11-30,1.5541,1.5801,1.5541,1.5801
EDUC,2011-12-01,2.625,2.625,2.625,2.625
EDUC,2011-12-02,1.5808,1.6055,1.5777,1.6055
EDUC,2011-12-05,1.6055,1.6116,1.5624,1.6116
EDUC,2011-12-06,1.593,1.6271,1.5378,1.6116
EDUC,2011-12-07,1.5992,1.6055,1.5992,1.6055
EDUC,2011-12-08,1.5558,1.5558,1.5558,1.5558
EDUC,2011-12-09,1.5558,1.6488,1.5558,1.6488
EDUC,2011-12-12,1.5716,1.587,1.5716,1.5808
EDUC,2011-12-13,1.63,1.6423,1.5716,1.5716
EDUC,2011-12-14,1.5594,1.5808,1.5558,1.5808
EDUC,2011-12-15,1.593,1.5962,1.593,1.5962
EDUC,2011-12-16,1.6055,1.6333,1.507,1.507
EDUC,2011-12-19,1.6209,1.6271,1.4729,1.4854
EDUC,2011-12-20,1.51,1.5286,1.51,1.5286
EDUC,2011-12-21,1.4945,1.5408,1.4945,1.5408
EDUC,2011-12-22,1.5253,1.5408,1.5253,1.5408
EDUC,2011-12-23,1.5408,1.5716,1.5408,1.5408
EDUC,2011-12-27,1.5408,1.5777,1.5408,1.5408
EDUC,2011-12-28,1.5408,1.5839,1.4729,1.553
EDUC,2011-12-29,1.51,1.5471,1.51,1.5253
EDUC,2011-12-30,1.5704,1.574,1.5284,1.5444
EDUC,2012-01-03,1.5438,1.587,1.5286,1.5317
EDUC,2012-01-04,1.587,1.587,1.553,1.553
EDUC,2012-01-05,1.5558,1.5558,1.516,1.516
EDUC,2012-01-06,1.5408,1.553,1.5317,1.553
EDUC,2012-01-09,1.587,1.587,1.5345,1.5345
EDUC,2012-01-10,1.5378,1.5558,1.5345,1.5345
EDUC,2012-01-11,1.5345,1.5345,1.4945,1.5221
EDUC,2012-01-12,2.47,2.47,2.47,2.47
EDUC,2012-01-13,1.5345,1.5901,1.5345,1.587
EDUC,2012-01-17,1.6008,1.6008,1.5408,1.566
EDUC,2012-01-18,1.516,1.516,1.4822,1.4945
EDUC,2012-01-19,1.4974,1.51,1.4974,1.51
EDUC,2012-01-20,1.5408,1.5408,1.479,1.479
EDUC,2012-01-23,1.4729,1.4729,1.4729,1.4729
EDUC,2012-01-24,1.4729,1.5408,1.4729,1.516
EDUC,2012-01-25,1.5378,1.5408,1.5378,1.5408
EDUC,2012-01-26,1.5378,1.5378,1.5221,1.5253
EDUC,2012-01-27,1.5253,1.5253,1.51,1.516
EDUC,2012-01-30,1.5131,1.5131,1.51,1.51
EDUC,2012-01-31,2.45,2.45,2.45,2.45
EDUC,2012-02-01,1.5378,1.5378,1.4759,1.479
EDUC,2012-02-02,1.479,1.4884,1.479,1.4822
EDUC,2012-02-03,1.479,1.4945,1.479,1.4945
EDUC,2012-02-06,2.425,2.425,2.425,2.425
EDUC,2012-02-07,1.4965,1.5408,1.4934,1.5408
EDUC,2012-02-08,1.4934,1.5408,1.4903,1.4965
EDUC,2012-02-09,1.5377,1.5377,1.5377,1.5377
EDUC,2012-02-10,1.5037,1.5037,1.4759,1.4884
EDUC,2012-02-13,1.479,1.4854,1.4638,1.479
EDUC,2012-02-14,1.5378,1.5378,1.4854,1.4854
EDUC,2012-02-15,1.479,1.479,1.479,1.479
EDUC,2012-02-16,1.4699,1.4884,1.4638,1.4638
EDUC,2012-02-17,1.5248,1.5248,1.5248,1.5248
EDUC,2012-02-21,1.5317,1.5378,1.4884,1.5037
EDUC,2012-02-22,1.4997,1.5091,1.4934,1.5091
EDUC,2012-02-23,1.51,1.5378,1.5037,1.51
EDUC,2012-02-24,1.4965,1.5091,1.4965,1.5091
EDUC,2012-02-27,1.5378,1.5378,1.4884,1.5345
EDUC,2012-02-28,1.5091,1.5091,1.5091,1.5091
EDUC,2012-02-29,1.5089,1.538,1.5089,1.5284
EDUC,2012-03-01,1.5248,1.5408,1.5248,1.5377
EDUC,2012-03-02,1.4965,1.5408,1.4965,1.5408
EDUC,2012-03-05,1.5564,1.5564,1.5248,1.5248
EDUC,2012-03-06,1.5091,1.5438,1.5091,1.5408
EDUC,2012-03-07,1.5629,1.5786,1.5599,1.5629
EDUC,2012-03-08,2.475,2.475,2.475,2.475
EDUC,2012-03-09,1.5691,1.5691,1.5344,1.5599
EDUC,2012-03-12,1.5691,1.5786,1.5599,1.5629
EDUC,2012-03-13,1.5691,1.5786,1.5377,1.5691
EDUC,2012-03-14,2.485,2.485,2.485,2.485
EDUC,2012-03-15,1.5438,1.5629,1.5438,1.5599
EDUC,2012-03-16,1.5472,1.5723,1.5408,1.5408
EDUC,2012-03-19,1.5377,1.5472,1.5344,1.5344
EDUC,2012-03-20,1.5344,1.5438,1.5344,1.5344
EDUC,2012-03-21,1.5344,1.5472,1.5344,1.5472
EDUC,2012-03-22,1.5472,1.5629,1.5315,1.5629
EDUC,2012-03-23,1.5629,1.5629,1.5629,1.5629
EDUC,2012-03-26,1.5125,1.5629,1.5125,1.5564
EDUC,2012-03-27,1.5629,1.5723,1.5629,1.5723
EDUC,2012-03-28,2.49,2.49,2.49,2.49
EDUC,2012-03-29,1.5723,1.5723,1.4997,1.5629
EDUC,2012-03-30,1.5511,1.5704,1.5511,1.564
EDUC,2012-04-02,1.5315,1.5599,1.5061,1.5061
EDUC,2012-04-03,1.5248,1.5248,1.4682,1.4934
EDUC,2012-04-04,1.5061,1.5061,1.4965,1.4965
EDUC,2012-04-05,1.4965,1.5377,1.4965,1.5377
EDUC,2012-04-09,1.5186,1.5438,1.4364,1.5315
EDUC,2012-04-10,1.5377,1.5564,1.4587,1.4997
EDUC,2012-04-11,1.4965,1.5125,1.4777,1.5125
EDUC,2012-04-12,1.4839,1.5027,1.4716,1.4997
EDUC,2012-04-13,1.5061,1.5061,1.4651,1.4651
EDUC,2012-04-16,1.4651,1.4651,1.3009,1.4398
EDUC,2012-04-17,1.3954,1.4587,1.3954,1.4587
EDUC,2012-04-18,1.4557,1.4557,1.4272,1.4522
EDUC,2012-04-19,2.3,2.3,2.3,2.3
EDUC,2012-04-20,1.4839,1.4839,1.3829,1.3829
EDUC,2012-04-23,1.3829,1.3829,1.3736,1.3829
EDUC,2012-04-24,1.4209,1.4777,1.4209,1.4587
EDUC,2012-04-25,1.4806,1.4839,1.4806,1.4839
EDUC,2012-04-26,1.4461,1.5472,1.4209,1.5344
EDUC,2012-04-27,1.4839,1.5155,1.4557,1.5125
EDUC,2012-04-30,1.4991,1.5089,1.4568,1.4568
EDUC,2012-05-01,1.4461,1.4461,1.4461,1.4461
EDUC,2012-05-02,1.4272,1.4272,1.4209,1.4209
EDUC,2012-05-03,1.5629,1.5629,1.5155,1.5155
EDUC,2012-05-04,1.5629,1.5629,1.5027,1.5155
EDUC,2012-05-07,1.5155,1.5155,1.5155,1.5155
EDUC,2012-05-08,1.5125,1.5155,1.4522,1.5155
EDUC,2012-05-09,1.5091,1.5155,1.4209,1.5155
EDUC,2012-05-10,1.4666,1.4666,1.392,1.4245
EDUC,2012-05-11,2.255,2.255,2.255,2.255
EDUC,2012-05-14,1.4144,1.4301,1.4048,1.4209
EDUC,2012-05-15,1.4301,1.4301,1.4209,1.4209
EDUC,2012-05-16,1.4209,1.4839,1.4048,1.4239
EDUC,2012-05-17,1.4492,1.4522,1.4492,1.4522
EDUC,2012-05-18,2.3,2.3,2.3,2.3
EDUC,2012-05-21,1.4301,1.4301,1.3418,1.3418
EDUC,2012-05-22,1.4144,1.4209,1.3418,1.4209
EDUC,2012-05-23,1.364,1.4174,1.364,1.4174
EDUC,2012-05-24,1.4083,1.4083,1.4083,1.4083
EDUC,2012-05-25,1.4209,1.4806,1.4209,1.4682
EDUC,2012-05-29,1.4522,1.4682,1.3893,1.4522
EDUC,2012-05-30,1.4021,1.4806,1.4021,1.4272
EDUC,2012-05-31,1.4148,1.4148,1.3594,1.392
EDUC,2012-06-01,1.4048,1.4957,1.3952,1.4635
EDUC,2012-06-04,1.4716,1.4903,1.4239,1.4239
EDUC,2012-06-05,1.4473,1.473,1.392,1.4245
EDUC,2012-06-06,1.4957,1.4957,1.3563,1.4148
EDUC,2012-06-07,1.389,1.389,1.3594,1.3594
EDUC,2012-06-08,1.3821,1.4148,1.3563,1.3693
EDUC,2012-06-11,1.392,1.4635,1.3563,1.389
EDUC,2012-06-12,1.4307,1.4408,1.4021,1.4048
EDUC,2012-06-13,1.3497,1.4083,1.2588,1.3628
EDUC,2012-06-14,1.392,1.4083,1.3467,1.4021
EDUC,2012-06-15,1.3952,1.434,1.3693,1.434
EDUC,2012-06-18,2.19,2.19,2.19,2.19
EDUC,2012-06-19,1.4245,1.4277,1.3952,1.4245
EDUC,2012-06-20,1.4113,1.4113,1.4113,1.4113
EDUC,2012-06-21,1.3952,1.4083,1.3952,1.4083
EDUC,2012-06-22,1.4083,1.4113,1.4083,1.4083
EDUC,2012-06-25,1.4113,1.4113,1.2948,1.2948
EDUC,2012-06-26,1.2979,1.4048,1.2979,1.3854
EDUC,2012-06-27,1.3628,1.3628,1.3628,1.3628
EDUC,2012-06-28,1.3628,1.3659,1.2719,1.2719
EDUC,2012-06-29,1.285,1.3744,1.285,1.3117
EDUC,2012-07-02,1.2979,1.3304,1.2979,1.3304
EDUC,2012-07-03,1.3013,1.3143,1.285,1.3076
EDUC,2012-07-05,1.2882,1.3076,1.2588,1.3076
EDUC,2012-07-06,1.2719,1.3659,1.2719,1.2915
EDUC,2012-07-09,1.2979,1.2979,1.2979,1.2979
EDUC,2012-07-10,1.2979,1.3108,1.2979,1.3044
EDUC,2012-07-11,1.3013,1.3143,1.3013,1.3143
EDUC,2012-07-12,1.3304,1.3467,1.3304,1.3467
EDUC,2012-07-13,1.3628,1.3628,1.3207,1.3207
EDUC,2012-07-16,1.3143,1.3143,1.2719,1.2915
EDUC,2012-07-17,1.3061,1.3304,1.3061,1.3304
EDUC,2012-07-18,1.3013,1.3304,1.2816,1.3292
EDUC,2012-07-19,1.285,1.2979,1.2816,1.2979
EDUC,2012-07-20,1.3013,1.3013,1.3013,1.3013
EDUC,2012-07-23,1.3076,1.3143,1.2979,1.2979
EDUC,2012-07-24,1.285,1.2979,1.2588,1.2979
EDUC,2012-07-25,1.2979,1.3304,1.2979,1.2979
EDUC,2012-07-26,1.2979,1.3725,1.2816,1.2915
EDUC,2012-07-27,1.3044,1.3594,1.2979,1.3594
EDUC,2012-07-30,1.3628,1.3628,1.2686,1.2686
EDUC,2012-07-31,1.2686,1.3304,1.2686,1.2979
EDUC,2012-08-01,1.3076,1.3792,1.2588,1.2915
EDUC,2012-08-02,1.2915,1.2915,1.2915,1.2915
EDUC,2012-08-03,1.3076,1.3207,1.2816,1.2816
EDUC,2012-08-06,1.3044,1.3174,1.2979,1.2979
EDUC,2012-08-07,1.2882,1.3628,1.2816,1.3628
EDUC,2012-08-08,1.3594,1.3594,1.2882,1.2882
EDUC,2012-08-09,1.2979,1.2979,1.2882,1.2979
EDUC,2012-08-10,1.2915,1.3044,1.2719,1.2979
EDUC,2012-08-13,1.2979,1.2979,1.2979,1.2979
EDUC,2012-08-14,1.3143,1.3143,1.2816,1.2837
EDUC,2012-08-15,1.2979,1.2979,1.285,1.285
EDUC,2012-08-16,1.2979,1.3304,1.2816,1.2979
EDUC,2012-08-17,1.285,1.2979,1.2168,1.2979
EDUC,2012-08-20,1.2751,1.2979,1.2751,1.2979
EDUC,2012-08-21,1.2882,1.2979,1.2751,1.2816
EDUC,2012-08-22,1.2816,1.2855,1.266,1.2855
EDUC,2012-08-23,1.2979,1.2979,1.233,1.2686
EDUC,2012-08-24,1.2623,1.2623,1.2203,1.25
EDUC,2012-08-27,1.2751,1.2751,1.2751,1.2751
EDUC,2012-08-28,1.2557,1.3143,1.2457,1.2915
EDUC,2012-08-29,1.285,1.285,1.2816,1.2816
EDUC,2012-08-30,1.285,1.285,1.2816,1.2816
EDUC,2012-08-31,1.975,1.975,1.975,1.975
EDUC,2012-09-04,1.2719,1.2915,1.2719,1.2915
EDUC,2012-09-05,1.2979,1.2979,1.2557,1.2979
EDUC,2012-09-06,1.3013,1.3013,1.285,1.285
EDUC,2012-09-07,1.2816,1.2979,1.2816,1.2931
EDUC,2012-09-10,1.2979,1.3594,1.2916,1.3301
EDUC,2012-09-11,1.3467,1.3628,1.34,1.34
EDUC,2012-09-12,1.3569,1.4203,1.3301,1.3367
EDUC,2012-09-13,1.34,1.34,1.32,1.34
EDUC,2012-09-14,1.3066,1.3501,1.3034,1.3367
EDUC,2012-09-17,1.3001,1.3435,1.3001,1.3135
EDUC,2012-09-18,1.3268,1.3367,1.2866,1.2866
EDUC,2012-09-19,1.2966,1.3335,1.2931,1.2966
EDUC,2012-09-20,1.2866,1.3328,1.2866,1.3254
EDUC,2012-09-21,1.3335,1.3335,1.29,1.3233
EDUC,2012-09-24,1.3268,1.3335,1.3001,1.3001
EDUC,2012-09-25,1.3066,1.3367,1.3066,1.3301
EDUC,2012-09-26,1.3201,1.3201,1.3078,1.3146
EDUC,2012-09-27,1.32,1.32,1.2966,1.3001
EDUC,2012-09-28,1.3001,1.3001,1.3001,1.3001
EDUC,2012-10-01,1.3135,1.32,1.2966,1.32
EDUC,2012-10-02,1.32,1.32,1.3009,1.3098
EDUC,2012-10-03,1.3001,1.3233,1.3001,1.3114
EDUC,2012-10-04,1.3098,1.3435,1.3001,1.3001
EDUC,2012-10-05,1.32,1.35,1.3002,1.3002
EDUC,2012-10-08,1.32,1.3233,1.3135,1.3233
EDUC,2012-10-09,1.98,1.98,1.98,1.98
EDUC,2012-10-10,1.3268,1.3335,1.32,1.3335
EDUC,2012-10-11,1.3367,1.3367,1.3367,1.3367
EDUC,2012-10-12,1.3367,1.3367,1.3335,1.3367
EDUC,2012-10-15,1.3367,1.3367,1.3301,1.332
EDUC,2012-10-16,1.3367,1.3367,1.3233,1.3233
EDUC,2012-10-17,1.98,1.98,1.98,1.98
EDUC,2012-10-18,1.3367,1.3501,1.3288,1.3367
EDUC,2012-10-19,1.3367,1.3421,1.3301,1.3367
EDUC,2012-10-22,1.3435,1.3435,1.3001,1.3335
EDUC,2012-10-23,1.3098,1.336,1.3034,1.3034
EDUC,2012-10-24,1.3109,1.3367,1.3109,1.3362
EDUC,2012-10-25,1.32,1.3435,1.32,1.32
EDUC,2012-10-26,1.3167,1.35,1.3135,1.35
EDUC,2012-10-31,1.3268,1.3367,1.2966,1.32
EDUC,2012-11-01,1.3301,1.3367,1.3098,1.3301
EDUC,2012-11-02,1.3367,1.3468,1.3167,1.3435
EDUC,2012-11-05,1.3233,1.3501,1.3233,1.3468
EDUC,2012-11-06,1.3167,1.3168,1.3135,1.3135
EDUC,2012-11-07,1.3034,1.3098,1.3034,1.3098
EDUC,2012-11-08,1.3098,1.3268,1.3066,1.3066
EDUC,2012-11-09,1.955,1.955,1.955,1.955
EDUC,2012-11-12,1.3301,1.3301,1.3267,1.3268
EDUC,2012-11-13,1.3234,1.3335,1.3234,1.3234
EDUC,2012-11-14,1.3233,1.3243,1.32,1.32
EDUC,2012-11-15,1.32,1.32,1.2531,1.2667
EDUC,2012-11-16,1.2866,1.2866,1.2866,1.2866
EDUC,2012-11-19,1.3034,1.3098,1.2988,1.3098
EDUC,2012-11-20,1.3167,1.3167,1.3066,1.3098
EDUC,2012-11-21,1.3167,1.3167,1.3135,1.3135
EDUC,2012-11-23,1.3167,1.32,1.3163,1.3163
EDUC,2012-11-26,1.3098,1.3167,1.3098,1.3098
EDUC,2012-11-27,1.32,1.32,1.3098,1.3098
EDUC,2012-11-28,1.3098,1.3098,1.2931,1.2966
EDUC,2012-11-29,1.3001,1.32,1.2966,1.32
EDUC,2012-11-30,1.3066,1.3066,1.2866,1.29
EDUC,2012-12-03,1.32,1.3535,1.32,1.3535
EDUC,2012-12-04,1.3535,1.3535,1.3233,1.3234
EDUC,2012-12-05,1.3435,1.3435,1.3367,1.3367
EDUC,2012-12-06,1.3268,1.3367,1.3233,1.3233
EDUC,2012-12-07,1.32,1.3703,1.32,1.3435
EDUC,2012-12-10,1.3535,1.3535,1.3301,1.3367
EDUC,2012-12-11,1.3871,1.3871,1.32,1.3367
EDUC,2012-12-12,1.3782,1.4161,1.3195,1.4161
EDUC,2012-12-13,1.3919,1.4194,1.3918,1.4194
EDUC,2012-12-14,1.3989,1.3989,1.3091,1.3282
EDUC,2012-12-17,1.3505,1.3782,1.3333,1.3541
EDUC,2012-12-18,1.3711,1.3747,1.3127,1.3195
EDUC,2012-12-19,1.3333,1.3747,1.3333,1.3747
EDUC,2012-12-20,1.3472,1.3677,1.3472,1.3609
EDUC,2012-12-21,1.3747,1.3815,1.3367,1.3815
EDUC,2012-12-24,1.3918,1.3953,1.3627,1.3925
EDUC,2012-12-26,1.3677,1.3677,1.3365,1.3438
EDUC,2012-12-27,1.3438,1.3438,1.3091,1.3091
EDUC,2012-12-28,1.3091,1.3711,1.3091,1.3331
EDUC,2012-12-31,1.3127,1.3677,1.3059,1.3127
EDUC,2013-01-02,1.3677,1.3782,1.323,1.323
EDUC,2013-01-03,1.3298,1.3505,1.3298,1.3505
EDUC,2013-01-04,1.3505,1.3505,1.3438,1.3472
EDUC,2013-01-07,1.3505,1.3505,1.3505,1.3505
EDUC,2013-01-08,1.3438,1.3438,1.3438,1.3438
EDUC,2013-01-09,1.3505,1.3677,1.3298,1.3642
EDUC,2013-01-10,1.3472,1.3711,1.3438,1.3711
EDUC,2013-01-11,1.3711,1.3747,1.3533,1.3747
EDUC,2013-01-14,1.3747,1.3782,1.3747,1.3782
EDUC,2013-01-15,1.3711,1.3711,1.3438,1.3438
EDUC,2013-01-16,1.3609,1.3782,1.3438,1.3643
EDUC,2013-01-17,1.3782,1.3782,1.3782,1.3782
EDUC,2013-01-18,1.3643,1.3782,1.3367,1.3367
EDUC,2013-01-22,1.3333,1.3677,1.3333,1.3438
EDUC,2013-01-23,1.3541,1.3747,1.3298,1.3711
EDUC,2013-01-24,1.3609,1.3747,1.3609,1.3747
EDUC,2013-01-25,1.3367,1.3711,1.3367,1.3472
EDUC,2013-01-28,1.3553,1.3609,1.3333,1.3333
EDUC,2013-01-29,1.3401,1.3711,1.3334,1.3401
EDUC,2013-01-30,1.3367,1.3711,1.3367,1.3368
EDUC,2013-01-31,1.3747,1.3747,1.3367,1.3609
EDUC,2013-02-01,1.3711,1.3711,1.3298,1.3298
EDUC,2013-02-04,1.3438,1.3677,1.3367,1.3472
EDUC,2013-02-05,1.3609,1.3609,1.3394,1.3401
EDUC,2013-02-06,1.3333,1.3367,1.3264,1.3334
EDUC,2013-02-07,1.3264,1.3438,1.3264,1.3438
EDUC,2013-02-08,1.3541,1.3541,1.3401,1.3541
EDUC,2013-02-11,1.3438,1.3472,1.3298,1.3298
EDUC,2013-02-12,1.3438,1.3711,1.3264,1.328
EDUC,2013-02-13,1.3438,1.3438,1.3264,1.3264
EDUC,2013-02-14,1.3481,1.3481,1.334,1.334
EDUC,2013-02-15,1.3438,1.3438,1.3091,1.3367
EDUC,2013-02-19,1.3264,1.3459,1.3161,1.3264
EDUC,2013-02-20,1.323,1.3437,1.323,1.3437
EDUC,2013-02-21,1.3438,1.3438,1.3298,1.3298
EDUC,2013-02-22,1.3429,1.3429,1.3367,1.3374
EDUC,2013-02-25,1.3438,1.3541,1.3393,1.3505
EDUC,2013-02-26,1.3505,1.3541,1.3472,1.3533
EDUC,2013-02-27,1.3494,1.3505,1.3264,1.3427
EDUC,2013-02-28,1.3472,1.3472,1.3374,1.3472
EDUC,2013-03-01,1.323,1.3367,1.323,1.3361
EDUC,2013-03-04,1.3505,1.3505,1.3367,1.3472
EDUC,2013-03-05,1.3401,1.3505,1.3161,1.3367
EDUC,2013-03-06,1.3505,1.3541,1.3367,1.3438
EDUC,2013-03-07,1.3541,1.3677,1.3438,1.3609
EDUC,2013-03-08,1.3711,1.3711,1.3264,1.3264
EDUC,2013-03-11,1.3782,1.3782,1.3298,1.3367
EDUC,2013-03-12,1.3264,1.3438,1.3264,1.3333
EDUC,2013-03-13,1.3509,1.372,1.3509,1.372
EDUC,2013-03-14,1.3649,1.3825,1.3368,1.3825
EDUC,2013-03-15,1.3895,1.4038,1.3544,1.372
EDUC,2013-03-18,1.3707,1.3707,1.3544,1.3544
EDUC,2013-03-19,1.3473,1.3544,1.3333,1.3544
EDUC,2013-03-20,1.3544,1.3544,1.3368,1.3539
EDUC,2013-03-21,1.925,1.925,1.925,1.925
EDUC,2013-03-22,1.3544,1.3544,1.3228,1.3228
EDUC,2013-03-25,1.3298,1.3333,1.3228,1.3262
EDUC,2013-03-26,1.3192,1.3192,1.3122,1.3192
EDUC,2013-03-27,1.3122,1.3221,1.3122,1.3158
EDUC,2013-03-28,1.3158,1.3509,1.3158,1.3441
EDUC,2013-04-01,1.91,1.91,1.91,1.91
EDUC,2013-04-02,1.3544,1.3544,1.3087,1.3122
EDUC,2013-04-03,1.3017,1.3544,1.3017,1.3509
EDUC,2013-04-04,1.3199,1.3199,1.3191,1.3191
EDUC,2013-04-05,1.2911,1.3544,1.2911,1.3129
EDUC,2013-04-08,1.3158,1.3298,1.3158,1.3298
EDUC,2013-04-09,1.3247,1.3247,1.3122,1.3122
EDUC,2013-04-10,1.2842,1.3333,1.2733,1.3333
EDUC,2013-04-11,1.2911,1.3051,1.2772,1.2875
EDUC,2013-04-12,1.2525,1.2904,1.2312,1.2488
EDUC,2013-04-15,1.2559,1.2559,1.2312,1.2347
EDUC,2013-04-16,1.2384,1.2488,1.2137,1.2488
EDUC,2013-04-17,1.2488,1.2559,1.2137,1.217
EDUC,2013-04-18,1.217,1.2194,1.2137,1.2137
EDUC,2013-04-19,1.2277,1.2488,1.1963,1.2312
EDUC,2013-04-22,1.2312,1.2667,1.2208,1.2667
EDUC,2013-04-23,1.2667,1.2667,1.2653,1.2667
EDUC,2013-04-24,1.2347,1.2562,1.2347,1.2452
EDUC,2013-04-25,1.77,1.77,1.77,1.77
EDUC,2013-04-26,1.2525,1.2525,1.2188,1.2525
EDUC,2013-04-29,1.2488,1.2911,1.2452,1.2805
EDUC,2013-04-30,1.2911,1.2946,1.2137,1.2312
EDUC,2013-05-01,1.2452,1.2772,1.2312,1.2697
EDUC,2013-05-02,1.2384,1.2805,1.2347,1.2733
EDUC,2013-05-03,1.2593,1.2856,1.2347,1.2347
EDUC,2013-05-06,1.2347,1.2629,1.2312,1.2347
EDUC,2013-05-07,1.2312,1.2565,1.2312,1.242
EDUC,2013-05-08,1.2559,1.2559,1.2347,1.2348
EDUC,2013-05-09,1.2452,1.2475,1.2384,1.242
EDUC,2013-05-10,1.242,1.2559,1.2347,1.2347
EDUC,2013-05-13,1.2492,1.2492,1.2384,1.2384
EDUC,2013-05-14,1.2559,1.2559,1.2384,1.2384
EDUC,2013-05-15,1.2347,1.2452,1.2347,1.242
EDUC,2013-05-16,1.242,1.2525,1.2347,1.2384
EDUC,2013-05-17,1.2384,1.2555,1.2384,1.2555
EDUC,2013-05-20,1.2559,1.2559,1.2312,1.2452
EDUC,2013-05-21,1.2559,1.2559,1.2525,1.2559
EDUC,2013-05-22,1.2559,1.2667,1.2312,1.2488
EDUC,2013-05-23,1.2312,1.2762,1.2312,1.2733
EDUC,2013-05-24,1.2482,1.2698,1.2482,1.2488
EDUC,2013-05-28,1.2639,1.2667,1.2398,1.2525
EDUC,2013-05-29,1.2488,1.2667,1.2384,1.2621
EDUC,2013-05-30,1.2626,1.263,1.2606,1.2609
EDUC,2013-05-31,1.2545,1.2545,1.2489,1.2489
EDUC,2013-06-03,1.2549,1.2549,1.2421,1.2546
EDUC,2013-06-04,1.242,1.263,1.2347,1.2347
EDUC,2013-06-05,1.2347,1.263,1.2347,1.2593
EDUC,2013-06-06,1.2593,1.2593,1.2384,1.2525
EDUC,2013-06-07,1.2384,1.2531,1.2384,1.2488
EDUC,2013-06-10,1.2384,1.263,1.2384,1.2593
EDUC,2013-06-11,1.2593,1.2593,1.2525,1.2525
EDUC,2013-06-12,1.2633,1.2738,1.2633,1.2698
EDUC,2013-06-13,1.2739,1.2739,1.2306,1.2525
EDUC,2013-06-14,1.2306,1.2595,1.2306,1.2381
EDUC,2013-06-17,1.2306,1.2355,1.2306,1.2355
EDUC,2013-06-18,1.2419,1.2419,1.2381,1.2384
EDUC,2013-06-19,1.2525,1.2525,1.2344,1.2344
EDUC,2013-06-20,1.2306,1.2344,1.2127,1.2127
EDUC,2013-06-21,1.2237,1.2272,1.2127,1.2202
EDUC,2013-06-24,1.2272,1.2272,1.2093,1.2272
EDUC,2013-06-25,1.2272,1.2272,1.1048,1.1193
EDUC,2013-06-26,1.1156,1.1587,1.1156,1.1517
EDUC,2013-06-27,1.1371,1.1371,1.0977,1.0977
EDUC,2013-06-28,1.0903,1.1262,1.0903,1.1262
EDUC,2013-07-01,1.1156,1.1407,1.0941,1.1338
EDUC,2013-07-02,1.1229,1.1262,1.1229,1.1229
EDUC,2013-07-03,1.1193,1.148,1.1193,1.1266
EDUC,2013-07-05,1.1371,1.1407,1.1366,1.1366
EDUC,2013-07-08,1.1376,1.148,1.1371,1.148
EDUC,2013-07-09,1.1588,1.177,1.1587,1.177
EDUC,2013-07-10,1.1591,1.1644,1.1517,1.1517
EDUC,2013-07-11,1.1732,1.1837,1.1588,1.1837
EDUC,2013-07-12,1.1517,1.1517,1.0977,1.1444
EDUC,2013-07-15,1.1444,1.1805,1.1338,1.1693
EDUC,2013-07-16,1.1693,1.1693,1.098,1.1343
EDUC,2013-07-17,1.1371,1.1619,1.1012,1.1269
EDUC,2013-07-18,1.1568,1.1568,1.1551,1.1551
EDUC,2013-07-19,1.1588,1.1588,1.1012,1.1085
EDUC,2013-07-22,1.1156,1.1156,1.0903,1.0941
EDUC,2013-07-23,1.0977,1.1156,1.0977,1.1085
EDUC,2013-07-24,1.0977,1.107,1.0977,1.0977
EDUC,2013-07-25,1.1048,1.1048,1.0977,1.1048
EDUC,2013-07-26,1.1119,1.1229,1.1048,1.1229
EDUC,2013-07-29,1.1156,1.177,1.1156,1.1732
EDUC,2013-07-30,1.1661,1.1732,1.1588,1.1627
EDUC,2013-07-31,1.1627,1.1661,1.1156,1.1193
EDUC,2013-08-01,1.1193,1.1588,1.1193,1.1229
EDUC,2013-08-02,1.148,1.148,1.1156,1.1156
EDUC,2013-08-05,1.1407,1.1407,1.1131,1.1131
EDUC,2013-08-06,1.1119,1.1157,1.1048,1.1157
EDUC,2013-08-07,1.1193,1.1193,1.1193,1.1193
EDUC,2013-08-08,1.1156,1.13,1.1156,1.1156
EDUC,2013-08-09,1.1193,1.1193,1.1119,1.1119
EDUC,2013-08-12,1.545,1.545,1.545,1.545
EDUC,2013-08-13,1.1085,1.1085,1.0977,1.1048
EDUC,2013-08-14,1.1067,1.1067,1.0977,1.0986
EDUC,2013-08-15,1.0977,1.0983,1.0977,1.0977
EDUC,2013-08-16,1.0977,1.1085,1.0977,1.0977
EDUC,2013-08-19,1.0977,1.1012,1.0977,1.1009
EDUC,2013-08-20,1.1085,1.1085,1.1085,1.1085
EDUC,2013-08-21,1.1085,1.1085,1.0977,1.1047
EDUC,2013-08-22,1.1021,1.1021,1.1021,1.1021
EDUC,2013-08-23,1.0977,1.1047,1.0941,1.1026
EDUC,2013-08-26,1.1047,1.1047,1.1047,1.1047
EDUC,2013-08-27,1.1048,1.1156,1.0941,1.0941
EDUC,2013-08-28,1.0833,1.1085,1.0833,1.1045
EDUC,2013-08-29,1.535,1.535,1.535,1.535
EDUC,2013-08-30,1.535,1.535,1.535,1.535
EDUC,2013-09-03,1.0977,1.1055,1.0473,1.0796
EDUC,2013-09-04,1.0796,1.098,1.0796,1.098
EDUC,2013-09-05,1.0907,1.1018,1.087,1.098
EDUC,2013-09-06,1.0869,1.0962,1.0869,1.0962
EDUC,2013-09-09,1.0977,1.0977,1.0507,1.0903
EDUC,2013-09-10,1.0759,1.101,1.0759,1.081
EDUC,2013-09-11,1.098,1.098,1.0574,1.0574
EDUC,2013-09-12,1.0391,1.0722,0.9611,1.0352
EDUC,2013-09-13,1.0278,1.0461,1.0278,1.0352
EDUC,2013-09-16,1.0278,1.0353,1.0074,1.013
EDUC,2013-09-17,0.9575,0.9906,0.9281,0.954
EDUC,2013-09-18,0.9281,0.9503,0.9058,0.9187
EDUC,2013-09-19,0.9206,0.9242,0.9206,0.9242
EDUC,2013-09-20,0.9836,1.0055,0.9611,1.002
EDUC,2013-09-23,0.9836,1.0165,0.9836,1.0165
EDUC,2013-09-24,1.0204,1.0204,0.9687,0.9798
EDUC,2013-09-25,0.9761,1.002,0.9687,0.9687
EDUC,2013-09-26,0.9761,0.9798,0.9724,0.9798
EDUC,2013-09-27,0.9798,0.9798,0.9798,0.9798
EDUC,2013-09-30,0.9983,0.9983,0.9983,0.9983
EDUC,2013-10-01,0.9798,0.9894,0.9724,0.9873
EDUC,2013-10-02,0.9983,1.013,0.9724,1.013
EDUC,2013-10-03,0.9983,1.0204,0.9906,1.0169
EDUC,2013-10-04,1.0278,1.0278,1.0241,1.0241
EDUC,2013-10-07,1.0391,1.0539,1.0169,1.0352
EDUC,2013-10-08,1.0352,1.05,1.0169,1.05
EDUC,2013-10-09,1.0352,1.0461,1.0169,1.0461
EDUC,2013-10-10,1.0169,1.05,0.9798,0.9836
EDUC,2013-10-11,0.9798,1.0169,0.9798,1.002
EDUC,2013-10-14,1.0352,1.0391,1.0055,1.0391
EDUC,2013-10-15,1.0461,1.0574,1.0461,1.0574
EDUC,2013-10-16,1.0574,1.087,1.05,1.087
EDUC,2013-10-17,1.0722,1.0722,1.0722,1.0722
EDUC,2013-10-18,1.087,1.1166,1.061,1.061
EDUC,2013-10-21,1.0722,1.0722,1.0574,1.0722
EDUC,2013-10-22,1.0648,1.0648,1.0169,1.0315
EDUC,2013-10-23,1.0461,1.0686,1.0391,1.0648
EDUC,2013-10-24,1.0686,1.1536,1.0686,1.15
EDUC,2013-10-25,1.098,1.139,1.098,1.1239
EDUC,2013-10-28,1.1055,1.1093,1.0907,1.098
EDUC,2013-10-29,1.0944,1.0944,1.0648,1.0722
EDUC,2013-10-30,1.0574,1.0722,1.0574,1.0722
EDUC,2013-10-31,1.0686,1.0686,1.0563,1.0686
EDUC,2013-11-01,1.0686,1.0686,1.061,1.061
EDUC,2013-11-04,1.0722,1.0722,1.0539,1.0648
EDUC,2013-11-05,1.0574,1.0722,1.0169,1.0352
EDUC,2013-11-06,1.061,1.061,1.0539,1.0539
EDUC,2013-11-07,1.05,1.05,1.0204,1.0204
EDUC,2013-11-08,1.0539,1.0539,1.0241,1.0241
EDUC,2013-11-11,1.0479,1.0479,1.0283,1.0283
EDUC,2013-11-12,1.0426,1.0426,1.0204,1.0204
EDUC,2013-11-13,1.0391,1.0599,1.0391,1.0574
EDUC,2013-11-14,1.0574,1.061,1.0539,1.0574
EDUC,2013-11-15,1.061,1.1093,1.0539,1.0539
EDUC,2013-11-18,1.0539,1.1536,1.05,1.0796
EDUC,2013-11-19,1.1055,1.1055,1.0907,1.0907
EDUC,2013-11-20,1.1093,1.1125,1.0686,1.0907
EDUC,2013-11-21,1.0907,1.098,1.0722,1.098
EDUC,2013-11-22,1.139,1.1423,1.1093,1.1093
EDUC,2013-11-25,1.1093,1.15,1.1093,1.135
EDUC,2013-11-26,1.1166,1.1462,1.1125,1.1166
EDUC,2013-11-27,1.1423,1.1423,1.1166,1.1166
EDUC,2013-11-29,1.1166,1.1271,1.1166,1.1264
EDUC,2013-12-02,1.1611,1.1611,1.135,1.135
EDUC,2013-12-03,1.1276,1.1647,1.1276,1.1611
EDUC,2013-12-04,1.142,1.1828,1.142,1.1796
EDUC,2013-12-05,1.1796,1.1796,1.1131,1.1266
EDUC,2013-12-06,1.135,1.2203,1.135,1.2203
EDUC,2013-12-09,1.2164,1.2164,1.2016,1.2164
EDUC,2013-12-10,1.1943,1.2052,1.1611,1.2052
EDUC,2013-12-11,1.156,1.2092,1.137,1.1902
EDUC,2013-12-12,1.1824,1.1824,1.1485,1.1485
EDUC,2013-12-13,1.156,1.156,1.137,1.1407
EDUC,2013-12-16,1.1447,1.1447,1.0917,1.0953
EDUC,2013-12-17,1.1107,1.1524,1.1107,1.1447
EDUC,2013-12-18,1.1407,1.1824,1.1142,1.1824
EDUC,2013-12-19,1.1863,1.194,1.1637,1.1637
EDUC,2013-12-20,1.1863,1.1902,1.118,1.156
EDUC,2013-12-23,1.1447,1.1863,1.1447,1.1599
EDUC,2013-12-24,1.1674,1.1674,1.0996,1.118
EDUC,2013-12-26,1.1218,1.1863,1.1218,1.1863
EDUC,2013-12-27,1.1789,1.1789,1.171,1.171
EDUC,2013-12-30,1.1524,1.1863,1.1524,1.156
EDUC,2013-12-31,1.1524,1.1674,1.1524,1.1637
EDUC,2014-01-02,1.1524,1.4364,1.1477,1.3152
EDUC,2014-01-03,1.2887,1.3199,1.2747,1.2923
EDUC,2014-01-06,1.3266,1.3266,1.3076,1.3076
EDUC,2014-01-07,1.2356,1.3266,1.1334,1.2052
EDUC,2014-01-08,1.1978,1.2167,1.194,1.2015
EDUC,2014-01-09,1.194,1.194,1.156,1.1752
EDUC,2014-01-10,1.1902,1.1902,1.1902,1.1902
EDUC,2014-01-13,1.1863,1.194,1.1524,1.194
EDUC,2014-01-14,1.1485,1.194,1.1485,1.1863
EDUC,2014-01-15,1.171,1.247,1.1674,1.2206
EDUC,2014-01-16,1.2092,1.3457,1.2092,1.3378
EDUC,2014-01-17,1.3305,1.4328,1.3152,1.4328
EDUC,2014-01-21,1.4289,1.4707,1.4289,1.4631
EDUC,2014-01-22,1.4743,1.4895,1.4667,1.4743
EDUC,2014-01-23,1.4667,1.4743,1.448,1.4556
EDUC,2014-01-24,1.4591,1.4592,1.3608,1.3798
EDUC,2014-01-27,1.3571,1.3645,1.2849,1.3494
EDUC,2014-01-28,1.3571,1.3571,1.3379,1.3531
EDUC,2014-01-29,1.3571,1.3571,1.2961,1.3457
EDUC,2014-01-30,1.2923,1.2961,1.2923,1.2961
EDUC,2014-01-31,1.2887,1.3571,1.2887,1.3571
EDUC,2014-02-03,1.3418,1.3571,1.3076,1.3571
EDUC,2014-02-04,1.3457,1.3457,1.2849,1.2887
EDUC,2014-02-05,1.2961,1.2961,1.2961,1.2961
EDUC,2014-02-06,1.2887,1.3531,1.2887,1.3152
EDUC,2014-02-07,1.3494,1.4174,1.3494,1.3798
EDUC,2014-02-10,1.4136,1.4174,1.4027,1.4136
EDUC,2014-02-11,1.3494,1.3835,1.2923,1.3494
EDUC,2014-02-12,1.3076,1.3076,1.3076,1.3076
EDUC,2014-02-13,1.3076,1.4136,1.2961,1.3379
EDUC,2014-02-14,1.3645,1.4135,1.3645,1.4061
EDUC,2014-02-18,1.4174,1.4174,1.3721,1.4174
EDUC,2014-02-19,1.4027,1.4174,1.4027,1.4136
EDUC,2014-02-20,1.4174,1.4174,1.41,1.41
EDUC,2014-02-21,1.4174,1.4289,1.4174,1.4289
EDUC,2014-02-24,1.4253,1.4707,1.394,1.4174
EDUC,2014-02-25,1.4328,1.4667,1.4027,1.4027
EDUC,2014-02-26,1.4136,1.4136,1.4027,1.4061
EDUC,2014-02-27,1.3947,1.3987,1.3947,1.3987
EDUC,2014-02-28,1.3987,1.4364,1.3987,1.4174
EDUC,2014-03-03,1.4404,1.4404,1.304,1.3531
EDUC,2014-03-04,1.3531,1.3573,1.3531,1.3571
EDUC,2014-03-05,1.3683,1.482,1.3683,1.482
EDUC,2014-03-06,1.4855,1.4855,1.459,1.4592
EDUC,2014-03-07,1.3896,1.4289,1.3896,1.4253
EDUC,2014-03-10,1.4136,1.4858,1.41,1.4782
EDUC,2014-03-11,1.4364,1.4858,1.4364,1.4858
EDUC,2014-03-12,1.4201,1.5285,1.4008,1.4781
EDUC,2014-03-13,1.513,1.5314,1.3619,1.4238
EDUC,2014-03-14,1.3968,1.4086,1.3968,1.3968
EDUC,2014-03-17,1.4041,1.4472,1.4041,1.4122
EDUC,2014-03-18,1.4122,1.4858,1.4122,1.4858
EDUC,2014-03-19,1.4508,1.4508,1.4003,1.4007
EDUC,2014-03-20,1.4352,1.4425,1.3929,1.4356
EDUC,2014-03-21,1.4395,1.4549,1.3929,1.4007
EDUC,2014-03-24,1.4315,1.4356,1.3968,1.4356
EDUC,2014-03-25,1.4356,1.4432,1.4012,1.4432
EDUC,2014-03-26,1.4086,1.4741,1.4007,1.4044
EDUC,2014-03-27,1.4044,1.4508,1.4007,1.4356
EDUC,2014-03-28,1.855,1.855,1.855,1.855
EDUC,2014-03-31,1.4315,1.4315,1.4007,1.4007
EDUC,2014-04-01,1.4238,1.4741,1.3929,1.4741
EDUC,2014-04-02,1.3929,1.4238,1.3929,1.4238
EDUC,2014-04-03,1.4315,1.4735,1.3968,1.4587
EDUC,2014-04-04,1.4315,1.4551,1.4122,1.4551
EDUC,2014-04-07,1.4315,1.4472,1.4315,1.4315
EDUC,2014-04-08,1.4125,1.4125,1.3933,1.3968
EDUC,2014-04-09,1.4165,1.4278,1.4165,1.4272
EDUC,2014-04-10,1.3774,1.4201,1.3738,1.3892
EDUC,2014-04-11,1.3697,1.4315,1.3697,1.4315
EDUC,2014-04-14,1.482,1.509,1.4472,1.509
EDUC,2014-04-15,1.5013,1.5013,1.5013,1.5013
EDUC,2014-04-16,1.4548,1.5053,1.4548,1.482
EDUC,2014-04-17,1.915,1.915,1.915,1.915
EDUC,2014-04-21,1.3738,1.5053,1.3738,1.4705
EDUC,2014-04-22,1.4825,1.4825,1.4665,1.4665
EDUC,2014-04-23,1.4625,1.4741,1.4625,1.4741
EDUC,2014-04-24,1.4741,1.5053,1.4705,1.4972
EDUC,2014-04-25,1.4896,1.4897,1.4647,1.4647
EDUC,2014-04-28,1.4705,1.4705,1.4665,1.4705
EDUC,2014-04-29,1.4697,1.5053,1.4697,1.5013
EDUC,2014-04-30,1.4508,1.4705,1.4508,1.4705
EDUC,2014-05-01,1.4705,1.4705,1.4665,1.4705
EDUC,2014-05-02,1.455,1.5013,1.455,1.5013
EDUC,2014-05-05,1.5013,1.5013,1.4741,1.4935
EDUC,2014-05-06,1.5009,1.5009,1.4705,1.4705
EDUC,2014-05-07,1.9,1.9,1.9,1.9
EDUC,2014-05-08,1.4858,1.4858,1.455,1.4858
EDUC,2014-05-09,1.4896,1.4896,1.4896,1.4896
EDUC,2014-05-12,1.4781,1.4854,1.4781,1.4854
EDUC,2014-05-13,1.455,1.4909,1.455,1.4897
EDUC,2014-05-14,1.4897,1.4897,1.4897,1.4897
EDUC,2014-05-15,1.925,1.925,1.925,1.925
EDUC,2014-05-16,1.4512,1.456,1.4508,1.456
EDUC,2014-05-19,1.4972,1.5013,1.4625,1.4969
EDUC,2014-05-20,1.4508,1.4508,1.4508,1.4508
EDUC,2014-05-21,1.4781,1.4897,1.4625,1.4625
EDUC,2014-05-22,1.455,1.4625,1.4315,1.4472
EDUC,2014-05-23,1.4508,1.4625,1.4172,1.4172
EDUC,2014-05-27,1.4315,1.4587,1.4122,1.4587
EDUC,2014-05-28,1.4508,1.4508,1.4472,1.4472
EDUC,2014-05-29,1.4086,1.5012,1.4086,1.4702
EDUC,2014-05-30,1.4705,1.4897,1.4695,1.4893
EDUC,2014-06-02,1.4635,1.509,1.4635,1.509
EDUC,2014-06-03,1.4741,1.509,1.4587,1.509
EDUC,2014-06-04,1.4858,1.509,1.4681,1.4781
EDUC,2014-06-05,1.4896,1.4897,1.4889,1.4897
EDUC,2014-06-06,1.4897,1.4897,1.482,1.4897
EDUC,2014-06-09,1.4705,1.509,1.4665,1.509
EDUC,2014-06-10,1.509,1.509,1.509,1.509
EDUC,2014-06-11,1.497,1.5406,1.4813,1.4813
EDUC,2014-06-12,1.509,1.5327,1.4813,1.5327
EDUC,2014-06-13,1.5209,1.5367,1.5138,1.5158
EDUC,2014-06-16,1.5168,1.5289,1.4854,1.5176
EDUC,2014-06-17,1.5248,1.5248,1.4854,1.5162
EDUC,2014-06-18,1.4932,1.5209,1.4932,1.5209
EDUC,2014-06-19,1.5209,1.5209,1.5209,1.5209
EDUC,2014-06-20,1.5209,1.5209,1.5164,1.5209
EDUC,2014-06-23,1.5209,1.5322,1.511,1.5322
EDUC,2014-06-24,1.5606,1.5606,1.5327,1.5402
EDUC,2014-06-25,1.5526,1.5606,1.5445,1.5606
EDUC,2014-06-26,1.5606,1.5606,1.5397,1.5397
EDUC,2014-06-27,1.5606,1.5606,1.4458,1.4705
EDUC,2014-06-30,1.4734,1.5606,1.4734,1.5606
EDUC,2014-07-01,1.5562,1.5605,1.4181,1.4655
EDUC,2014-07-02,1.4854,1.5526,1.4854,1.5526
EDUC,2014-07-03,1.955,1.955,1.955,1.955
EDUC,2014-07-07,1.5606,1.5606,1.5112,1.5526
EDUC,2014-07-08,1.5526,1.5606,1.5487,1.5562
EDUC,2014-07-09,1.5606,1.5606,1.5526,1.5606
EDUC,2014-07-10,1.5605,1.5606,1.5445,1.5606
EDUC,2014-07-11,1.5606,1.5606,1.5367,1.5406
EDUC,2014-07-14,1.5138,1.5606,1.5138,1.5402
EDUC,2014-07-15,1.5606,1.5606,1.5367,1.5406
EDUC,2014-07-16,1.5606,1.7934,1.5562,1.6767
EDUC,2014-07-17,1.7186,1.8725,1.7071,1.7657
EDUC,2014-07-18,1.7739,1.8171,1.7617,1.8133
EDUC,2014-07-21,1.8133,1.8922,1.8133,1.8739
EDUC,2014-07-22,1.8841,1.9554,1.8368,1.8762
EDUC,2014-07-23,1.9396,1.9396,1.8684,1.9357
EDUC,2014-07-24,1.9671,1.9711,1.8883,1.8883
EDUC,2014-07-25,1.908,1.9161,1.8763,1.9161
EDUC,2014-07-28,1.8646,1.9278,1.8574,1.8805
EDUC,2014-07-29,1.908,1.9751,1.8883,1.9278
EDUC,2014-07-30,1.9001,1.9357,1.9001,1.9357
EDUC,2014-07-31,1.9357,1.9357,1.8684,1.8841
EDUC,2014-08-01,1.8566,1.8922,1.8566,1.8762
EDUC,2014-08-04,1.8762,1.9357,1.8762,1.9357
EDUC,2014-08-05,1.9161,1.9515,1.9161,1.9357
EDUC,2014-08-06,1.9199,1.9554,1.8762,1.9554
EDUC,2014-08-07,1.9554,1.9554,1.9435,1.9474
EDUC,2014-08-08,1.8962,1.9357,1.8962,1.9001
EDUC,2014-08-11,1.9199,1.9435,1.9199,1.9435
EDUC,2014-08-12,1.9515,1.9554,1.8487,1.9357
EDUC,2014-08-13,1.9515,1.9515,1.8566,1.8566
EDUC,2014-08-14,1.8646,1.9515,1.8646,1.8823
EDUC,2014-08-15,1.9161,1.9161,1.908,1.9161
EDUC,2014-08-18,1.9357,1.9357,1.8763,1.9047
EDUC,2014-08-19,1.8725,1.8962,1.8607,1.8607
EDUC,2014-08-20,1.8922,1.9357,1.8566,1.932
EDUC,2014-08-21,1.9278,1.9317,1.904,1.9317
EDUC,2014-08-22,1.9317,1.9317,1.8644,1.8684
EDUC,2014-08-25,1.8962,1.9357,1.8762,1.9317
EDUC,2014-08-26,1.8962,1.9357,1.8962,1.9317
EDUC,2014-08-27,1.9357,1.9357,1.8932,1.8932
EDUC,2014-08-28,1.9357,1.9357,1.8806,1.916
EDUC,2014-08-29,1.9317,1.9357,1.8841,1.9357
EDUC,2014-09-02,1.9357,1.9357,1.8805,1.8831
EDUC,2014-09-03,1.8922,1.9278,1.8841,1.9161
EDUC,2014-09-04,1.916,1.9161,1.916,1.9161
EDUC,2014-09-05,1.9121,1.9161,1.8883,1.9161
EDUC,2014-09-08,1.9161,1.9161,1.9001,1.9161
EDUC,2014-09-09,1.8962,1.9161,1.8962,1.9161
EDUC,2014-09-10,1.9441,1.9441,1.8958,1.8958
EDUC,2014-09-11,1.9361,1.9676,1.8958,1.9601
EDUC,2014-09-12,2.44,2.44,2.44,2.44
EDUC,2014-09-15,1.9681,1.9681,1.8998,1.9067
EDUC,2014-09-16,1.8998,1.9681,1.8998,1.9522
EDUC,2014-09-17,1.9037,1.9199,1.8998,1.9199
EDUC,2014-09-18,2.39,2.39,2.39,2.39
EDUC,2014-09-19,1.9681,1.9802,1.94,1.94
EDUC,2014-09-22,1.9478,1.9522,1.9079,1.9079
EDUC,2014-09-23,1.9138,1.9138,1.9138,1.9138
EDUC,2014-09-24,1.94,1.94,1.928,1.94
EDUC,2014-09-25,2.415,2.415,2.415,2.415
EDUC,2014-09-26,1.9441,1.9681,1.8958,1.8958
EDUC,2014-09-29,1.8877,1.8877,1.8276,1.8555
EDUC,2014-09-30,1.8684,1.8684,1.8684,1.8684
EDUC,2014-10-01,1.8476,1.8476,1.7312,1.7312
EDUC,2014-10-02,1.735,1.738,1.7312,1.738
EDUC,2014-10-03,1.7671,1.8375,1.7472,1.7713
EDUC,2014-10-06,1.7595,1.7671,1.7553,1.7631
EDUC,2014-10-07,2.195,2.195,2.195,2.195
EDUC,2014-10-08,1.7756,1.7756,1.7756,1.7756
EDUC,2014-10-09,1.7756,1.7796,1.7671,1.7713
EDUC,2014-10-10,1.7631,1.7835,1.7553,1.7553
EDUC,2014-10-13,1.7553,1.779,1.7553,1.779
EDUC,2014-10-14,1.7874,1.7994,1.7874,1.7994
EDUC,2014-10-15,1.9199,1.9361,1.7994,1.8718
EDUC,2014-10-16,1.8073,1.8234,1.5768,1.6227
EDUC,2014-10-17,1.6348,1.695,1.6348,1.6709
EDUC,2014-10-20,1.6709,1.7472,1.6709,1.7472
EDUC,2014-10-21,1.7392,1.8073,1.7392,1.7698
EDUC,2014-10-22,1.7511,1.7918,1.6749,1.6749
EDUC,2014-10-23,1.7069,1.7144,1.6911,1.7144
EDUC,2014-10-24,1.695,1.7994,1.695,1.695
EDUC,2014-10-27,1.7223,1.7223,1.695,1.7223
EDUC,2014-10-28,1.7392,1.8555,1.695,1.695
EDUC,2014-10-29,1.703,1.7756,1.695,1.7605
EDUC,2014-10-30,1.7713,1.7756,1.703,1.7272
EDUC,2014-10-31,1.7553,1.7553,1.7272,1.7553
EDUC,2014-11-03,1.7069,1.7713,1.7069,1.7671
EDUC,2014-11-04,1.7671,1.7713,1.7392,1.7392
EDUC,2014-11-05,1.735,1.7472,1.687,1.7069
EDUC,2014-11-06,1.7229,1.779,1.711,1.735
EDUC,2014-11-07,1.7756,1.7954,1.6547,1.6547
EDUC,2014-11-10,1.6911,1.779,1.651,1.695
EDUC,2014-11-11,1.7069,1.7511,1.6586,1.6667
EDUC,2014-11-12,1.687,1.6917,1.687,1.6917
EDUC,2014-11-13,1.7229,1.8073,1.6829,1.695
EDUC,2014-11-14,1.695,1.7511,1.6667,1.7229
EDUC,2014-11-17,1.6709,1.7549,1.6709,1.695
EDUC,2014-11-18,1.7069,1.7191,1.687,1.687
EDUC,2014-11-19,1.7025,1.7025,1.7025,1.7025
EDUC,2014-11-20,1.6911,1.7631,1.6467,1.6788
EDUC,2014-11-21,1.7432,1.7432,1.7032,1.7152
EDUC,2014-11-24,1.711,1.7511,1.6991,1.711
EDUC,2014-11-25,1.7152,1.7595,1.695,1.695
EDUC,2014-11-26,1.711,1.7312,1.6991,1.703
EDUC,2014-11-28,1.711,1.735,1.695,1.695
EDUC,2014-12-01,1.7272,1.7272,1.695,1.7191
EDUC,2014-12-02,1.7191,1.7191,1.701,1.7095
EDUC,2014-12-03,1.711,1.8877,1.711,1.8836
EDUC,2014-12-04,1.8555,1.9437,1.8555,1.9437
EDUC,2014-12-05,1.9478,1.9522,1.8476,1.9138
EDUC,2014-12-08,1.956,1.9601,1.9361,1.956
EDUC,2014-12-09,1.912,1.9601,1.8598,1.9478
EDUC,2014-12-10,1.9236,1.9765,1.9236,1.9765
EDUC,2014-12-11,1.9765,1.9765,1.8879,1.9256
EDUC,2014-12-12,1.8908,1.94,1.8908,1.9393
EDUC,2014-12-15,1.9112,1.9112,1.8745,1.8787
EDUC,2014-12-16,1.8583,1.94,1.8012,1.8745
EDUC,2014-12-17,1.9277,1.94,1.9277,1.94
EDUC,2014-12-18,1.9808,1.9808,1.8215,1.9478
EDUC,2014-12-19,1.9604,1.9604,1.8661,1.8704
EDUC,2014-12-22,1.8661,1.9522,1.8297,1.9032
EDUC,2014-12-23,1.9072,1.9366,1.9032,1.9032
EDUC,2014-12-24,1.944,1.9684,1.8704,1.9156
EDUC,2014-12-26,1.944,1.9522,1.8787,1.895
EDUC,2014-12-29,1.9156,1.9812,1.9156,1.9684
EDUC,2014-12-30,1.9928,1.9928,1.9645,1.9645
EDUC,2014-12-31,1.9604,1.9887,1.9604,1.9788
EDUC,2015-01-02,1.9885,1.9928,1.9808,1.9818
EDUC,2015-01-05,1.9808,2.0012,1.9604,1.997
EDUC,2015-01-06,1.9897,2.1237,1.9897,2.1237
EDUC,2015-01-07,2.1441,2.2379,2.1321,2.2379
EDUC,2015-01-08,2.2259,2.2502,2.2259,2.2386
EDUC,2015-01-09,2.2463,2.2543,2.1643,2.2463
EDUC,2015-01-12,2.4012,2.4505,2.2665,2.3262
EDUC,2015-01-13,2.2708,2.3691,2.2708,2.3691
EDUC,2015-01-14,2.3278,2.3278,2.2992,2.3033
EDUC,2015-01-15,2.0459,2.1318,1.752,1.9704
EDUC,2015-01-16,1.9194,1.9277,1.7725,1.7969
EDUC,2015-01-20,1.8337,1.8337,1.7684,1.8011
EDUC,2015-01-21,1.7927,1.8028,1.703,1.7561
EDUC,2015-01-22,1.7748,1.7748,1.7154,1.7439
EDUC,2015-01-23,1.8272,1.8272,1.703,1.7232
EDUC,2015-01-26,1.6825,1.7888,1.6744,1.7725
EDUC,2015-01-27,1.7112,1.8047,1.7112,1.7973
EDUC,2015-01-28,1.7888,1.7888,1.7399,1.7399
EDUC,2015-01-29,1.7725,1.7725,1.703,1.703
EDUC,2015-01-30,1.6948,1.7475,1.6866,1.7475
EDUC,2015-02-02,1.7439,1.7479,1.7154,1.7479
EDUC,2015-02-03,1.7479,1.7479,1.7233,1.7309
EDUC,2015-02-04,1.7193,1.7326,1.7193,1.7326
EDUC,2015-02-05,1.7193,1.745,1.5723,1.7193
EDUC,2015-02-06,1.7069,1.7069,1.6458,1.6825
EDUC,2015-02-09,1.7069,1.7848,1.699,1.7561
EDUC,2015-02-10,1.7479,1.7479,1.7112,1.7154
EDUC,2015-02-11,1.7154,1.7766,1.7154,1.7766
EDUC,2015-02-12,1.7336,1.7636,1.7336,1.7607
EDUC,2015-02-13,1.7439,1.752,1.703,1.7069
EDUC,2015-02-17,1.7497,1.7545,1.728,1.728
EDUC,2015-02-18,1.7964,1.7964,1.7684,1.7684
EDUC,2015-02-19,1.7603,1.7603,1.74,1.74
EDUC,2015-02-20,1.7356,1.7721,1.7232,1.7232
EDUC,2015-02-23,1.7232,1.7684,1.7232,1.7684
EDUC,2015-02-24,1.8134,1.8172,1.7766,1.8172
EDUC,2015-02-25,1.7927,1.7927,1.7641,1.7641
EDUC,2015-02-26,1.7356,1.7561,1.7356,1.7399
EDUC,2015-02-27,1.8011,1.805,1.7603,1.7603
EDUC,2015-03-02,2.155,2.155,2.155,2.155
EDUC,2015-03-03,1.7356,1.7804,1.7356,1.7804
EDUC,2015-03-04,1.7603,1.7684,1.7603,1.7684
EDUC,2015-03-05,1.752,1.7848,1.7356,1.7603
EDUC,2015-03-06,1.7725,1.7725,1.7232,1.7356
EDUC,2015-03-09,1.7154,1.7356,1.6542,1.699
EDUC,2015-03-10,1.7154,1.7154,1.6948,1.7112
EDUC,2015-03-11,1.7446,1.7529,1.6945,1.7446
EDUC,2015-03-12,1.7446,1.7652,1.728,1.7652
EDUC,2015-03-13,1.7112,1.7739,1.6945,1.7739
EDUC,2015-03-16,1.7112,1.728,1.6778,1.6904
EDUC,2015-03-17,1.6696,1.7029,1.6567,1.6737
EDUC,2015-03-18,1.6696,1.6696,1.6612,1.6696
EDUC,2015-03-19,1.728,1.728,1.6531,1.6531
EDUC,2015-03-20,1.7029,1.728,1.6778,1.6778
EDUC,2015-03-23,1.6696,1.6945,1.6696,1.6945
EDUC,2015-03-24,1.7155,1.7612,1.7029,1.7404
EDUC,2015-03-25,1.7195,1.7776,1.6863,1.7776
EDUC,2015-03-26,1.7776,1.7776,1.7446,1.7694
EDUC,2015-03-27,1.7404,1.7483,1.7404,1.7483
EDUC,2015-03-30,1.728,1.7446,1.6655,1.7069
EDUC,2015-03-31,1.7622,1.7622,1.7069,1.7188
EDUC,2015-04-01,1.7069,1.7483,1.6696,1.6696
EDUC,2015-04-02,1.7112,1.7112,1.6655,1.6655
EDUC,2015-04-06,1.6819,1.736,1.6531,1.736
EDUC,2015-04-07,1.7112,1.736,1.7112,1.732
EDUC,2015-04-08,1.7446,1.7446,1.7446,1.7446
EDUC,2015-04-09,1.7694,1.8818,1.7529,1.8818
EDUC,2015-04-10,1.8278,1.8278,1.8278,1.8278
EDUC,2015-04-13,1.811,1.8404,1.7903,1.7945
EDUC,2015-04-14,1.7776,1.7776,1.728,1.732
EDUC,2015-04-15,1.7483,1.7529,1.736,1.7529
EDUC,2015-04-16,2.105,2.105,2.105,2.105
EDUC,2015-04-17,1.8818,1.8818,1.7529,1.7529
EDUC,2015-04-20,1.832,1.8736,1.728,1.7483
EDUC,2015-04-21,2.1,2.1,2.1,2.1
EDUC,2015-04-22,1.7483,1.7483,1.7483,1.7483
EDUC,2015-04-23,1.861,1.8652,1.7694,1.8278
EDUC,2015-04-24,1.832,1.832,1.832,1.832
EDUC,2015-04-27,1.8234,1.8234,1.8234,1.8234
EDUC,2015-04-28,1.7986,1.8278,1.7619,1.7694
EDUC,2015-04-29,1.7694,1.7862,1.7483,1.7862
EDUC,2015-04-30,1.7483,1.8068,1.7483,1.8068
EDUC,2015-05-01,1.7903,1.7903,1.7903,1.7903
EDUC,2015-05-04,1.7652,1.7903,1.7529,1.7652
EDUC,2015-05-05,1.8861,1.8861,1.7404,1.7404
EDUC,2015-05-06,1.7529,1.8194,1.732,1.732
EDUC,2015-05-07,1.7945,1.7945,1.7321,1.736
EDUC,2015-05-08,1.7694,1.832,1.7483,1.832
EDUC,2015-05-11,1.8068,1.832,1.8068,1.8278
EDUC,2015-05-12,1.8227,1.8227,1.811,1.811
EDUC,2015-05-13,1.8234,1.832,1.811,1.832
EDUC,2015-05-14,1.811,1.811,1.7776,1.7776
EDUC,2015-05-15,2.135,2.135,2.135,2.135
EDUC,2015-05-18,1.7986,1.8206,1.787,1.8031
EDUC,2015-05-19,1.7986,1.7986,1.7903,1.7986
EDUC,2015-05-20,2.16,2.16,2.16,2.16
EDUC,2015-05-21,1.8693,1.8693,1.7903,1.7903
EDUC,2015-05-22,1.811,1.8194,1.811,1.8194
EDUC,2015-05-26,1.8068,1.8444,1.8068,1.8444
EDUC,2015-05-27,1.8029,1.861,1.8029,1.8528
EDUC,2015-05-28,1.8234,2.1592,1.8029,2.0815
EDUC,2015-05-29,2.0815,2.186,1.8861,2.0068
EDUC,2015-06-01,1.982,1.982,1.8902,1.9527
EDUC,2015-06-02,1.8944,1.9236,1.8902,1.9236
EDUC,2015-06-03,1.8818,1.9527,1.8818,1.9361
EDUC,2015-06-04,1.9444,2.0441,1.9193,1.9984
EDUC,2015-06-05,2.0068,2.0567,1.9984,2.0527
EDUC,2015-06-08,2.0109,2.1152,2.0109,2.0815
EDUC,2015-06-09,2.0815,2.0899,2.0815,2.0824
EDUC,2015-06-10,2.1365,2.1578,2.103,2.124
EDUC,2015-06-11,2.0815,2.1249,2.0815,2.0862
EDUC,2015-06-12,2.0815,2.0862,2.0055,2.0815
EDUC,2015-06-15,2.0309,2.0733,1.997,2.0733
EDUC,2015-06-16,2.0733,2.0733,2.0688,2.0688
EDUC,2015-06-17,2.0521,2.1578,2.0521,2.1578
EDUC,2015-06-18,2.103,2.103,1.8109,2.0733
EDUC,2015-06-19,2.1072,2.1072,2.0396,2.0688
EDUC,2015-06-22,2.0815,2.1535,2.0776,2.1282
EDUC,2015-06-23,2.1535,2.1535,2.1112,2.1156
EDUC,2015-06-24,2.1156,2.1156,2.103,2.103
EDUC,2015-06-25,2.1112,2.1112,2.1072,2.1072
EDUC,2015-06-26,2.103,2.103,2.0396,2.0562
EDUC,2015-06-29,2.0309,2.0396,1.9633,1.9846
EDUC,2015-06-30,2.0733,2.0797,2.0309,2.0746
EDUC,2015-07-01,1.9548,1.9548,1.9548,1.9548
EDUC,2015-07-02,2.0014,2.014,1.9927,2.0097
EDUC,2015-07-06,2.0223,2.0223,1.9885,1.9885
EDUC,2015-07-07,1.9885,1.9885,1.9336,1.9885
EDUC,2015-07-08,1.9462,1.9846,1.9379,1.9379
EDUC,2015-07-09,1.9336,1.9462,1.9038,1.9462
EDUC,2015-07-10,2.0014,2.0014,1.9548,1.9548
EDUC,2015-07-13,2.31,2.31,2.31,2.31
EDUC,2015-07-14,1.9717,2.0097,1.9717,2.0055
EDUC,2015-07-15,2.0562,2.0562,1.9758,2.0035
EDUC,2015-07-16,2.0521,2.0521,1.9506,2.0435
EDUC,2015-07-17,2.0396,2.048,2.0396,2.048
EDUC,2015-07-20,2.0309,2.0309,2.0309,2.0309
EDUC,2015-07-21,1.9633,2.0309,1.9633,2.0309
EDUC,2015-07-22,1.9885,1.9885,1.9633,1.9633
EDUC,2015-07-23,2.0269,2.0944,1.9885,2.0944
EDUC,2015-07-24,2.0309,2.0562,2.0309,2.0562
EDUC,2015-07-27,2.0097,2.0183,2.0097,2.014
EDUC,2015-07-28,2.0183,2.0183,2.014,2.014
EDUC,2015-07-29,2.0862,2.0901,2.0862,2.0901
EDUC,2015-07-30,2.0944,2.0944,2.0183,2.0733
EDUC,2015-07-31,2.45,2.45,2.45,2.45
EDUC,2015-08-03,2.014,2.014,2.014,2.014
EDUC,2015-08-04,2.0944,2.0944,2.0944,2.0944
EDUC,2015-08-05,2.0901,2.0944,2.0649,2.0649
EDUC,2015-08-06,2.0353,2.1112,2.0309,2.1072
EDUC,2015-08-07,2.0309,2.1112,2.014,2.0309
EDUC,2015-08-10,2.048,2.0562,2.0353,2.0562
EDUC,2015-08-11,2.0901,2.0994,2.0353,2.0353
EDUC,2015-08-12,2.0901,2.0901,1.9846,1.9846
EDUC,2015-08-13,2.0862,2.0862,2.0862,2.0862
EDUC,2015-08-14,2.1072,2.1072,1.9506,1.9506
EDUC,2015-08-17,1.9846,1.9885,1.9674,1.9674
EDUC,2015-08-18,1.9674,2.0649,1.9674,1.9927
EDUC,2015-08-19,1.9927,1.9927,1.9802,1.9885
EDUC,2015-08-20,1.9462,1.9927,1.942,1.9927
EDUC,2015-08-21,1.9927,2.0776,1.9038,1.9548
EDUC,2015-08-24,1.9674,2.0353,1.8321,2.013
EDUC,2015-08-25,2.0733,2.1112,2.0521,2.0901
EDUC,2015-08-26,2.1112,2.1112,2.0733,2.0733
EDUC,2015-08-27,2.0944,2.238,2.0733,2.238
EDUC,2015-08-28,2.2425,2.3948,2.2425,2.3484
EDUC,2015-08-31,2.3698,2.6572,2.3698,2.5599
EDUC,2015-09-01,2.7417,2.8604,2.5599,2.6656
EDUC,2015-09-02,2.8729,2.8771,2.6021,2.6908
EDUC,2015-09-03,2.7333,2.962,2.6446,2.7544
EDUC,2015-09-04,2.8685,2.8685,2.6868,2.729
EDUC,2015-09-08,2.7502,3.1099,2.7502,2.962
EDUC,2015-09-09,3.0861,3.1289,2.8891,2.9789
EDUC,2015-09-10,2.9874,3.0003,2.953,2.962
EDUC,2015-09-11,2.9276,3.0348,2.9147,2.953
EDUC,2015-09-14,2.932,2.9874,2.8803,2.8803
EDUC,2015-09-15,2.8591,2.9703,2.8378,2.8846
EDUC,2015-09-16,2.8931,2.962,2.8718,2.932
EDUC,2015-09-17,2.8718,2.9874,2.8718,2.9853
EDUC,2015-09-18,2.9874,2.9874,2.9574,2.9874
EDUC,2015-09-21,2.9789,3.0646,2.9703,3.0604
EDUC,2015-09-22,3.0604,3.2017,2.9574,3.1502
EDUC,2015-09-23,3.0688,3.3171,2.9575,3.2104
EDUC,2015-09-24,3.2362,3.2362,2.983,3.1032
EDUC,2015-09-25,3.116,3.2146,3.1032,3.1718
EDUC,2015-09-28,3.1589,3.2189,3.1333,3.2189
EDUC,2015-09-29,3.2189,3.2189,3.1419,3.1589
EDUC,2015-09-30,3.1589,3.2362,3.1333,3.2017
EDUC,2015-10-01,3.1289,3.1847,2.8591,2.953
EDUC,2015-10-02,2.9403,3.0861,2.7347,2.8417
EDUC,2015-10-05,2.9574,2.9574,2.7432,2.9189
EDUC,2015-10-06,2.8203,2.9147,2.7903,2.8417
EDUC,2015-10-07,2.8076,2.8803,2.7432,2.7561
EDUC,2015-10-08,3.2362,4.0463,3.2272,3.8447
EDUC,2015-10-09,3.7461,3.9647,3.622,3.669
EDUC,2015-10-12,3.6734,3.9433,3.5234,3.879
EDUC,2015-10-13,3.8361,4.2692,3.7248,4.0677
EDUC,2015-10-14,4.0419,4.5861,3.6434,4.4316
EDUC,2015-10-15,4.4959,4.5441,4.2307,4.3461
EDUC,2015-10-16,4.226,4.3801,4.1962,4.3376
EDUC,2015-10-19,4.2945,4.5559,4.2937,4.5306
EDUC,2015-10-20,4.5861,4.6071,4.2646,4.3292
EDUC,2015-10-21,4.3754,4.5002,4.2857,4.3846
EDUC,2015-10-22,4.5477,4.5773,4.3415,4.5354
EDUC,2015-10-23,4.4618,4.5607,4.4404,4.5441
EDUC,2015-10-26,4.5441,4.5441,4.372,4.372
EDUC,2015-10-27,4.4359,4.5002,4.3754,4.4959
EDUC,2015-10-28,4.4359,4.5652,4.4359,4.5652
EDUC,2015-10-29,4.5354,5.122,4.5354,5.1003
EDUC,2015-10-30,5.0838,5.2882,4.9292,5.1865
EDUC,2015-11-02,5.4221,5.5847,5.0957,5.2295
EDUC,2015-11-03,5.293,5.5679,5.1471,5.2295
EDUC,2015-11-04,5.1906,5.2637,4.9292,4.9332
EDUC,2015-11-05,4.9979,4.9979,4.5477,4.7358
EDUC,2015-11-06,4.7832,5.2508,4.7832,5.122
EDUC,2015-11-09,4.951,5.3317,4.951,5.2758
EDUC,2015-11-10,5.3064,5.3234,5.0532,5.2554
EDUC,2015-11-11,5.2721,5.4519,5.2594,5.3191
EDUC,2015-11-12,5.3317,5.5165,5.2721,5.3451
EDUC,2015-11-13,5.4601,5.5035,5.2809,5.4396
EDUC,2015-11-16,5.3708,5.7094,5.367,5.6621
EDUC,2015-11-17,5.7565,5.7859,5.448,5.6316
EDUC,2015-11-18,5.6582,5.9664,5.6582,5.7565
EDUC,2015-11-19,5.7654,6.1766,5.7654,6.1163
EDUC,2015-11-20,6.1163,6.2151,5.6802,5.687
EDUC,2015-11-23,5.7,5.7394,4.7444,4.9714
EDUC,2015-11-24,5.4647,5.735,5.2035,5.3792
EDUC,2015-11-25,5.4601,5.6912,5.0497,5.3963
EDUC,2015-11-27,5.6147,5.6147,5.1778,5.3832
EDUC,2015-11-30,5.3109,5.945,5.1606,5.9275
EDUC,2015-12-01,5.9881,7.1153,5.9881,7.0078
EDUC,2015-12-02,7.0078,7.2821,6.935,6.9906
EDUC,2015-12-03,6.9992,7.5004,6.8151,7.2738
EDUC,2015-12-04,7.2867,7.4061,7.0681,7.1494
EDUC,2015-12-07,7.368,7.4706,7.0208,7.1153
EDUC,2015-12-08,7.1109,7.1981,6.6478,7.1577
EDUC,2015-12-09,7.2397,7.5804,6.6885,7.2137
EDUC,2015-12-10,7.2227,7.2267,5.7836,6.2396
EDUC,2015-12-11,6.0376,6.3694,5.895,6.0112
EDUC,2015-12-14,5.9384,5.9942,5.654,5.9732
EDUC,2015-12-15,5.895,6.184,5.7872,5.9473
EDUC,2015-12-16,5.9732,6.1021,5.8865,6.072
EDUC,2015-12-17,6.115,6.1232,5.7145,5.8047
EDUC,2015-12-18,5.7145,6.0547,5.4342,6.0027
EDUC,2015-12-21,5.9643,5.9817,5.6672,5.7917
EDUC,2015-12-22,5.7528,6.1021,5.4135,5.5114
EDUC,2015-12-23,5.5595,5.917,5.3954,5.6626
EDUC,2015-12-24,5.654,5.6716,5.5035,5.5035
EDUC,2015-12-28,5.5035,5.6652,5.5035,5.5504
EDUC,2015-12-29,5.8133,5.8133,5.4342,5.4342
EDUC,2015-12-30,5.4301,5.4301,4.4819,4.5548
EDUC,2015-12-31,4.659,4.8184,4.5769,4.7714
EDUC,2016-01-04,4.6063,4.8549,4.568,4.7103
EDUC,2016-01-05,4.7103,4.845,4.7103,4.7489
EDUC,2016-01-06,4.6842,4.7444,4.456,4.49
EDUC,2016-01-07,4.3996,4.4082,3.8871,3.9904
EDUC,2016-01-08,4.0467,4.2468,3.9434,4.1499
EDUC,2016-01-11,4.8654,4.8654,3.9776,4.081
EDUC,2016-01-12,4.0724,4.6971,4.0724,4.1199
EDUC,2016-01-13,4.1802,4.366,3.801,3.8699
EDUC,2016-01-14,3.857,4.1974,3.7189,4.0079
EDUC,2016-01-15,4.3009,4.3009,3.8827,3.974
EDUC,2016-01-19,4.0079,4.3573,4.0079,4.206
EDUC,2016-01-20,4.219,4.5339,3.7925,4.193
EDUC,2016-01-21,4.1711,4.4255,3.7621,4.2317
EDUC,2016-01-22,4.3527,4.9164,4.0032,4.659
EDUC,2016-01-25,5.0551,5.0857,4.637,4.9044
EDUC,2016-01-26,4.8567,5.0725,4.7283,4.9518
EDUC,2016-01-27,4.9474,4.9474,4.568,4.6063
EDUC,2016-01-28,4.6547,4.8696,4.6063,4.659
EDUC,2016-01-29,4.7358,4.8479,4.3009,4.5382
EDUC,2016-02-01,4.5339,4.7103,4.3264,4.6971
EDUC,2016-02-02,4.6971,4.6971,4.4691,4.6924
EDUC,2016-02-03,4.6715,4.6957,4.2754,4.4216
EDUC,2016-02-04,4.3823,4.5135,4.2665,4.3308
EDUC,2016-02-05,4.3527,4.6198,4.163,4.3224
EDUC,2016-02-08,4.1454,4.49,4.1005,4.4775
EDUC,2016-02-09,4.4302,4.5897,4.3009,4.3738
EDUC,2016-02-10,4.3957,4.4606,4.1587,4.3308
EDUC,2016-02-11,4.1757,4.3049,3.9215,4.2321
EDUC,2016-02-12,4.2921,4.3095,4.1802,4.2875
EDUC,2016-02-16,4.3264,4.4775,4.206,4.4087
EDUC,2016-02-17,4.3617,4.4775,4.3617,4.4737
EDUC,2016-02-18,4.4775,4.7321,4.4302,4.4521
EDUC,2016-02-19,4.4861,4.8136,4.4521,4.6924
EDUC,2016-02-22,4.8267,5.6107,4.7851,5.4386
EDUC,2016-02-23,5.6282,5.7752,4.8479,5.2356
EDUC,2016-02-24,5.0375,5.3096,4.999,5.1539
EDUC,2016-02-25,5.1584,5.1843,4.659,4.8611
EDUC,2016-02-26,4.7714,5.0713,4.7403,4.9432
EDUC,2016-02-29,4.7489,5.0031,4.7489,4.8868
EDUC,2016-03-01,4.93,5.1757,4.93,5.111
EDUC,2016-03-02,5.0375,5.1926,4.9432,5.0857
EDUC,2016-03-03,5.1064,5.3225,5.0637,5.068
EDUC,2016-03-04,5.0637,5.1673,4.8954,4.9772
EDUC,2016-03-07,5.0857,5.0857,4.7532,4.8184
EDUC,2016-03-08,4.7016,5.5549,4.6971,5.1455
EDUC,2016-03-09,5.2017,5.391,5.115,5.3317
EDUC,2016-03-10,5.3675,5.3675,5.1539,5.2192
EDUC,2016-03-11,5.1888,5.3016,4.9979,4.9979
EDUC,2016-03-14,5.0805,5.3317,5.0197,5.3109
EDUC,2016-03-15,5.3363,5.4667,5.3016,5.3756
EDUC,2016-03-16,5.3802,5.4452,5.2585,5.3802
EDUC,2016-03-17,5.4233,5.5097,5.3016,5.4059
EDUC,2016-03-18,5.3363,5.5365,5.3191,5.4016
EDUC,2016-03-21,5.3842,5.559,5.2235,5.3497
EDUC,2016-03-22,5.2758,5.3408,4.8982,5.0541
EDUC,2016-03-23,5.0456,5.2057,4.8803,5.1194
EDUC,2016-03-24,5.0502,5.4016,4.9145,5.3756
EDUC,2016-03-28,5.3109,5.4756,4.9192,5.2974
EDUC,2016-03-29,5.3675,5.4973,5.2057,5.419
EDUC,2016-03-30,5.4883,5.6401,5.4883,5.6401
EDUC,2016-03-31,5.6401,6.2473,5.6401,6.0923
EDUC,2016-04-01,6.1092,6.2401,6.0008,6.0529
EDUC,2016-04-04,6.1008,6.1008,5.9796,6.0008
EDUC,2016-04-05,5.9796,6.0358,5.5624,6.0358
EDUC,2016-04-06,5.992,6.1223,5.6711,5.9796
EDUC,2016-04-07,5.9796,6.1178,5.8705,5.9532
EDUC,2016-04-08,6.0008,6.0008,5.7577,5.9138
EDUC,2016-04-11,5.9138,6.4051,5.8793,5.9095
EDUC,2016-04-12,5.9659,5.992,5.7101,5.9488
EDUC,2016-04-13,5.9532,5.9618,5.228,5.8445
EDUC,2016-04-14,5.8579,5.9572,5.8315,5.8399
EDUC,2016-04-15,5.9357,6.0223,5.8705,5.9357
EDUC,2016-04-18,5.9272,5.992,5.8664,5.8879
EDUC,2016-04-19,5.9488,6.0223,5.9095,5.9796
EDUC,2016-04-20,5.9876,6.027,5.9532,5.992
EDUC,2016-04-21,6.0136,6.3698,5.9966,6.3398
EDUC,2016-04-22,6.3615,6.5262,6.1223,6.1311
EDUC,2016-04-25,6.1959,6.2092,6.0837,6.1981
EDUC,2016-04-26,6.1959,6.2271,6.1265,6.2271
EDUC,2016-04-27,6.1959,6.2271,6.1265,6.2003
EDUC,2016-04-28,6.2271,6.2271,6.1356,6.2228
EDUC,2016-04-29,6.2181,6.2181,6.1265,6.1704
EDUC,2016-05-02,6.1576,6.3364,5.7577,5.8225
EDUC,2016-05-03,5.8225,5.8225,5.0675,5.1976
EDUC,2016-05-04,5.1762,5.2974,5.0023,5.115
EDUC,2016-05-05,5.1455,5.6188,5.1225,5.4318
EDUC,2016-05-06,5.4801,5.8579,5.4409,5.8491
EDUC,2016-05-09,5.9227,5.9446,5.6874,5.8793
EDUC,2016-05-10,5.8223,5.8223,5.5893,5.5928
EDUC,2016-05-11,5.5186,5.749,5.4686,5.749
EDUC,2016-05-12,5.7231,5.7231,5.4452,5.5798
EDUC,2016-05-13,5.5275,5.7074,5.4409,5.684
EDUC,2016-05-16,5.6142,5.7008,5.6142,5.6667
EDUC,2016-05-17,5.6274,5.6492,5.4409,5.5219
EDUC,2016-05-18,5.5928,5.6316,5.532,5.6233
EDUC,2016-05-19,5.5165,5.6667,5.5165,5.6401
EDUC,2016-05-20,5.6279,5.6279,5.4712,5.4883
EDUC,2016-05-23,5.4801,5.4928,5.4494,5.4801
EDUC,2016-05-24,5.4886,5.4928,5.4409,5.4494
EDUC,2016-05-25,5.4928,5.5365,5.4278,5.4318
EDUC,2016-05-26,5.4318,5.6015,4.4662,4.7768
EDUC,2016-05-27,4.7975,5.0885,4.4422,4.8373
EDUC,2016-05-31,4.7544,4.793,4.4727,4.6244
EDUC,2016-06-01,4.6244,5.106,4.5709,4.8284
EDUC,2016-06-02,5.0197,5.1015,4.8418,4.976
EDUC,2016-06-03,4.8937,5.2057,4.8109,4.8329
EDUC,2016-06-06,4.889,5.0541,4.7807,4.889
EDUC,2016-06-07,4.8914,5.3925,4.8502,5.1719
EDUC,2016-06-08,5.3555,5.524,4.9876,4.9876
EDUC,2016-06-09,5.027,5.0314,4.7904,4.7904
EDUC,2016-06-10,4.774,4.9621,4.5504,4.5543
EDUC,2016-06-13,4.5174,4.6114,4.3203,4.3536
EDUC,2016-06-14,4.3625,4.6507,4.3625,4.5105
EDUC,2016-06-15,4.5588,4.7695,4.5588,4.7379
EDUC,2016-06-16,4.6642,4.7255,4.5942,4.6067
EDUC,2016-06-17,4.6114,4.6291,4.4233,4.4452
EDUC,2016-06-20,4.4363,4.6012,4.4105,4.4105
EDUC,2016-06-21,4.515,4.5723,4.4149,4.4233
EDUC,2016-06-22,4.4363,4.5329,4.4233,4.4409
EDUC,2016-06-23,4.4761,4.6897,4.4409,4.6291
EDUC,2016-06-24,4.4015,4.992,4.4015,4.992
EDUC,2016-06-27,4.747,4.7744,4.4626,4.5282
EDUC,2016-06-28,4.5504,4.8784,4.5504,4.7428
EDUC,2016-06-29,4.8696,4.8696,4.7251,4.8567
EDUC,2016-06-30,4.8476,5.2325,4.7896,5.0796
EDUC,2016-07-01,5.1056,5.1368,4.9876,4.9876
EDUC,2016-07-05,4.9876,5.4296,4.7695,5.2415
EDUC,2016-07-06,5.2415,5.9853,5.237,5.5303
EDUC,2016-07-07,5.3555,5.8145,5.3555,5.5914
EDUC,2016-07-08,5.6088,5.7443,5.5785,5.736
EDUC,2016-07-11,5.5955,5.6527,5.5785,5.5785
EDUC,2016-07-12,5.5871,5.7273,5.5499,5.6694
EDUC,2016-07-13,5.6133,5.6706,5.6133,5.6133
EDUC,2016-07-14,5.6573,5.7051,5.4909,5.4954
EDUC,2016-07-15,5.687,5.687,5.5566,5.6617
EDUC,2016-07-18,5.8588,6.3527,5.811,6.0685
EDUC,2016-07-19,6.0246,6.121,5.9939,5.9983
EDUC,2016-07-20,5.9983,6.0703,5.8189,5.9723
EDUC,2016-07-21,6.0201,6.0876,5.9723,5.9723
EDUC,2016-07-22,6.0246,6.0246,5.8888,5.9504
EDUC,2016-07-25,5.9504,6.0246,5.9023,5.928
EDUC,2016-07-26,5.9068,5.983,5.8672,5.935
EDUC,2016-07-27,5.9853,6.0729,5.8637,5.9153
EDUC,2016-07-28,5.9591,6.0069,5.8975,6.0069
EDUC,2016-07-29,6.0112,6.0112,5.846,5.8888
EDUC,2016-08-01,5.8935,5.8935,5.6749,5.6749
EDUC,2016-08-02,5.687,5.823,5.6706,5.7798
EDUC,2016-08-03,5.687,5.687,5.5481,5.6416
EDUC,2016-08-04,5.6527,5.7217,5.3815,5.4252
EDUC,2016-08-05,5.4472,5.4472,4.9442,4.9748
EDUC,2016-08-08,5.0184,5.2549,5.0096,5.0532
EDUC,2016-08-09,5.0532,5.268,5.0532,5.1281
EDUC,2016-08-10,5.1413,5.1413,5.1012,5.1145
EDUC,2016-08-11,5.1145,5.2115,5.0358,5.0532
EDUC,2016-08-12,5.0229,5.2721,5.0229,5.0967
EDUC,2016-08-15,5.1413,5.1847,5.0358,5.1324
EDUC,2016-08-16,5.0967,5.1189,5.0358,5.0623
EDUC,2016-08-17,5.1539,5.1916,5.0358,5.0358
EDUC,2016-08-18,5.0493,5.1056,5.0314,5.0493
EDUC,2016-08-19,5.027,5.0754,5.027,5.027
EDUC,2016-08-22,5.014,5.0418,4.9655,4.9701
EDUC,2016-08-23,4.9701,4.9872,4.8083,4.8126
EDUC,2016-08-24,4.8126,5.0157,4.786,5.005
EDUC,2016-08-25,4.9655,4.9655,4.8306,4.909
EDUC,2016-08-26,4.9219,5.0493,4.8301,4.9309
EDUC,2016-08-29,5.1626,5.1976,4.9263,5.0623
EDUC,2016-08-30,4.9531,5.294,4.9531,5.1324
EDUC,2016-08-31,5.3331,5.3331,5.0493,5.294
EDUC,2016-09-01,5.3286,5.4342,5.3002,5.3385
EDUC,2016-09-02,5.3856,5.5923,5.3856,5.5516
EDUC,2016-09-06,5.5955,5.6178,5.4843,5.5169
EDUC,2016-09-07,5.5169,5.5942,5.4785,5.504
EDUC,2016-09-08,5.4954,5.6,5.4954,5.5803
EDUC,2016-09-09,5.5392,5.5553,5.4472,5.4891
EDUC,2016-09-12,5.4163,5.4988,5.2549,5.3944
EDUC,2016-09-13,5.373,5.4472,5.3601,5.4163
EDUC,2016-09-14,5.3853,5.3853,4.7423,4.8711
EDUC,2016-09-15,4.8832,5.0903,4.8807,5.0375
EDUC,2016-09-16,4.8919,4.9145,4.8525,4.914
EDUC,2016-09-19,4.8919,5.0242,4.786,4.8571
EDUC,2016-09-20,4.8744,4.9452,4.8083,4.8872
EDUC,2016-09-21,4.8784,4.9934,4.8701,4.8744
EDUC,2016-09-22,4.9361,4.942,4.9008,4.9008
EDUC,2016-09-23,4.914,4.9586,4.8919,4.9586
EDUC,2016-09-26,4.9586,4.9586,4.8964,4.9405
EDUC,2016-09-27,4.9626,4.9817,4.9083,4.9083
EDUC,2016-09-28,4.9008,4.9518,4.8279,4.8525
EDUC,2016-09-29,4.9008,4.9182,4.8571,4.8701
EDUC,2016-09-30,4.8083,5.0332,4.769,5.0154
EDUC,2016-10-03,4.9626,5.0375,4.9626,5.0242
EDUC,2016-10-04,4.9798,5.0287,4.9626,4.9714
EDUC,2016-10-05,5.0421,5.0421,5.0018,5.0332
EDUC,2016-10-06,5.0023,5.0242,4.914,5.0108
EDUC,2016-10-07,4.9465,5.0287,4.9098,4.9647
EDUC,2016-10-10,4.9798,4.9934,4.7467,4.764
EDUC,2016-10-11,4.7293,4.7602,4.5906,4.6756
EDUC,2016-10-12,4.685,4.7158,4.6114,4.6933
EDUC,2016-10-13,4.5616,4.61,4.5616,4.588
EDUC,2016-10-14,4.5833,4.5833,4.4606,4.5044
EDUC,2016-10-17,4.2311,4.4073,4.0328,4.0549
EDUC,2016-10-18,4.1211,4.2089,3.8123,4.2089
EDUC,2016-10-19,4.1652,4.2969,4.1427,4.2969
EDUC,2016-10-20,4.2531,4.2749,4.0769,4.2749
EDUC,2016-10-21,4.2531,4.4293,4.2311,4.3635
EDUC,2016-10-24,4.385,4.4404,4.385,4.4073
EDUC,2016-10-25,4.4954,4.4954,4.2969,4.3193
EDUC,2016-10-26,4.3193,4.4954,4.1427,4.4954
EDUC,2016-10-27,4.4954,4.5616,4.2311,4.2311
EDUC,2016-10-28,4.2531,4.3193,4.2089,4.2089
EDUC,2016-10-31,4.2089,4.2089,4.1211,4.1211
EDUC,2016-11-01,4.1871,4.1871,3.9883,4.0549
EDUC,2016-11-02,3.9883,4.0549,3.9726,3.9883
EDUC,2016-11-03,3.9664,4.0549,3.9664,4.0328
EDUC,2016-11-04,4.0106,4.0956,3.9905,4.0549
EDUC,2016-11-07,4.0328,4.0989,3.9664,4.0549
EDUC,2016-11-08,4.0549,4.1211,4.0106,4.1211
EDUC,2016-11-09,4.1427,4.2969,4.1211,4.2531
EDUC,2016-11-10,4.2531,4.3635,4.2531,4.2969
EDUC,2016-11-11,4.1211,4.3635,4.0769,4.0769
EDUC,2016-11-14,4.1211,4.1211,3.8784,3.9444
EDUC,2016-11-15,3.9664,4.0549,3.9024,3.9444
EDUC,2016-11-16,3.9002,4.0106,3.9002,3.9224
EDUC,2016-11-17,3.8565,3.9773,3.7243,3.7461
EDUC,2016-11-18,3.7461,4.2749,3.7461,4.0549
EDUC,2016-11-21,4.1652,4.3193,3.9444,3.9444
EDUC,2016-11-22,3.9883,4.1427,3.9002,4.1427
EDUC,2016-11-23,4.2089,4.3635,4.017,4.3635
EDUC,2016-11-25,4.2749,4.308,4.0989,4.2531
EDUC,2016-11-28,4.2531,4.2531,4.0106,4.0106
EDUC,2016-11-29,4.0328,4.0549,3.9664,3.9664
EDUC,2016-11-30,4.0549,4.08,3.9224,4.0194
EDUC,2016-12-01,4.0106,4.0549,3.9883,4.0328
EDUC,2016-12-02,4.0106,4.1083,3.9664,4.0989
EDUC,2016-12-05,4.0989,4.3635,4.0769,4.1652
EDUC,2016-12-06,4.1652,4.2749,4.0549,4.0769
EDUC,2016-12-07,4.1391,4.2706,4.1167,4.1834
EDUC,2016-12-08,4.1167,4.3706,4.1144,4.2945
EDUC,2016-12-09,4.2945,4.6929,4.2945,4.6286
EDUC,2016-12-12,4.6733,4.7238,4.4732,4.6733
EDUC,2016-12-13,4.6507,4.662,4.1613,4.2945
EDUC,2016-12-14,4.2945,4.3335,4.1613,4.1613
EDUC,2016-12-15,4.228,4.4422,4.1391,4.228
EDUC,2016-12-16,4.2502,4.3393,4.1834,4.2502
EDUC,2016-12-19,4.2728,4.4149,4.2728,4.3539
EDUC,2016-12-20,4.3169,4.3838,4.228,4.3838
EDUC,2016-12-21,4.3617,4.3838,4.2502,4.3393
EDUC,2016-12-22,4.3169,4.3814,4.228,4.2848
EDUC,2016-12-23,4.2937,4.2945,4.1834,4.2945
EDUC,2016-12-27,4.3169,4.4284,4.2059,4.2665
EDUC,2016-12-28,4.2502,4.2728,4.228,4.2728
EDUC,2016-12-29,4.2728,4.3169,4.2728,4.2969
EDUC,2016-12-30,4.2512,4.4284,4.1613,4.4284
EDUC,2017-01-03,4.4284,4.4949,4.2728,4.4059
EDUC,2017-01-04,4.3617,4.4059,4.3393,4.3617
EDUC,2017-01-05,4.3838,4.4732,4.3838,4.3838
EDUC,2017-01-06,4.4507,4.4507,4.4422,4.4422
EDUC,2017-01-09,4.4059,4.5174,4.2728,4.3393
EDUC,2017-01-10,4.3838,4.4082,4.3617,4.4059
EDUC,2017-01-11,4.4034,4.426,4.2059,4.2059
EDUC,2017-01-12,4.2502,4.3005,4.2113,4.2728
EDUC,2017-01-13,4.2502,4.4284,4.2502,4.3617
EDUC,2017-01-17,4.3095,4.3493,4.2969,4.3282
EDUC,2017-01-18,4.2728,4.3393,4.2059,4.2502
EDUC,2017-01-19,4.228,4.228,4.0945,4.1617
EDUC,2017-01-20,4.2059,4.333,4.1613,4.3161
EDUC,2017-01-23,4.3617,4.4284,4.2502,4.3617
EDUC,2017-01-24,4.2728,4.2728,3.7853,4.0926
EDUC,2017-01-25,4.1167,4.2945,3.7606,3.872
EDUC,2017-01-26,3.8051,3.8275,3.6049,3.6939
EDUC,2017-01-27,3.6939,3.7829,3.6495,3.6939
EDUC,2017-01-30,3.6142,3.6142,3.2932,3.2932
EDUC,2017-01-31,3.2488,3.3824,3.093,3.3157
EDUC,2017-02-01,3.3824,3.4048,3.0711,3.1821
EDUC,2017-02-02,3.2043,3.2467,3.1821,3.2043
EDUC,2017-02-03,3.2488,3.3602,3.2266,3.2932
EDUC,2017-02-06,3.4714,3.4714,3.2488,3.2823
EDUC,2017-02-07,3.2488,3.271,3.2266,3.2266
EDUC,2017-02-08,3.2266,3.2488,3.1599,3.1821
EDUC,2017-02-09,3.1821,3.2266,3.1599,3.1599
EDUC,2017-02-10,3.2043,3.3157,3.1599,3.2488
EDUC,2017-02-13,3.2118,3.4048,3.2118,3.2932
EDUC,2017-02-14,3.3378,3.5137,3.271,3.4714
EDUC,2017-02-15,3.449,3.6049,3.449,3.6049
EDUC,2017-02-16,3.4714,3.8944,3.3824,3.8944
EDUC,2017-02-17,3.8051,4.1167,3.7242,3.8944
EDUC,2017-02-21,3.9165,4.0723,3.7463,3.9833
EDUC,2017-02-22,4.0054,4.0811,3.961,4.0278
EDUC,2017-02-23,4.0278,4.228,3.9833,4.2059
EDUC,2017-02-24,4.1613,4.3393,4.1391,4.2945
EDUC,2017-02-27,4.2113,4.2502,4.1834,4.2502
EDUC,2017-02-28,4.228,4.4507,4.228,4.2502
EDUC,2017-03-01,4.3169,4.3169,4.2502,4.2945
EDUC,2017-03-02,4.2945,4.3005,3.9165,4.0723
EDUC,2017-03-03,4.1391,4.1613,3.9388,3.961
EDUC,2017-03-06,3.961,4.0945,3.961,4.0278
EDUC,2017-03-07,4.0278,4.0723,4.0278,4.0278
EDUC,2017-03-08,4.0723,4.0723,4.0278,4.0498
EDUC,2017-03-09,4.0551,4.0723,4.0498,4.0723
EDUC,2017-03-10,3.9388,4.1391,3.9388,4.0498
EDUC,2017-03-13,4.1167,4.1403,4.0054,4.1403
EDUC,2017-03-14,4.0498,4.0945,4.0498,4.0723
EDUC,2017-03-15,4.0498,4.0945,4.0498,4.0498
EDUC,2017-03-16,4.0498,4.0498,3.9165,4.0054
EDUC,2017-03-17,3.9388,4.0498,3.9388,4.0498
EDUC,2017-03-20,4.0031,4.0054,3.961,3.961
EDUC,2017-03-21,3.9626,3.9833,3.9388,3.961
EDUC,2017-03-22,3.8498,3.9388,3.8275,3.872
EDUC,2017-03-23,3.8275,3.8863,3.6939,3.7606
EDUC,2017-03-24,3.7829,3.8498,3.7695,3.8476
EDUC,2017-03-27,3.8275,3.8275,3.6939,3.7384
EDUC,2017-03-28,3.7384,3.8498,3.7384,3.7829
EDUC,2017-03-29,3.7362,3.7606,3.7161,3.7606
EDUC,2017-03-30,3.6718,3.6718,3.4267,3.6049
EDUC,2017-03-31,3.4936,3.5382,2.7817,3.0041
EDUC,2017-04-03,3.0041,3.1599,2.9597,3.1377
EDUC,2017-04-04,3.1821,3.3824,3.1821,3.2266
EDUC,2017-04-05,3.2266,3.2488,3.1821,3.2043
EDUC,2017-04-06,3.2043,3.3378,3.2043,3.3157
EDUC,2017-04-07,3.3178,3.3824,3.2266,3.3602
EDUC,2017-04-10,3.3602,3.4267,3.3157,3.4267
EDUC,2017-04-11,3.4048,3.5583,3.3824,3.4048
EDUC,2017-04-12,3.3378,3.449,3.3378,3.3824
EDUC,2017-04-13,3.4267,3.5604,3.4267,3.5159
EDUC,2017-04-17,3.5382,3.5828,3.5159,3.5828
EDUC,2017-04-18,3.5828,3.7829,3.5828,3.6718
EDUC,2017-04-19,3.5828,3.5828,3.4737,3.4936
EDUC,2017-04-20,3.5194,3.6718,3.5159,3.6718
EDUC,2017-04-21,3.6718,3.7161,3.6495,3.6718
EDUC,2017-04-24,3.7384,3.7384,3.6718,3.6718
EDUC,2017-04-25,3.6049,3.6718,3.5604,3.5604
EDUC,2017-04-26,3.5828,3.5828,3.5382,3.5382
EDUC,2017-04-27,3.5604,3.5604,3.5159,3.5159
EDUC,2017-04-28,3.4936,3.6718,3.4936,3.6718
EDUC,2017-05-01,3.6271,3.6939,3.6271,3.6495
EDUC,2017-05-02,3.6939,4.0945,3.6851,3.9833
EDUC,2017-05-03,3.8944,3.9833,3.8944,3.9833
EDUC,2017-05-04,3.8051,3.872,3.7829,3.872
EDUC,2017-05-05,3.6718,4.0945,3.6718,4.0054
EDUC,2017-05-08,3.9165,4.0054,3.9165,4.0054
EDUC,2017-05-09,3.961,4.0278,3.7606,3.8991
EDUC,2017-05-10,3.8051,4.1167,3.7653,4.1167
EDUC,2017-05-11,3.9833,4.0723,3.9053,4.0223
EDUC,2017-05-12,4.0945,4.1167,3.8498,4.0278
EDUC,2017-05-15,4.0054,4.1167,3.9833,4.0498
EDUC,2017-05-16,3.961,4.0301,3.9165,3.9165
EDUC,2017-05-17,3.6939,3.7384,3.5604,3.6271
EDUC,2017-05-18,3.7327,3.7384,3.5604,3.7384
EDUC,2017-05-19,3.7384,3.7384,3.4267,3.449
EDUC,2017-05-22,3.4714,3.6271,3.449,3.449
EDUC,2017-05-23,3.4936,3.4936,3.4267,3.4267
EDUC,2017-05-24,3.4267,3.4267,3.0711,3.3378
EDUC,2017-05-25,3.2266,3.3378,3.2266,3.2266
EDUC,2017-05-26,3.2488,3.271,3.1154,3.2043
EDUC,2017-05-30,3.1377,3.1867,3.1377,3.1377
EDUC,2017-05-31,3.3157,4.4949,3.3157,4.3838
EDUC,2017-06-01,4.6733,4.8954,4.3169,4.4732
EDUC,2017-06-02,4.562,4.562,4.0054,4.4507
EDUC,2017-06-05,4.4732,4.4732,4.1167,4.228
EDUC,2017-06-06,4.2059,4.2945,4.2059,4.2334
EDUC,2017-06-07,4.1899,4.2945,4.1899,4.2502
EDUC,2017-06-08,4.2059,4.3169,4.1412,4.2502
EDUC,2017-06-09,4.3308,4.562,4.228,4.4949
EDUC,2017-06-12,4.4949,4.6286,4.4732,4.5838
EDUC,2017-06-13,4.6357,4.7773,4.4949,4.4949
EDUC,2017-06-14,4.6733,4.6733,4.5196,4.6063
EDUC,2017-06-15,4.4507,4.6507,4.4507,4.6507
EDUC,2017-06-16,4.6733,4.6733,4.5395,4.5934
EDUC,2017-06-19,4.5174,4.5174,4.5174,4.5174
EDUC,2017-06-20,4.4732,4.6264,4.4732,4.5174
EDUC,2017-06-21,4.4732,4.6488,4.4732,4.4732
EDUC,2017-06-22,4.6217,4.6217,4.6217,4.6217
EDUC,2017-06-23,4.8954,4.8954,4.4949,4.5174
EDUC,2017-06-26,4.4949,4.5174,4.4284,4.5174
EDUC,2017-06-27,4.5838,4.6017,4.4949,4.4949
EDUC,2017-06-28,4.5395,4.7176,4.5395,4.6952
EDUC,2017-06-29,4.6929,4.7206,4.228,4.6286
EDUC,2017-06-30,4.6286,4.7176,4.5861,4.7176
EDUC,2017-07-03,4.6952,4.7398,4.6063,4.6063
EDUC,2017-07-05,4.6733,4.6733,4.6027,4.6286
EDUC,2017-07-06,4.7841,4.7841,4.6286,4.6952
EDUC,2017-07-07,4.4059,4.7622,4.4059,4.7622
EDUC,2017-07-10,5.35,5.35,5.35,5.35
EDUC,2017-07-11,4.6076,4.6733,4.5174,4.6063
EDUC,2017-07-12,4.515,4.6733,4.515,4.562
EDUC,2017-07-13,4.8954,4.8954,4.6259,4.6357
EDUC,2017-07-14,4.6286,4.6507,4.515,4.6507
EDUC,2017-07-17,4.7398,4.7398,4.5014,4.5994
EDUC,2017-07-18,4.8288,5.3972,4.8288,4.9626
EDUC,2017-07-19,5.3408,5.3408,4.9127,5.0291
EDUC,2017-07-20,4.8288,5.0957,4.61,5.0957
EDUC,2017-07-21,4.9845,5.1626,4.9474,4.9626
EDUC,2017-07-24,4.8064,5.0516,4.8064,4.9179
EDUC,2017-07-25,5.0068,5.0068,4.8511,4.8737
EDUC,2017-07-26,4.7328,4.8737,4.7328,4.7622
EDUC,2017-07-27,4.8064,4.8719,4.7398,4.7398
EDUC,2017-07-28,4.7176,4.7997,4.7176,4.7176
EDUC,2017-07-31,4.6507,4.6582,4.6286,4.6286
EDUC,2017-08-01,4.5531,4.5543,4.5531,4.5543
EDUC,2017-08-02,4.4949,4.6924,4.4949,4.6733
EDUC,2017-08-03,4.4949,4.6578,4.4949,4.6063
EDUC,2017-08-04,4.7176,5.0516,4.6733,5.0516
EDUC,2017-08-07,4.8954,4.9626,4.8179,4.8934
EDUC,2017-08-08,4.7176,4.8719,4.7176,4.7398
EDUC,2017-08-09,4.7764,4.7764,4.7398,4.7398
EDUC,2017-08-10,4.7176,4.8225,4.7176,4.8073
EDUC,2017-08-11,4.7176,4.9626,4.6952,4.7047
EDUC,2017-08-14,5.0046,5.0046,4.6286,4.9402
EDUC,2017-08-15,4.8865,4.8954,4.8352,4.8737
EDUC,2017-08-16,4.8064,4.8198,4.8064,4.8198
EDUC,2017-08-17,4.8064,4.8064,4.5174,4.5174
EDUC,2017-08-18,4.6733,4.8737,4.6063,4.6952
EDUC,2017-08-21,4.6286,4.6661,4.6286,4.6466
EDUC,2017-08-22,4.6507,4.6507,4.3169,4.4284
EDUC,2017-08-23,4.4732,4.4732,4.4732,4.4732
EDUC,2017-08-24,4.4949,4.6952,4.3169,4.4507
EDUC,2017-08-25,4.6161,4.7841,4.5292,4.7841
EDUC,2017-08-28,4.7622,4.8737,4.7024,4.8737
EDUC,2017-08-29,4.8737,4.8737,4.7398,4.8064
EDUC,2017-08-30,4.8619,4.8619,4.8511,4.8511
EDUC,2017-08-31,4.6555,4.8737,4.6555,4.6952
EDUC,2017-09-01,4.7904,4.8954,4.7725,4.8511
EDUC,2017-09-05,4.8535,4.8753,4.8011,4.8011
EDUC,2017-09-06,4.8737,4.8757,4.6832,4.6832
EDUC,2017-09-07,4.7622,4.8418,4.7622,4.8418
EDUC,2017-09-08,4.7176,4.7988,4.7176,4.7988
EDUC,2017-09-11,4.7398,4.7398,4.7398,4.7398
EDUC,2017-09-12,4.7841,4.8737,4.7841,4.8737
EDUC,2017-09-13,4.8431,4.8737,4.8431,4.8737
EDUC,2017-09-14,4.8288,4.8288,4.8288,4.8288
EDUC,2017-09-15,4.8165,4.8737,4.8165,4.8737
EDUC,2017-09-18,4.8624,4.8737,4.8511,4.8511
EDUC,2017-09-19,4.7398,4.7398,4.7131,4.7398
EDUC,2017-09-20,4.7117,4.7622,4.7117,4.7622
EDUC,2017-09-21,4.6507,4.7975,4.5395,4.5395
EDUC,2017-09-22,4.5395,4.6286,4.5363,4.6286
EDUC,2017-09-25,5.2,5.2,5.2,5.2
EDUC,2017-09-26,4.5509,4.6286,4.5509,4.6286
EDUC,2017-09-27,4.6063,4.7841,4.6063,4.7841
EDUC,2017-09-28,4.6063,4.8288,4.6063,4.6063
EDUC,2017-09-29,4.2728,4.4059,4.1613,4.2834
EDUC,2017-10-02,4.228,4.4059,4.228,4.4059
EDUC,2017-10-03,4.4059,4.4059,4.1391,4.2502
EDUC,2017-10-04,4.5509,4.5509,4.228,4.2728
EDUC,2017-10-05,4.3393,4.3701,4.2502,4.3169
EDUC,2017-10-06,4.228,4.3169,4.228,4.2945
EDUC,2017-10-09,4.2945,4.3169,4.2945,4.3147
EDUC,2017-10-10,4.3169,4.3617,4.3169,4.3393
EDUC,2017-10-11,4.228,4.3393,4.228,4.2945
EDUC,2017-10-12,4.228,4.2945,4.228,4.2945
EDUC,2017-10-13,4.2728,4.3838,4.1269,4.228
EDUC,2017-10-16,4.1167,4.5816,4.1167,4.5395
EDUC,2017-10-17,4.562,4.7398,4.3169,4.6286
EDUC,2017-10-18,4.7841,4.9402,4.6966,4.8954
EDUC,2017-10-19,4.7413,5.1182,4.7413,4.9179
EDUC,2017-10-20,4.9845,5.2518,4.9748,5.2518
EDUC,2017-10-23,5.3408,5.6965,5.3183,5.6965
EDUC,2017-10-24,5.5633,5.7854,5.5633,5.6744
EDUC,2017-10-25,5.6299,5.713,5.4073,5.4296
EDUC,2017-10-26,5.4296,5.5017,5.4296,5.5017
EDUC,2017-10-27,5.6744,5.6744,5.6076,5.6076
EDUC,2017-10-30,5.5633,5.6299,5.4743,5.6299
EDUC,2017-10-31,5.5851,5.5851,5.5298,5.5633
EDUC,2017-11-01,5.5633,5.5633,5.541,5.541
EDUC,2017-11-02,5.5633,5.6522,5.541,5.6076
EDUC,2017-11-03,5.5633,5.7854,5.5633,5.7854
EDUC,2017-11-06,5.7854,5.7854,5.7412,5.7659
EDUC,2017-11-07,5.7854,5.7854,5.7458,5.7687
EDUC,2017-11-08,5.7854,5.7854,5.6299,5.6299
EDUC,2017-11-09,5.5851,5.875,5.5851,5.8356
EDUC,2017-11-10,5.8967,6.2083,5.8967,6.164
EDUC,2017-11-13,6.2083,6.2083,6.0326,6.1418
EDUC,2017-11-14,6.0895,6.2755,6.0306,6.0306
EDUC,2017-11-15,6.0529,6.1344,6.0149,6.1344
EDUC,2017-11-16,6.1418,6.2972,6.1418,6.2642
EDUC,2017-11-17,6.2755,6.4312,6.2531,6.4312
EDUC,2017-11-20,5.6076,6.3198,5.6076,6.2972
EDUC,2017-11-21,6.1757,6.3645,6.1757,6.3198
EDUC,2017-11-22,5.875,6.2755,5.875,6.0529
EDUC,2017-11-24,6.018,6.1284,5.8696,6.1284
EDUC,2017-11-27,5.9857,6.186,5.9193,6.0081
EDUC,2017-11-28,6.0081,6.4167,6.0081,6.1418
EDUC,2017-11-29,6.186,6.2262,6.0971,6.0971
EDUC,2017-11-30,6.2167,6.4088,6.1418,6.2083
EDUC,2017-12-01,6.2083,6.2083,6.0918,6.1197
EDUC,2017-12-04,6.0971,6.152,6.0201,6.152
EDUC,2017-12-05,6.2186,6.2186,6.1418,6.2083
EDUC,2017-12-06,6.1708,6.1708,6.057,6.1418
EDUC,2017-12-07,6.1418,6.2307,6.1418,6.1762
EDUC,2017-12-08,6.2102,6.2307,6.0971,6.2307
EDUC,2017-12-11,6.2307,6.3868,6.2307,6.2972
EDUC,2017-12-12,6.342,6.3468,6.3198,6.3198
EDUC,2017-12-13,6.2776,6.3198,6.2307,6.3198
EDUC,2017-12-14,6.2307,6.3198,6.2307,6.2531
EDUC,2017-12-15,6.4534,7.7711,6.434,7.3435
EDUC,2017-12-18,7.4548,7.5883,7.3209,7.4472
EDUC,2017-12-19,7.499,7.6774,7.4919,7.5214
EDUC,2017-12-20,7.6774,8.001,7.566,7.8105
EDUC,2017-12-21,8.0108,8.1044,7.7885,7.8551
EDUC,2017-12-22,7.7214,8.0108,7.7214,7.7885
EDUC,2017-12-26,7.4772,8.4561,7.4772,7.8105
EDUC,2017-12-27,8.2153,8.2153,7.8105,7.8995
EDUC,2017-12-28,8.0108,8.0556,7.9055,7.9432
EDUC,2017-12-29,7.8774,8.4337,7.8212,8.4337
EDUC,2018-01-02,8.4561,8.4561,8.0001,8.3153
EDUC,2018-01-03,8.0556,8.3671,7.4772,7.8551
EDUC,2018-01-04,7.944,8.1891,7.5013,7.5883
EDUC,2018-01-05,7.655,7.8995,7.5214,7.7885
EDUC,2018-01-08,7.8105,7.8105,7.4101,7.499
EDUC,2018-01-09,7.7885,8.0201,7.566,7.7885
EDUC,2018-01-10,7.8105,7.944,7.655,7.7625
EDUC,2018-01-11,7.638,7.9478,7.638,7.7441
EDUC,2018-01-12,8.1891,8.1891,7.4325,7.4325
EDUC,2018-01-16,7.566,7.566,7.0541,7.2545
EDUC,2018-01-17,7.3435,7.3435,6.8227,7.1879
EDUC,2018-01-18,7.2545,7.5526,7.1207,7.5526
EDUC,2018-01-19,7.566,8.5649,7.5435,8.0132
EDUC,2018-01-22,8.3446,8.8787,8.033,8.7671
EDUC,2018-01-23,8.9463,9.703,8.3913,9.703
EDUC,2018-01-24,9.724,10.126,9.3756,9.682
EDUC,2018-01-25,9.881,10.165,9.3347,9.525
EDUC,2018-01-26,9.525,9.903,8.9463,9.28
EDUC,2018-01-29,9.747,9.747,8.9237,9.724
EDUC,2018-01-30,9.747,9.747,9.3474,9.611
EDUC,2018-01-31,9.611,9.724,9.4674,9.682
EDUC,2018-02-01,9.611,10.214,9.611,10.148
EDUC,2018-02-02,9.881,9.903,9.503,9.658
EDUC,2018-02-05,9.1672,9.841,9.1672,9.3015
EDUC,2018-02-06,9.124,9.3474,8.791,8.791
EDUC,2018-02-07,8.7458,8.791,7.8995,8.0997
EDUC,2018-02-08,8.1445,8.3,8.0556,8.1668
EDUC,2018-02-09,8.2111,8.5667,8.1891,8.5222
EDUC,2018-02-12,8.5222,8.9022,8.2335,8.7221
EDUC,2018-02-13,8.701,8.8518,8.525,8.701
EDUC,2018-02-14,8.701,8.9022,8.701,8.7221
EDUC,2018-02-15,8.8131,9.0431,8.8131,8.9022
EDUC,2018-02-16,8.9022,9.1021,8.8572,9.0346
EDUC,2018-02-20,8.99,9.0506,8.3225,8.3671
EDUC,2018-02-21,8.1218,8.9673,8.033,8.9022
EDUC,2018-02-22,8.9673,8.9673,8.5901,8.5901
EDUC,2018-02-23,8.7458,8.791,8.3974,8.4337
EDUC,2018-02-26,8.3,8.8787,8.3,8.835
EDUC,2018-02-27,8.791,8.8131,8.545,8.5901
EDUC,2018-02-28,8.5667,8.701,8.0534,8.6135
EDUC,2018-03-01,8.4784,8.791,8.256,8.4337
EDUC,2018-03-02,8.4114,8.6116,8.1268,8.6116
EDUC,2018-03-05,8.657,8.8323,8.501,8.7458
EDUC,2018-03-06,8.8131,8.835,8.4561,8.5222
EDUC,2018-03-07,8.5222,8.835,8.5222,8.701
EDUC,2018-03-08,8.7671,8.9022,8.701,8.8131
EDUC,2018-03-09,8.8553,9.4921,8.8553,9.28
EDUC,2018-03-12,9.3474,9.903,9.3474,9.769
EDUC,2018-03-13,9.682,9.836,9.635,9.635
EDUC,2018-03-14,9.703,9.813,9.611,9.747
EDUC,2018-03-15,9.747,9.992,9.724,9.903
EDUC,2018-03-16,9.948,10.237,9.948,10.191
EDUC,2018-03-19,10.191,10.769,10.126,10.682
EDUC,2018-03-20,10.682,11.169,10.682,11.169
EDUC,2018-03-21,11.216,11.237,10.759,11.124
EDUC,2018-03-22,10.97,10.97,9.903,10.682
EDUC,2018-03-23,10.749,11.216,10.549,10.725
EDUC,2018-03-26,10.925,11.26,10.793,11.237
EDUC,2018-03-27,11.26,11.594,11.169,11.415
EDUC,2018-03-28,11.527,12.429,11.527,11.971
EDUC,2018-03-29,11.952,12.218,11.04,11.195
EDUC,2018-04-02,11.037,11.148,9.948,10.948
EDUC,2018-04-03,10.86,11.778,10.86,11.124
EDUC,2018-04-04,10.882,11.195,10.46,10.903
EDUC,2018-04-05,10.86,10.86,9.857,10.725
EDUC,2018-04-06,10.725,11.014,10.428,10.903
EDUC,2018-04-09,10.882,10.948,10.48,10.749
EDUC,2018-04-10,10.948,11.237,10.749,11.216
EDUC,2018-04-11,11.237,11.57,11.237,11.394
EDUC,2018-04-12,11.527,11.86,11.326,11.437
EDUC,2018-04-13,11.483,11.527,11.195,11.46
EDUC,2018-04-16,11.506,11.703,11.237,11.661
EDUC,2018-04-17,11.752,11.774,11.506,11.594
EDUC,2018-04-18,11.617,11.835,11.415,11.437
EDUC,2018-04-19,11.527,11.774,11.37,11.727
EDUC,2018-04-20,11.617,11.795,11.46,11.46
EDUC,2018-04-23,11.483,11.774,11.415,11.483
EDUC,2018-04-24,11.394,11.527,10.814,11.014
EDUC,2018-04-25,10.925,11.483,10.558,11.124
EDUC,2018-04-26,11.126,11.46,10.903,11.46
EDUC,2018-04-27,11.46,11.661,10.77,10.86
EDUC,2018-04-30,10.925,11.124,10.682,10.814
EDUC,2018-05-01,10.77,11.124,10.682,10.903
EDUC,2018-05-02,10.948,11.124,10.793,11.014
EDUC,2018-05-03,10.993,10.993,10.793,10.837
EDUC,2018-05-04,10.86,11.124,10.725,11.014
EDUC,2018-05-07,11.037,11.148,10.172,10.993
EDUC,2018-05-08,10.993,11.305,10.915,11.305
EDUC,2018-05-09,11.169,11.35,11.116,11.216
EDUC,2018-05-10,11.26,11.46,11.24,11.305
EDUC,2018-05-11,11.292,11.46,10.793,10.993
EDUC,2018-05-14,10.97,11.305,10.903,10.97
EDUC,2018-05-15,10.925,11.06,10.85,10.948
EDUC,2018-05-16,11.037,11.083,10.838,10.903
EDUC,2018-05-17,10.925,11.124,10.837,10.97
EDUC,2018-05-18,10.993,11.083,10.903,11.037
EDUC,2018-05-21,11.037,11.169,10.903,11.06
EDUC,2018-05-22,11.124,11.169,10.86,11.06
EDUC,2018-05-23,10.882,11.037,10.86,10.948
EDUC,2018-05-24,10.925,11.282,10.814,11.26
EDUC,2018-05-25,11.26,11.483,11.06,11.46
EDUC,2018-05-29,11.148,11.483,8.657,8.835
EDUC,2018-05-30,9.0128,9.703,9.0128,9.635
EDUC,2018-05-31,9.703,10.191,9.2119,10.057
EDUC,2018-06-01,9.947,10.215,9.2312,9.701
EDUC,2018-06-04,9.633,9.657,8.8962,8.9406
EDUC,2018-06-05,8.8729,8.9406,7.7224,8.2477
EDUC,2018-06-06,8.2477,8.8962,8.0465,8.8074
EDUC,2018-06-07,8.8074,9.03,8.628,8.9406
EDUC,2018-06-08,8.8074,8.8962,8.628,8.6947
EDUC,2018-06-11,8.6947,8.85,8.3149,8.5826
EDUC,2018-06-12,8.5844,8.6725,8.2477,8.4712
EDUC,2018-06-13,8.4267,8.6055,8.203,8.4712
EDUC,2018-06-14,8.4935,8.8962,8.3149,8.628
EDUC,2018-06-15,8.6725,8.8962,8.6055,8.85
EDUC,2018-06-18,8.7613,9.03,8.5388,8.6947
EDUC,2018-06-19,8.516,8.676,8.3716,8.6055
EDUC,2018-06-20,8.6055,8.7166,8.3149,8.3149
EDUC,2018-06-21,8.516,8.516,8.3818,8.3818
EDUC,2018-06-22,8.3864,8.3864,8.2017,8.2477
EDUC,2018-06-25,8.1584,8.3818,8.136,8.1584
EDUC,2018-06-26,8.4042,8.5388,8.1809,8.4489
EDUC,2018-06-27,8.4489,8.5826,8.1138,8.1138
EDUC,2018-06-28,8.136,8.4935,8.136,8.3372
EDUC,2018-06-29,8.3149,8.4267,8.2702,8.3818
EDUC,2018-07-02,8.2702,8.516,7.8903,8.3818
EDUC,2018-07-03,8.4489,8.5604,8.3595,8.4489
EDUC,2018-07-05,8.4267,8.5388,8.1584,8.2477
EDUC,2018-07-06,8.2253,8.4042,8.069,8.2924
EDUC,2018-07-09,8.3595,8.4489,8.069,8.2702
EDUC,2018-07-10,8.2702,8.4042,8.002,8.203
EDUC,2018-07-11,8.203,8.4935,8.069,8.069
EDUC,2018-07-12,8.069,8.069,7.6758,7.8008
EDUC,2018-07-13,8.4042,8.6725,8.2477,8.4489
EDUC,2018-07-16,8.4935,8.628,8.0488,8.3149
EDUC,2018-07-17,8.3595,8.5826,8.3149,8.5826
EDUC,2018-07-18,8.5826,9.2312,8.4935,9.1201
EDUC,2018-07-19,9.1201,9.61,9.1003,9.1633
EDUC,2018-07-20,9.0515,9.0515,8.7395,8.9191
EDUC,2018-07-23,8.8729,8.9406,8.7613,8.7613
EDUC,2018-07-24,8.8962,8.9627,8.5604,8.5604
EDUC,2018-07-25,8.5388,9.599,8.4935,8.8729
EDUC,2018-07-26,8.8074,9.0755,8.7854,8.9406
EDUC,2018-07-27,8.9406,8.9853,8.6836,8.7844
EDUC,2018-07-30,8.9647,9.3327,8.7277,8.8759
EDUC,2018-07-31,8.8962,9.3435,8.8962,8.9191
EDUC,2018-08-01,8.9853,9.0515,8.9191,8.9406
EDUC,2018-08-02,8.9406,9.0081,8.1742,9.0081
EDUC,2018-08-03,8.85,8.9853,8.85,8.9191
EDUC,2018-08-06,8.9191,9.011,8.5937,8.8729
EDUC,2018-08-07,8.8729,8.9853,8.7725,8.85
EDUC,2018-08-08,9.0515,9.0515,8.8729,8.9627
EDUC,2018-08-09,9.03,9.0515,8.9853,9.0515
EDUC,2018-08-10,8.9406,9.366,8.9406,9.2312
EDUC,2018-08-13,9.3221,9.588,9.2312,9.3455
EDUC,2018-08-14,9.3679,9.545,9.3679,9.4556
EDUC,2018-08-15,9.366,9.566,9.366,9.545
EDUC,2018-08-16,9.545,9.846,9.545,9.721
EDUC,2018-08-17,9.723,9.942,9.701,9.902
EDUC,2018-08-20,9.923,11.065,9.923,10.639
EDUC,2018-08-21,10.864,10.864,10.302,10.371
EDUC,2018-08-22,10.417,10.662,10.408,10.662
EDUC,2018-08-23,10.907,12.205,10.729,11.936
EDUC,2018-08-24,12.16,12.829,11.667,11.844
EDUC,2018-08-27,11.844,12.069,11.22,11.264
EDUC,2018-08-28,11.264,11.444,11.035,11.088
EDUC,2018-08-29,10.818,11.175,10.729,10.818
EDUC,2018-08-30,10.773,11.042,10.684,10.684
EDUC,2018-08-31,10.46,10.952,10.46,10.729
EDUC,2018-09-04,10.46,10.639,10.057,10.282
EDUC,2018-09-05,9.836,10.505,9.836,10.437
EDUC,2018-09-06,10.46,10.818,9.88,10.706
EDUC,2018-09-07,10.684,10.709,10.104,10.46
EDUC,2018-09-10,10.417,10.46,10.014,10.014
EDUC,2018-09-11,9.971,10.551,9.923,10.014
EDUC,2018-09-12,10.057,10.729,10.014,10.729
EDUC,2018-09-13,10.729,10.729,10.292,10.292
EDUC,2018-09-14,10.282,10.641,10.017,10.191
EDUC,2018-09-17,10.775,10.775,10.147,10.371
EDUC,2018-09-18,10.46,10.46,9.698,9.834
EDUC,2018-09-19,9.879,10.237,9.743,10.103
EDUC,2018-09-20,10.103,10.46,10.056,10.371
EDUC,2018-09-21,10.371,10.506,10.111,10.371
EDUC,2018-09-24,10.506,10.607,10.371,10.418
EDUC,2018-09-25,10.46,10.46,9.846,9.969
EDUC,2018-09-26,10.056,10.371,10.008,10.056
EDUC,2018-09-27,10.217,10.325,9.879,10.26
EDUC,2018-09-28,10.371,10.418,10.191,10.282
EDUC,2018-10-01,10.317,10.317,9.887,10.147
EDUC,2018-10-02,10.003,10.345,10.003,10.264
EDUC,2018-10-03,10.181,10.325,9.922,10.325
EDUC,2018-10-04,10.325,10.371,9.994,10.325
EDUC,2018-10-05,10.373,10.469,10.238,10.469
EDUC,2018-10-08,10.469,10.552,10.066,10.508
EDUC,2018-10-09,10.239,10.596,10.239,10.363
EDUC,2018-10-10,10.443,10.446,10.192,10.237
EDUC,2018-10-11,10.129,10.552,10.091,10.552
EDUC,2018-10-12,10.425,10.596,10.21,10.596
EDUC,2018-10-15,10.596,10.935,10.506,10.731
EDUC,2018-10-16,10.92,11.0,10.83,11.0
EDUC,2018-10-17,11.0,11.0,10.775,10.945
EDUC,2018-10-18,10.883,11.055,10.641,10.641
EDUC,2018-10-19,10.641,10.641,10.07,10.307
EDUC,2018-10-22,10.46,10.775,10.325,10.632
EDUC,2018-10-23,10.478,10.488,9.969,10.228
EDUC,2018-10-24,10.013,10.632,10.013,10.056
EDUC,2018-10-25,10.237,10.325,10.047,10.093
EDUC,2018-10-26,10.093,10.408,10.056,10.245
EDUC,2018-10-29,10.298,10.57,10.201,10.201
EDUC,2018-10-30,10.174,10.488,10.074,10.418
EDUC,2018-10-31,10.534,11.0,10.201,11.0
EDUC,2018-11-01,10.848,11.225,10.534,10.749
EDUC,2018-11-02,10.875,11.225,10.658,11.142
EDUC,2018-11-05,11.142,11.225,11.082,11.1
EDUC,2018-11-06,11.208,11.315,10.835,11.208
EDUC,2018-11-07,11.156,11.225,11.056,11.134
EDUC,2018-11-08,11.109,11.225,11.109,11.179
EDUC,2018-11-09,11.199,11.36,11.199,11.199
EDUC,2018-11-12,11.1,11.141,10.775,10.775
EDUC,2018-11-13,10.785,10.801,10.157,10.371
EDUC,2018-11-14,10.544,10.544,10.391,10.499
EDUC,2018-11-15,10.282,10.561,10.021,10.176
EDUC,2018-11-16,9.994,10.056,9.986,10.047
EDUC,2018-11-19,9.994,10.201,9.663,9.859
EDUC,2018-11-20,9.742,9.902,9.703,9.902
EDUC,2018-11-21,9.616,10.002,9.3572,9.3914
EDUC,2018-11-23,8.9435,9.3299,8.4947,8.7549
EDUC,2018-11-26,8.9806,9.585,8.8011,8.8441
EDUC,2018-11-27,8.6742,9.2573,8.6742,8.701
EDUC,2018-11-28,8.7642,9.1519,8.3579,8.647
EDUC,2018-11-29,8.8926,8.8926,8.6107,8.7799
EDUC,2018-11-30,8.7919,9.1604,8.7919,8.8011
EDUC,2018-12-03,8.9723,11.102,8.3761,8.7919
EDUC,2018-12-04,9.3855,9.811,8.8441,9.5
EDUC,2018-12-06,9.3327,9.585,8.3038,8.7184
EDUC,2018-12-07,8.6707,8.8011,8.6197,8.6197
EDUC,2018-12-10,8.7184,9.703,8.6197,8.837
EDUC,2018-12-11,8.7531,8.935,8.4755,8.6652
EDUC,2018-12-12,8.7458,9.0716,8.5295,8.9806
EDUC,2018-12-13,8.8534,9.1519,8.5295,8.5476
EDUC,2018-12-14,9.4141,9.883,8.4846,8.4846
EDUC,2018-12-17,8.4846,8.6633,8.2136,8.2136
EDUC,2018-12-18,8.1323,8.1323,7.3334,7.8616
EDUC,2018-12-19,8.3942,8.3942,7.8165,7.8165
EDUC,2018-12-20,7.8165,8.261,7.5098,7.7625
EDUC,2018-12-21,7.7352,7.7352,6.7965,7.3832
EDUC,2018-12-24,7.6722,7.7176,7.6099,7.7176
EDUC,2018-12-26,7.645,7.8074,7.3913,7.5908
EDUC,2018-12-27,7.6722,7.6722,7.3563,7.4554
EDUC,2018-12-28,7.9033,7.9429,7.696,7.8854
EDUC,2018-12-31,7.8887,7.9385,7.627,7.6991
EDUC,2019-01-02,7.8345,7.9699,7.627,7.9699
EDUC,2019-01-03,7.9699,8.0781,7.7957,7.8616
EDUC,2019-01-04,7.7875,9.703,7.7875,9.694
EDUC,2019-01-07,9.748,9.993,9.0621,9.1336
EDUC,2019-01-08,9.1336,9.3327,8.6175,9.281
EDUC,2019-01-09,9.4339,9.4339,9.0525,9.2071
EDUC,2019-01-10,9.1537,9.1537,8.5883,8.8056
EDUC,2019-01-11,8.9444,8.9806,7.7534,7.8526
EDUC,2019-01-14,7.7534,7.7899,7.7176,7.7176
EDUC,2019-01-15,7.6722,7.6722,6.6251,7.0764
EDUC,2019-01-16,7.2117,7.312,6.7696,6.9319
EDUC,2019-01-17,6.9048,7.1771,6.6521,6.6521
EDUC,2019-01-18,6.7875,7.0944,6.6044,7.0944
EDUC,2019-01-22,7.2661,7.8419,7.2479,7.4013
EDUC,2019-01-23,7.4374,7.8938,7.32,7.3292
EDUC,2019-01-24,7.3651,7.4959,7.0944,7.3563
EDUC,2019-01-25,7.3469,7.9699,7.1756,7.275
EDUC,2019-01-28,7.1756,7.2284,6.9953,7.1034
EDUC,2019-01-29,7.0131,7.1608,6.7786,6.8147
EDUC,2019-01-30,6.8147,7.1666,6.8147,7.1575
EDUC,2019-01-31,7.1395,7.2208,6.9953,7.1937
EDUC,2019-02-01,7.2117,7.7983,7.2117,7.627
EDUC,2019-02-04,7.645,7.6722,7.5006,7.6722
EDUC,2019-02-05,8.1232,8.1232,7.7893,7.9429
EDUC,2019-02-06,7.91,8.1145,7.91,7.9879
EDUC,2019-02-07,8.1533,8.1533,7.997,7.997
EDUC,2019-02-08,8.1145,8.1145,7.9879,7.9879
EDUC,2019-02-11,7.9879,8.0281,7.5818,7.5818
EDUC,2019-02-12,7.5818,7.873,7.5639,7.5639
EDUC,2019-02-13,7.5792,7.5792,7.4104,7.4104
EDUC,2019-02-14,7.4104,7.7713,7.3111,7.32
EDUC,2019-02-15,7.4917,7.5858,7.3651,7.3741
EDUC,2019-02-19,7.4554,7.627,7.3563,7.4283
EDUC,2019-02-20,7.6191,7.6191,7.3737,7.3829
EDUC,2019-02-21,7.3558,7.492,7.3012,7.4011
EDUC,2019-02-22,7.2651,7.3103,7.1014,7.3103
EDUC,2019-02-25,7.156,7.2163,7.1106,7.2105
EDUC,2019-02-26,7.2196,7.5282,7.1377,7.4011
EDUC,2019-02-27,7.4692,7.5374,7.4011,7.4103
EDUC,2019-02-28,7.2197,7.6464,7.2197,7.3103
EDUC,2019-03-01,7.4374,7.4374,7.3103,7.3394
EDUC,2019-03-04,7.3558,7.4283,7.3195,7.3558
EDUC,2019-03-05,7.3705,7.3705,7.2693,7.3558
EDUC,2019-03-06,7.3737,7.3737,7.2922,7.3599
EDUC,2019-03-07,7.3558,7.3737,7.1106,7.2467
EDUC,2019-03-08,7.1831,7.4011,7.1468,7.1741
EDUC,2019-03-11,7.1843,7.2377,7.1688,7.1831
EDUC,2019-03-12,7.2741,7.2741,7.0468,7.056
EDUC,2019-03-13,7.0763,7.3059,7.0763,7.1831
EDUC,2019-03-14,7.156,7.156,7.0572,7.1286
EDUC,2019-03-15,7.0835,7.1286,7.0013,7.1286
EDUC,2019-03-18,7.0742,7.0742,6.8144,6.8563
EDUC,2019-03-19,6.7744,6.829,6.6019,6.6201
EDUC,2019-03-20,6.6019,6.7082,6.4295,6.493
EDUC,2019-03-21,6.4748,6.947,6.4748,6.4748
EDUC,2019-03-22,6.4838,6.7201,6.4838,6.7201
EDUC,2019-03-25,6.7021,6.7359,6.5838,6.6837
EDUC,2019-03-26,6.7382,7.0275,6.7382,7.0199
EDUC,2019-03-27,7.1377,7.1377,7.0199,7.0996
EDUC,2019-03-28,7.0569,7.0569,7.0287,7.0287
EDUC,2019-03-29,6.9672,7.1079,6.8744,6.8744
EDUC,2019-04-01,6.845,6.8834,6.8199,6.8834
EDUC,2019-04-02,6.8927,7.0379,6.847,7.0379
EDUC,2019-04-03,7.0379,7.0653,7.0379,7.0653
EDUC,2019-04-04,7.0468,7.2559,7.0468,7.2559
EDUC,2019-04-05,7.2467,7.5374,7.1741,7.4194
EDUC,2019-04-08,8.17,8.17,8.17,8.17
EDUC,2019-04-09,7.4011,7.9097,7.4011,7.6736
EDUC,2019-04-10,7.6644,7.9005,7.492,7.492
EDUC,2019-04-11,7.5692,7.8144,7.2124,7.6099
EDUC,2019-04-12,7.719,7.9189,7.4739,7.8096
EDUC,2019-04-15,7.8096,7.9913,7.6372,7.9913
EDUC,2019-04-16,7.9459,8.0367,7.5827,7.8642
EDUC,2019-04-17,8.0096,8.0186,7.7743,7.8096
EDUC,2019-04-18,7.6848,8.6574,7.6848,8.1731
EDUC,2019-04-22,8.2276,8.7652,8.0914,8.0914
EDUC,2019-04-23,8.5453,8.5453,8.2184,8.3091
EDUC,2019-04-24,8.2729,8.491,8.2184,8.2184
EDUC,2019-04-25,8.5363,8.5363,8.1822,8.1822
EDUC,2019-04-26,8.4032,8.4032,8.0914,8.0914
EDUC,2019-04-29,8.0914,8.4001,8.0914,8.2229
EDUC,2019-04-30,8.2729,8.3738,8.1503,8.1731
EDUC,2019-05-01,8.2276,8.3643,8.1277,8.1277
EDUC,2019-05-02,8.1277,8.2548,8.0549,8.0549
EDUC,2019-05-03,8.2729,8.282,7.9913,7.9913
EDUC,2019-05-06,7.7916,7.9823,7.7916,7.837
EDUC,2019-05-07,7.8914,7.8914,7.719,7.719
EDUC,2019-05-08,7.8096,7.8323,7.5106,7.6281
EDUC,2019-05-09,7.5556,7.6964,7.5374,7.5737
EDUC,2019-05-10,7.5557,7.7916,7.5193,7.7916
EDUC,2019-05-13,7.5103,7.7644,7.5103,7.5328
EDUC,2019-05-14,8.0217,8.0217,7.601,7.601
EDUC,2019-05-15,7.6553,7.719,7.5193,7.719
EDUC,2019-05-16,7.719,7.719,7.5103,7.5103
EDUC,2019-05-17,7.5111,7.5111,7.4465,7.4465
EDUC,2019-05-20,7.4465,7.4465,7.3103,7.3142
EDUC,2019-05-21,7.3104,7.4011,7.2422,7.265
EDUC,2019-05-22,7.2197,7.2229,7.1742,7.1742
EDUC,2019-05-23,7.2602,7.4194,7.2197,7.2792
EDUC,2019-05-24,7.4283,7.4374,7.2828,7.2828
EDUC,2019-05-28,7.2741,7.2741,7.1741,7.1741
EDUC,2019-05-29,7.2105,7.2651,6.7382,6.8199
EDUC,2019-05-30,6.8834,7.2507,6.8834,7.2507
EDUC,2019-05-31,7.0393,7.0653,6.6383,6.6474
EDUC,2019-06-03,6.6932,6.6932,6.6108,6.62
EDUC,2019-06-04,6.6474,7.1036,6.6143,7.1036
EDUC,2019-06-05,7.1868,7.1868,6.6748,6.7653
EDUC,2019-06-06,6.7206,6.9767,6.6758,6.812
EDUC,2019-06-07,6.8484,6.949,6.7082,6.8623
EDUC,2019-06-10,7.5525,7.5525,6.9309,6.995
EDUC,2019-06-11,7.0955,7.0955,6.8852,7.0407
EDUC,2019-06-12,7.2875,7.2875,6.9033,6.9033
EDUC,2019-06-13,6.8484,6.8627,6.7663,6.8627
EDUC,2019-06-14,6.8289,6.8943,6.8289,6.8762
EDUC,2019-06-17,6.8852,6.9582,6.8758,6.9582
EDUC,2019-06-18,6.94,7.0267,6.8852,6.8852
EDUC,2019-06-19,6.949,7.1779,6.8758,6.9125
EDUC,2019-06-20,6.9033,7.1916,6.812,6.812
EDUC,2019-06-21,6.7572,7.0986,6.6748,6.821
EDUC,2019-06-24,6.6752,6.7481,6.3089,6.3089
EDUC,2019-06-25,6.4005,6.4919,6.1446,6.1812
EDUC,2019-06-26,6.1812,6.2816,6.1717,6.1717
EDUC,2019-06-27,6.1079,6.3548,6.0897,6.1812
EDUC,2019-06-28,6.2908,6.3916,6.1717,6.3916
EDUC,2019-07-01,6.4737,6.4737,6.2267,6.3923
EDUC,2019-07-02,6.3916,6.7481,6.2086,6.7481
EDUC,2019-07-03,6.6658,6.6748,6.4463,6.6291
EDUC,2019-07-05,6.3916,6.5468,6.3916,6.5468
EDUC,2019-07-08,6.5513,6.5834,6.4005,6.4005
EDUC,2019-07-09,6.2601,6.4645,6.245,6.2541
EDUC,2019-07-10,6.3548,6.4005,6.2821,6.4005
EDUC,2019-07-11,6.2765,6.4555,6.1261,6.3731
EDUC,2019-07-12,6.0441,6.2541,5.6964,6.1446
EDUC,2019-07-15,6.2461,6.2461,5.8975,6.0073
EDUC,2019-07-16,6.0164,6.4463,5.9982,6.2085
EDUC,2019-07-17,6.1646,6.3916,6.1646,6.2908
EDUC,2019-07-18,6.2633,6.3731,6.1261,6.1261
EDUC,2019-07-19,6.1308,6.4463,6.0805,6.1536
EDUC,2019-07-22,6.1536,6.4555,6.1536,6.2267
EDUC,2019-07-23,6.3166,6.3822,6.1812,6.2541
EDUC,2019-07-24,6.2175,6.3916,6.1902,6.2175
EDUC,2019-07-25,6.1902,6.1902,6.1902,6.1902
EDUC,2019-07-26,6.2679,6.2679,6.0621,6.0805
EDUC,2019-07-29,6.0164,6.2359,6.0164,6.1536
EDUC,2019-07-30,6.105,6.2497,6.105,6.1717
EDUC,2019-07-31,6.1902,6.3459,6.0805,6.0805
EDUC,2019-08-01,6.1261,6.3691,6.1261,6.1717
EDUC,2019-08-02,6.0073,6.1694,5.9374,6.0621
EDUC,2019-08-05,5.989,6.0805,5.9432,5.9525
EDUC,2019-08-06,6.2272,6.2272,5.9799,6.0347
EDUC,2019-08-07,6.0805,6.0897,5.9432,5.9432
EDUC,2019-08-08,5.9617,6.1627,5.9069,5.9069
EDUC,2019-08-09,5.8353,5.9937,5.8063,5.8884
EDUC,2019-08-12,5.7971,5.9432,5.7971,5.8702
EDUC,2019-08-13,5.8549,5.9432,5.7513,5.7606
EDUC,2019-08-14,5.8062,5.8062,5.5227,5.6233
EDUC,2019-08-15,5.5318,5.7788,5.5318,5.6141
EDUC,2019-08-16,5.5502,5.7331,5.5502,5.6872
EDUC,2019-08-19,5.7434,5.7434,5.7149,5.7149
EDUC,2019-08-20,5.7886,5.8718,5.5306,5.7058
EDUC,2019-08-21,5.5858,5.8902,5.5399,5.5399
EDUC,2019-08-22,5.549,5.6227,5.5399,5.5952
EDUC,2019-08-23,5.5399,5.6044,5.5306,5.5306
EDUC,2019-08-26,5.5306,5.6042,5.3923,5.6042
EDUC,2019-08-27,5.5772,5.5772,5.4439,5.5306
EDUC,2019-08-28,5.5497,5.5676,5.4804,5.4804
EDUC,2019-08-29,5.4201,5.5676,5.4201,5.4384
EDUC,2019-08-30,5.4384,5.5214,5.4201,5.4201
EDUC,2019-09-03,5.4661,5.4661,5.3836,5.4384
EDUC,2019-09-04,5.4384,5.5306,5.3923,5.5306
EDUC,2019-09-05,5.5306,5.5306,5.3462,5.4509
EDUC,2019-09-06,5.5214,5.5306,5.4107,5.4661
EDUC,2019-09-09,5.5306,5.5306,5.4291,5.4291
EDUC,2019-09-10,5.4384,5.6365,5.3555,5.6365
EDUC,2019-09-11,5.6678,5.9823,5.6227,5.8901
EDUC,2019-09-12,5.8348,5.9823,5.5858,5.6044
EDUC,2019-09-13,5.9729,5.9729,5.5399,5.5399
EDUC,2019-09-16,5.5399,5.8807,5.4384,5.5123
EDUC,2019-09-17,5.4846,5.7886,5.254,5.4107
EDUC,2019-09-18,5.374,5.5766,5.3324,5.3371
EDUC,2019-09-19,5.4201,5.4291,5.1712,5.2818
EDUC,2019-09-20,5.2356,5.5858,5.2356,5.5858
EDUC,2019-09-23,5.655,5.7149,5.4478,5.4846
EDUC,2019-09-24,5.3555,5.7841,5.3462,5.3923
EDUC,2019-09-25,5.6965,5.9234,5.5538,5.7243
EDUC,2019-09-26,5.692,5.7831,5.6689,5.6689
EDUC,2019-09-27,5.844,5.844,5.3923,5.4568
EDUC,2019-09-30,5.3555,5.7905,5.3555,5.6965
EDUC,2019-10-01,5.5214,5.9546,5.5214,5.853
EDUC,2019-10-02,5.6579,5.8807,5.5571,5.6596
EDUC,2019-10-03,5.7886,5.8072,5.7612,5.8072
EDUC,2019-10-04,5.8726,5.9086,5.632,5.8947
EDUC,2019-10-07,5.8992,5.9638,5.8992,5.8992
EDUC,2019-10-08,5.844,5.853,5.7703,5.844
EDUC,2019-10-09,5.8072,5.9638,5.7149,5.8641
EDUC,2019-10-10,5.8164,5.9625,5.8164,5.8718
EDUC,2019-10-11,5.8992,6.7105,5.8992,6.4708
EDUC,2019-10-14,6.563,6.9592,6.5526,6.7474
EDUC,2019-10-15,6.7474,6.9004,6.5903,6.7934
EDUC,2019-10-16,6.8395,6.904,6.7015,6.7015
EDUC,2019-10-17,6.8087,6.8087,6.6506,6.6506
EDUC,2019-10-18,6.7105,6.7474,6.3417,6.3732
EDUC,2019-10-21,6.3509,6.4338,6.3327,6.4154
EDUC,2019-10-22,6.4062,6.6542,6.1207,6.1207
EDUC,2019-10-23,6.2036,6.2773,6.1021,6.2128
EDUC,2019-10-24,6.1717,6.2957,5.9915,5.9915
EDUC,2019-10-25,6.0099,6.1021,6.0099,6.0744
EDUC,2019-10-28,6.1137,6.1297,6.0468,6.0468
EDUC,2019-10-29,6.1207,6.4523,6.0099,6.0375
EDUC,2019-10-30,6.2403,6.2403,6.2128,6.2403
EDUC,2019-10-31,6.2219,6.2219,6.1021,6.1759
EDUC,2019-11-01,6.1759,6.3602,6.1389,6.2865
EDUC,2019-11-04,6.2496,6.2496,6.1759,6.1759
EDUC,2019-11-05,6.2128,6.3509,6.2128,6.2589
EDUC,2019-11-06,6.3509,6.3509,6.2184,6.2403
EDUC,2019-11-07,6.3602,6.3602,6.2664,6.3417
EDUC,2019-11-08,6.3602,6.3602,6.2865,6.291
EDUC,2019-11-11,6.3602,6.3602,6.3142,6.3142
EDUC,2019-11-12,6.2403,6.2403,6.2403,6.2403
EDUC,2019-11-13,6.3517,6.3517,6.1754,6.259
EDUC,2019-11-14,6.259,6.259,6.1754,6.1754
EDUC,2019-11-15,6.2113,6.2113,6.2113,6.2113
EDUC,2019-11-18,6.3425,6.3425,6.1662,6.1662
EDUC,2019-11-19,6.2087,6.296,6.1754,6.2682
EDUC,2019-11-20,6.2682,6.2682,6.0825,6.0825
EDUC,2019-11-21,6.2218,6.2218,6.2218,6.2218
EDUC,2019-11-22,6.0919,6.1012,6.0361,6.0361
EDUC,2019-11-25,6.0602,6.0602,6.0078,6.0078
EDUC,2019-11-26,5.9619,5.9619,5.8039,5.8039
EDUC,2019-11-27,5.7668,5.8077,5.6832,5.6832
EDUC,2019-11-29,5.6647,5.6647,5.5433,5.6553
EDUC,2019-12-02,5.5903,5.776,5.5903,5.6276
EDUC,2019-12-03,5.6737,5.6737,5.626,5.6276
EDUC,2019-12-04,5.711,5.711,5.5718,5.5996
EDUC,2019-12-05,5.711,5.711,5.6088,5.6461
EDUC,2019-12-06,5.6461,5.8039,5.3954,5.3954
EDUC,2019-12-09,5.4046,5.776,5.3954,5.776
EDUC,2019-12-10,5.7947,5.7947,5.7017,5.7295
EDUC,2019-12-11,5.7203,5.8597,5.7203,5.8597
EDUC,2019-12-12,6.0081,6.1846,5.8783,6.0733
EDUC,2019-12-13,6.1448,6.1846,6.1012,6.1476
EDUC,2019-12-16,6.1662,6.1662,6.0662,6.0662
EDUC,2019-12-17,5.9619,6.0919,5.9525,6.0639
EDUC,2019-12-18,6.0639,6.0733,5.8876,5.9431
EDUC,2019-12-19,5.8876,5.8876,5.711,5.739
EDUC,2019-12-20,5.7947,5.7947,5.7295,5.7947
EDUC,2019-12-23,5.711,5.841,5.6832,5.7295
EDUC,2019-12-24,5.8178,5.9312,5.7295,5.7482
EDUC,2019-12-26,5.7808,5.7808,5.711,5.7394
EDUC,2019-12-27,5.6737,5.7679,5.6737,5.7294
EDUC,2019-12-30,5.7203,5.7203,5.6367,5.711
EDUC,2019-12-31,5.6837,5.7668,5.6737,5.7391
EDUC,2020-01-02,5.7837,5.7852,5.6647,5.6926
EDUC,2020-01-03,5.6926,5.7295,5.6539,5.6553
EDUC,2020-01-06,5.6182,5.8318,5.6182,5.6655
EDUC,2020-01-07,5.7674,5.7946,5.7203,5.776
EDUC,2020-01-08,5.7482,5.8876,5.6647,5.7203
EDUC,2020-01-09,5.79,5.8013,5.711,5.7574
EDUC,2020-01-10,5.7482,5.8132,5.7017,5.7203
EDUC,2020-01-13,5.7574,5.8132,5.7505,5.7947
EDUC,2020-01-14,5.7829,5.7984,5.2932,5.4697
EDUC,2020-01-15,5.5069,5.5188,5.3396,5.3396
EDUC,2020-01-16,5.3776,5.3776,5.1167,5.2932
EDUC,2020-01-17,5.322,5.3859,5.2343,5.3799
EDUC,2020-01-21,5.4697,5.5718,5.219,5.3118
EDUC,2020-01-22,5.3675,5.3675,5.1836,5.191
EDUC,2020-01-23,5.2561,5.2781,5.0147,5.0531
EDUC,2020-01-24,5.1078,5.1261,5.0332,5.0982
EDUC,2020-01-27,5.0982,5.5347,5.0982,5.2653
EDUC,2020-01-28,5.4232,5.5903,5.3118,5.5161
EDUC,2020-01-29,5.3859,5.4046,5.3396,5.3396
EDUC,2020-01-30,5.3675,5.3954,5.3675,5.3954
EDUC,2020-01-31,5.3954,5.3954,5.2653,5.2932
EDUC,2020-02-03,5.2932,5.3303,5.1911,5.2282
EDUC,2020-02-04,5.3302,5.4232,5.321,5.3582
EDUC,2020-02-05,5.2561,5.3345,5.1167,5.1307
EDUC,2020-02-06,5.1167,5.2467,5.1167,5.1726
EDUC,2020-02-07,5.1724,5.2841,5.1492,5.2375
EDUC,2020-02-10,5.2375,5.3396,5.1818,5.1818
EDUC,2020-02-11,5.2095,5.3023,5.191,5.2932
EDUC,2020-02-12,5.2884,5.2884,5.2004,5.2282
EDUC,2020-02-13,5.1726,5.3396,5.1726,5.2932
EDUC,2020-02-14,5.2932,5.3582,5.2932,5.2932
EDUC,2020-02-18,5.3396,5.5069,5.3396,5.4324
EDUC,2020-02-19,5.3548,5.647,5.3548,5.5718
EDUC,2020-02-20,5.3396,5.5533,5.3396,5.5533
EDUC,2020-02-21,5.4234,5.5347,5.4046,5.5347
EDUC,2020-02-24,5.5439,5.5439,5.2162,5.4035
EDUC,2020-02-25,5.3567,5.4316,5.1881,5.1975
EDUC,2020-02-26,5.4274,5.4274,5.1225,5.1318
EDUC,2020-02-27,5.2162,5.2162,5.0663,5.16
EDUC,2020-02-28,5.0476,5.0569,4.7104,4.8323
EDUC,2020-03-02,4.7294,4.954,4.7294,4.7995
EDUC,2020-03-03,4.8509,4.8932,4.7669,4.879
EDUC,2020-03-04,4.7854,4.8417,4.7012,4.8417
EDUC,2020-03-05,4.8228,4.8509,4.5794,4.6449
EDUC,2020-03-06,4.5794,4.7198,4.5277,4.57
EDUC,2020-03-09,4.5419,4.5776,4.1192,4.1861
EDUC,2020-03-10,4.2892,4.5195,4.0926,4.1329
EDUC,2020-03-11,4.2703,4.2703,3.7974,3.9893
EDUC,2020-03-12,4.0738,4.3922,2.8751,3.5961
EDUC,2020-03-13,3.5211,4.1113,3.5211,4.0972
EDUC,2020-03-16,4.0176,4.0176,3.4509,3.7647
EDUC,2020-03-17,3.699,3.8583,3.6429,3.6429
EDUC,2020-03-18,3.6401,3.7415,3.1842,3.2093
EDUC,2020-03-19,3.3526,4.0176,3.3526,3.7282
EDUC,2020-03-20,3.8397,3.8397,3.5025,3.5025
EDUC,2020-03-23,3.4087,3.4275,2.8283,3.3339
EDUC,2020-03-24,3.6429,3.8397,3.6055,3.7458
EDUC,2020-03-25,3.6523,3.6523,3.3526,3.3526
EDUC,2020-03-26,3.6523,3.6523,3.5632,3.5773
EDUC,2020-03-27,3.4744,3.907,3.4744,3.8959
EDUC,2020-03-30,3.9333,4.4424,3.8678,4.1768
EDUC,2020-03-31,3.7553,4.3828,3.7553,4.3546
EDUC,2020-04-01,4.0363,4.2142,3.7928,3.8397
EDUC,2020-04-02,3.849,4.5419,3.7834,3.8397
EDUC,2020-04-03,3.8397,4.3641,3.8209,4.1207
EDUC,2020-04-06,4.2048,4.2547,4.1207,4.2142
EDUC,2020-04-07,4.2985,4.4951,4.2236,4.4951
EDUC,2020-04-08,4.4951,4.4951,4.158,4.196
EDUC,2020-04-09,4.1207,4.3219,4.1207,4.3031
EDUC,2020-04-13,4.2796,4.4857,4.1207,4.467
EDUC,2020-04-14,4.4764,4.4764,4.3546,4.4175
EDUC,2020-04-15,4.0738,4.7667,4.0738,4.7012
EDUC,2020-04-16,4.7667,4.776,4.3922,4.3922
EDUC,2020-04-17,4.4577,4.776,4.4202,4.776
EDUC,2020-04-20,4.748,4.7666,4.1207,4.6731
EDUC,2020-04-21,4.3734,4.7198,4.3734,4.7198
EDUC,2020-04-22,4.6824,4.6918,4.4612,4.6169
EDUC,2020-04-23,4.4857,4.5927,4.4856,4.5607
EDUC,2020-04-24,4.776,4.776,4.4483,4.5419
EDUC,2020-04-27,4.4387,4.6356,4.4109,4.6234
EDUC,2020-04-28,4.6824,4.8135,4.4951,4.6456
EDUC,2020-04-29,4.6449,4.776,4.598,4.6824
EDUC,2020-04-30,4.7294,4.734,4.6172,4.6824
EDUC,2020-05-01,4.4389,4.8509,4.4389,4.8509
EDUC,2020-05-04,4.7104,4.8509,4.7104,4.8509
EDUC,2020-05-05,4.8698,4.9634,4.8698,4.9634
EDUC,2020-05-06,4.9165,4.9165,4.6731,4.865
EDUC,2020-05-07,4.9165,5.0569,4.8929,5.0383
EDUC,2020-05-08,5.0383,5.4691,4.9634,5.2443
EDUC,2020-05-11,5.3473,5.7265,5.0288,5.3191
EDUC,2020-05-12,5.6095,5.619,5.3003,5.441
EDUC,2020-05-13,6.0872,6.1245,5.2443,5.4316
EDUC,2020-05-14,5.5721,5.5721,5.1975,5.3848
EDUC,2020-05-15,5.2443,5.4691,5.2443,5.3567
EDUC,2020-05-18,5.5159,5.5159,5.3965,5.4316
EDUC,2020-05-19,5.4035,5.4035,5.2604,5.2604
EDUC,2020-05-20,5.2959,5.5253,5.2959,5.5253
EDUC,2020-05-21,5.8625,6.5085,5.8062,5.9186
EDUC,2020-05-22,5.9279,6.0777,5.9279,6.0403
EDUC,2020-05-26,6.3026,6.3026,5.8343,5.8998
EDUC,2020-05-27,6.0342,6.295,5.9654,6.0684
EDUC,2020-05-28,6.4992,7.8665,6.1152,7.4358
EDUC,2020-05-29,6.7988,8.0818,6.7988,7.726
EDUC,2020-06-01,7.9619,7.9619,7.3203,7.4995
EDUC,2020-06-02,7.4995,7.5656,7.1506,7.1789
EDUC,2020-06-03,7.1317,7.3391,6.8203,7.1664
EDUC,2020-06-04,7.0278,7.075,6.6977,7.0467
EDUC,2020-06-05,7.0278,7.3534,6.8203,7.0561
EDUC,2020-06-08,7.1506,7.8015,6.6825,7.4524
EDUC,2020-06-09,7.5751,7.5845,7.3298,7.4712
EDUC,2020-06-10,7.5751,7.5751,7.2166,7.4005
EDUC,2020-06-11,7.5185,7.5185,7.0467,7.1317
EDUC,2020-06-12,7.1883,7.3487,7.0376,7.3487
EDUC,2020-06-15,7.292,7.292,7.0481,7.292
EDUC,2020-06-16,7.292,7.5185,7.292,7.3675
EDUC,2020-06-17,7.245,7.4288,7.245,7.3865
EDUC,2020-06-18,7.377,7.9995,7.1977,7.3298
EDUC,2020-06-19,7.4995,7.6034,7.4122,7.6034
EDUC,2020-06-22,7.5468,7.5468,7.3298,7.4995
EDUC,2020-06-23,7.4995,7.6411,7.4995,7.6411
EDUC,2020-06-24,7.6411,7.6921,7.4524,7.6317
EDUC,2020-06-25,7.6411,7.8934,7.5989,7.7167
EDUC,2020-06-26,7.6884,8.4052,7.5845,8.4052
EDUC,2020-06-29,8.4052,9.3211,8.009,8.6505
EDUC,2020-06-30,8.8486,9.2071,8.8486,9.1221
EDUC,2020-07-01,9.2448,9.546,9.009,9.066
EDUC,2020-07-02,9.2641,9.2641,8.4712,8.8674
EDUC,2020-07-06,9.424,9.4329,8.9335,9.2168
EDUC,2020-07-07,9.2728,9.3211,8.8675,9.0186
EDUC,2020-07-08,8.9713,9.0755,8.7574,8.924
EDUC,2020-07-09,9.009,9.009,8.4901,8.4901
EDUC,2020-07-10,9.4329,9.811,9.0755,9.51
EDUC,2020-07-13,9.707,10.075,9.1595,9.773
EDUC,2020-07-14,10.036,12.678,9.2351,11.584
EDUC,2020-07-15,11.555,12.358,11.436,11.755
EDUC,2020-07-16,12.263,13.801,12.263,13.028
EDUC,2020-07-17,12.839,13.17,12.254,12.943
EDUC,2020-07-20,12.933,13.197,12.49,12.933
EDUC,2020-07-21,13.15,13.819,12.839,13.527
EDUC,2020-07-22,13.746,13.746,13.226,13.594
EDUC,2020-07-23,13.764,13.801,13.375,13.65
EDUC,2020-07-24,13.678,13.678,13.036,13.443
EDUC,2020-07-27,13.443,13.534,13.047,13.278
EDUC,2020-07-28,13.075,13.39,13.075,13.253
EDUC,2020-07-29,13.206,13.707,12.576,12.678
EDUC,2020-07-30,12.527,12.913,11.915,12.754
EDUC,2020-07-31,12.783,13.056,12.546,12.583
EDUC,2020-08-03,12.754,13.819,12.754,13.773
EDUC,2020-08-04,13.773,14.575,13.702,14.188
EDUC,2020-08-05,14.15,14.612,13.783,14.358
EDUC,2020-08-06,14.433,14.762,12.877,13.981
EDUC,2020-08-07,14.056,18.64,13.805,15.084
EDUC,2020-08-10,15.084,15.378,13.321,14.442
EDUC,2020-08-11,14.951,14.951,13.888,13.981
EDUC,2020-08-12,14.046,14.659,13.999,14.396
EDUC,2020-08-13,14.433,14.602,14.065,14.462
EDUC,2020-08-14,14.612,14.876,14.208,14.517
EDUC,2020-08-17,14.753,14.753,13.509,13.99
EDUC,2020-08-18,13.688,13.896,13.404,13.48
EDUC,2020-08-19,13.527,13.727,13.083,13.149
EDUC,2020-08-20,13.149,13.803,13.045,13.669
EDUC,2020-08-21,13.659,13.907,13.007,13.575
EDUC,2020-08-24,13.605,14.143,13.334,13.747
EDUC,2020-08-25,13.794,13.953,13.59,13.889
EDUC,2020-08-26,13.774,14.087,13.774,13.907
EDUC,2020-08-27,13.973,14.21,13.935,13.935
EDUC,2020-08-28,13.935,14.138,13.394,13.811
EDUC,2020-08-31,13.659,15.072,13.659,14.512
EDUC,2020-09-01,14.637,16.049,14.495,15.574
EDUC,2020-09-02,15.868,15.916,14.258,14.542
EDUC,2020-09-03,14.495,14.949,14.323,14.333
EDUC,2020-09-04,14.73,15.215,12.95,14.37
EDUC,2020-09-08,14.153,14.153,13.368,13.747
EDUC,2020-09-09,13.565,14.57,13.565,14.191
EDUC,2020-09-10,14.21,14.949,13.957,14.313
EDUC,2020-09-11,14.409,15.346,14.37,14.456
EDUC,2020-09-14,14.588,14.637,13.992,14.353
EDUC,2020-09-15,14.353,14.585,14.087,14.124
EDUC,2020-09-16,14.163,14.267,13.595,13.764
EDUC,2020-09-17,13.595,14.31,13.49,14.143
EDUC,2020-09-18,14.219,14.248,13.747,13.747
EDUC,2020-09-21,13.605,13.605,13.262,13.338
EDUC,2020-09-22,13.367,13.963,13.367,13.831
EDUC,2020-09-23,13.747,13.973,13.291,13.347
EDUC,2020-09-24,13.433,13.737,13.32,13.367
EDUC,2020-09-25,13.465,13.651,13.385,13.453
EDUC,2020-09-28,13.595,14.873,13.546,14.267
EDUC,2020-09-29,14.143,14.864,13.992,14.864
EDUC,2020-09-30,14.958,16.284,14.693,15.887
EDUC,2020-10-01,16.228,16.787,15.755,16.787
EDUC,2020-10-02,16.397,17.231,16.103,16.275
EDUC,2020-10-05,16.397,17.241,16.275,16.976
EDUC,2020-10-06,17.052,17.052,16.251,16.692
EDUC,2020-10-07,17.29,18.947,17.061,17.819
EDUC,2020-10-08,17.999,18.25,17.29,17.715
EDUC,2020-10-09,17.896,18.472,17.29,17.98
EDUC,2020-10-12,18.235,18.472,17.375,17.78
EDUC,2020-10-13,16.834,18.322,16.834,18.16
EDUC,2020-10-14,18.226,18.322,17.156,17.309
EDUC,2020-10-15,17.251,17.393,16.721,16.739
EDUC,2020-10-16,16.901,17.09,16.455,16.787
EDUC,2020-10-19,17.042,17.62,16.484,16.911
EDUC,2020-10-20,17.024,17.687,16.721,17.005
EDUC,2020-10-21,16.976,17.309,16.796,17.08
EDUC,2020-10-22,17.26,18.701,17.108,17.857
EDUC,2020-10-23,17.839,18.065,17.052,17.231
EDUC,2020-10-26,17.156,17.485,16.73,17.441
EDUC,2020-10-27,17.47,17.999,17.299,17.705
EDUC,2020-10-28,17.431,17.491,16.228,16.484
EDUC,2020-10-29,16.265,16.559,16.215,16.351
EDUC,2020-10-30,16.323,16.323,15.639,15.755
EDUC,2020-11-02,16.2,16.209,15.848,15.99
EDUC,2020-11-03,16.246,16.796,16.123,16.161
EDUC,2020-11-04,16.066,16.407,15.755,15.897
EDUC,2020-11-05,16.171,16.938,16.106,16.427
EDUC,2020-11-06,16.578,17.364,16.213,17.354
EDUC,2020-11-09,17.98,17.98,14.987,15.215
EDUC,2020-11-10,15.215,15.319,14.58,14.588
EDUC,2020-11-11,14.588,14.72,13.784,14.418
EDUC,2020-11-12,14.532,14.967,14.001,14.333
EDUC,2020-11-13,14.485,14.996,14.295,14.749
EDUC,2020-11-16,15.043,15.541,13.907,14.068
EDUC,2020-11-17,13.992,14.349,13.642,14.153
EDUC,2020-11-18,14.172,14.249,13.285,13.962
EDUC,2020-11-19,13.829,14.439,13.533,14.106
EDUC,2020-11-20,14.116,15.259,14.043,14.973
EDUC,2020-11-23,15.564,15.869,14.664,14.935
EDUC,2020-11-24,14.717,15.259,14.63,15.078
EDUC,2020-11-25,15.126,15.33,14.726,15.117
EDUC,2020-11-27,15.098,15.259,14.725,14.906
EDUC,2020-11-30,15.059,15.217,14.439,15.002
EDUC,2020-12-01,15.039,15.212,14.806,14.983
EDUC,2020-12-02,14.983,15.431,14.877,15.278
EDUC,2020-12-03,15.344,15.411,14.983,15.126
EDUC,2020-12-04,15.126,15.364,15.003,15.308
EDUC,2020-12-07,15.269,15.63,15.012,15.288
EDUC,2020-12-08,15.736,16.062,15.107,15.317
EDUC,2020-12-09,15.46,15.46,15.059,15.182
EDUC,2020-12-10,15.278,15.394,14.859,15.269
EDUC,2020-12-11,15.308,15.403,14.963,15.394
EDUC,2020-12-14,15.354,15.726,15.212,15.67
EDUC,2020-12-15,15.736,16.137,15.507,16.107
EDUC,2020-12-16,16.223,16.709,16.032,16.709
EDUC,2020-12-17,16.719,17.101,16.251,16.251
EDUC,2020-12-18,16.442,16.528,15.117,16.032
EDUC,2020-12-21,16.032,16.338,15.554,16.328
EDUC,2020-12-22,16.251,16.334,15.783,15.783
EDUC,2020-12-23,15.803,15.965,15.364,15.364
EDUC,2020-12-24,15.354,15.354,14.802,14.802
EDUC,2020-12-28,14.734,14.78,13.991,14.372
EDUC,2020-12-29,14.573,14.573,13.924,14.181
EDUC,2020-12-30,14.296,14.954,14.172,14.811
EDUC,2020-12-31,14.782,14.841,14.153,14.65
EDUC,2021-01-04,14.62,14.992,14.153,14.545
EDUC,2021-01-05,14.392,15.259,14.354,14.973
EDUC,2021-01-06,15.049,15.45,14.442,14.687
EDUC,2021-01-07,15.63,15.64,14.907,15.335
EDUC,2021-01-08,15.344,15.344,14.851,14.993
EDUC,2021-01-11,14.993,15.164,14.851,14.983
EDUC,2021-01-12,15.164,15.164,13.874,14.172
EDUC,2021-01-13,14.277,14.277,13.896,14.02
EDUC,2021-01-14,14.181,14.296,13.924,14.296
EDUC,2021-01-15,14.124,14.249,13.448,13.791
EDUC,2021-01-19,13.991,14.305,13.611,14.191
EDUC,2021-01-20,14.191,15.259,13.791,14.21
EDUC,2021-01-21,14.392,14.555,13.791,14.02
EDUC,2021-01-22,13.953,14.392,13.867,14.296
EDUC,2021-01-25,14.172,14.277,13.056,13.829
EDUC,2021-01-26,14.01,14.305,13.218,13.38
EDUC,2021-01-27,13.342,13.857,13.065,13.542
EDUC,2021-01-28,13.351,13.448,12.824,12.99
EDUC,2021-01-29,13.123,13.341,12.579,12.922
EDUC,2021-02-01,13.19,14.067,12.647,13.686
EDUC,2021-02-02,13.829,13.905,13.561,13.601
EDUC,2021-02-03,13.686,14.333,13.686,14.172
EDUC,2021-02-04,14.172,14.725,14.172,14.64
EDUC,2021-02-05,14.65,14.65,14.163,14.249
EDUC,2021-02-08,14.53,14.676,14.286,14.581
EDUC,2021-02-09,14.477,15.707,14.439,15.068
EDUC,2021-02-10,15.308,15.85,15.174,15.584
EDUC,2021-02-11,15.44,15.736,15.298,15.374
EDUC,2021-02-12,15.478,15.64,15.241,15.46
EDUC,2021-02-16,15.488,15.736,15.212,15.45
EDUC,2021-02-17,15.411,15.689,15.212,15.259
EDUC,2021-02-18,15.278,15.689,15.174,15.259
EDUC,2021-02-19,15.354,15.59,15.174,15.249
EDUC,2021-02-22,15.173,15.595,15.173,15.586
EDUC,2021-02-23,15.336,15.941,14.981,15.404
EDUC,2021-02-24,15.49,16.401,15.395,15.643
EDUC,2021-02-25,15.451,15.825,15.221,15.231
EDUC,2021-02-26,15.231,15.288,14.934,14.981
EDUC,2021-03-01,15.241,15.729,14.981,15.461
EDUC,2021-03-02,15.605,15.646,15.163,15.519
EDUC,2021-03-03,15.595,16.21,15.163,16.21
EDUC,2021-03-04,16.007,16.161,15.199,15.365
EDUC,2021-03-05,15.615,15.893,14.904,15.317
EDUC,2021-03-08,15.49,16.315,14.981,15.529
EDUC,2021-03-09,16.103,16.574,15.556,16.238
EDUC,2021-03-10,17.083,17.995,16.891,17.649
EDUC,2021-03-11,17.756,18.715,17.756,18.349
EDUC,2021-03-12,18.437,18.571,17.86,18.216
EDUC,2021-03-15,17.898,18.33,17.573,17.573
EDUC,2021-03-16,17.706,17.802,16.449,16.449
EDUC,2021-03-17,16.325,17.936,16.315,17.189
EDUC,2021-03-18,17.189,18.139,16.938,17.016
EDUC,2021-03-19,17.14,18.225,17.083,17.639
EDUC,2021-03-22,17.842,18.234,17.093,17.179
EDUC,2021-03-23,17.275,17.294,16.598,16.642
EDUC,2021-03-24,16.881,17.179,16.171,16.21
EDUC,2021-03-25,15.951,16.795,15.451,16.094
EDUC,2021-03-26,16.315,17.034,15.893,16.603
EDUC,2021-03-29,17.842,18.225,17.034,17.504
EDUC,2021-03-30,17.294,17.374,16.545,16.642
EDUC,2021-03-31,16.833,17.17,16.113,16.363
EDUC,2021-04-01,16.373,17.103,16.219,16.632
EDUC,2021-04-05,16.862,17.474,16.862,17.332
EDUC,2021-04-06,17.371,17.526,17.034,17.15
EDUC,2021-04-07,17.15,17.194,16.057,16.257
EDUC,2021-04-08,16.659,16.659,15.883,16.315
EDUC,2021-04-09,16.363,16.719,16.077,16.719
EDUC,2021-04-12,16.526,16.655,16.401,16.498
EDUC,2021-04-13,16.459,16.891,16.317,16.776
EDUC,2021-04-14,16.997,17.064,16.459,16.852
EDUC,2021-04-15,16.843,16.925,16.411,16.421
EDUC,2021-04-16,16.516,17.103,16.411,16.776
EDUC,2021-04-19,17.16,17.246,16.545,16.652
EDUC,2021-04-20,16.564,16.977,16.564,16.766
EDUC,2021-04-21,16.613,16.833,16.536,16.536
EDUC,2021-04-22,16.536,16.826,16.363,16.536
EDUC,2021-04-23,16.659,16.93,16.431,16.564
EDUC,2021-04-26,16.632,16.843,16.468,16.603
EDUC,2021-04-27,16.795,17.764,16.795,17.563
EDUC,2021-04-28,17.504,17.851,17.064,17.255
EDUC,2021-04-29,17.438,17.822,17.275,17.62
EDUC,2021-04-30,17.649,17.697,17.064,17.064
EDUC,2021-05-03,17.408,17.468,16.92,17.103
EDUC,2021-05-04,16.92,17.073,16.852,17.034
EDUC,2021-05-05,16.92,16.938,16.545,16.833
EDUC,2021-05-06,16.574,16.689,15.835,16.277
EDUC,2021-05-07,16.272,17.026,16.272,16.747
EDUC,2021-05-10,16.564,16.699,15.912,15.941
EDUC,2021-05-11,15.116,16.219,15.116,16.027
EDUC,2021-05-12,15.759,16.027,15.173,15.249
EDUC,2021-05-13,15.451,15.825,14.75,14.875
EDUC,2021-05-14,15.097,15.097,14.492,14.492
EDUC,2021-05-17,14.425,14.55,13.369,13.532
EDUC,2021-05-18,13.446,13.57,12.505,12.687
EDUC,2021-05-19,12.697,13.888,12.697,13.888
EDUC,2021-05-20,13.915,14.394,13.915,14.348
EDUC,2021-05-21,14.415,14.674,13.925,14.184
EDUC,2021-05-24,14.204,14.42,13.551,14.262
EDUC,2021-05-25,14.376,14.656,13.656,13.878
EDUC,2021-05-26,13.82,13.82,13.339,13.666
EDUC,2021-05-27,13.791,13.906,13.402,13.493
EDUC,2021-05-28,13.915,13.915,13.651,13.82
EDUC,2021-06-01,13.743,13.743,13.095,13.201
EDUC,2021-06-02,13.144,13.144,12.767,12.946
EDUC,2021-06-03,12.998,13.372,12.849,12.859
EDUC,2021-06-04,12.854,12.958,12.699,12.873
EDUC,2021-06-07,12.892,13.201,12.854,13.201
EDUC,2021-06-08,13.172,13.288,13.047,13.153
EDUC,2021-06-09,13.278,13.53,12.805,13.027
EDUC,2021-06-10,12.998,13.521,12.747,12.834
EDUC,2021-06-11,12.834,12.998,12.691,12.814
EDUC,2021-06-14,12.767,13.047,12.621,12.621
EDUC,2021-06-15,12.796,12.854,11.79,12.07
EDUC,2021-06-16,11.993,12.515,11.693,11.693
EDUC,2021-06-17,12.109,13.801,12.109,13.318
EDUC,2021-06-18,13.144,13.278,12.796,12.921
EDUC,2021-06-21,12.921,13.143,12.747,12.776
EDUC,2021-06-22,12.704,13.278,12.679,12.767
EDUC,2021-06-23,12.902,13.331,12.767,13.114
EDUC,2021-06-24,13.211,13.588,12.834,12.834
EDUC,2021-06-25,12.592,12.95,11.964,12.07
EDUC,2021-06-28,12.052,12.854,12.013,12.602
EDUC,2021-06-29,12.737,12.815,12.1,12.332
EDUC,2021-06-30,12.322,12.332,11.993,11.993
EDUC,2021-07-01,12.052,12.428,12.013,12.351
EDUC,2021-07-02,12.419,12.419,12.11,12.351
EDUC,2021-07-06,13.501,13.501,12.177,12.254
EDUC,2021-07-07,12.206,12.206,11.462,11.693
EDUC,2021-07-08,11.462,12.554,11.462,12.109
EDUC,2021-07-09,11.983,12.349,11.967,12.274
EDUC,2021-07-12,12.197,12.197,11.616,11.616
EDUC,2021-07-13,11.723,11.75,11.171,11.259
EDUC,2021-07-14,11.558,11.558,10.341,10.718
EDUC,2021-07-15,10.641,10.814,10.534,10.698
EDUC,2021-07-16,10.611,10.863,10.437,10.476
EDUC,2021-07-19,10.486,10.631,10.147,10.274
EDUC,2021-07-20,10.597,10.853,10.147,10.737
EDUC,2021-07-21,10.834,11.288,10.834,11.114
EDUC,2021-07-22,11.211,11.326,11.075,11.308
EDUC,2021-07-23,11.308,11.443,10.94,11.355
EDUC,2021-07-26,11.249,11.548,10.882,11.036
EDUC,2021-07-27,10.988,10.988,10.147,10.244
EDUC,2021-07-28,10.331,10.621,10.244,10.601
EDUC,2021-07-29,10.582,10.921,10.5,10.872
EDUC,2021-07-30,10.871,10.871,10.196,10.196
EDUC,2021-08-02,10.369,10.512,10.196,10.389
EDUC,2021-08-03,10.379,10.437,10.196,10.351
EDUC,2021-08-04,10.351,10.351,10.196,10.215
EDUC,2021-08-05,10.351,10.351,10.196,10.312
EDUC,2021-08-06,10.274,10.379,10.196,10.321
EDUC,2021-08-09,10.379,10.379,9.954,9.993
EDUC,2021-08-10,9.983,10.157,9.983,10.157
EDUC,2021-08-11,10.264,10.264,10.002,10.099
EDUC,2021-08-12,10.099,10.176,10.006,10.07
EDUC,2021-08-13,10.186,10.196,10.012,10.022
EDUC,2021-08-16,10.147,10.224,9.4516,9.529
EDUC,2021-08-17,9.3747,9.52,9.2004,9.3357
EDUC,2021-08-18,9.3357,9.4901,9.2781,9.2781
EDUC,2021-08-19,9.2781,9.645,9.2679,9.3934
EDUC,2021-08-20,9.4704,9.59,9.1811,9.423
EDUC,2021-08-23,9.589,9.715,9.1883,9.3054
EDUC,2021-08-24,9.3835,9.527,9.2273,9.3934
EDUC,2021-08-25,9.3054,9.364,9.1394,9.3249
EDUC,2021-08-26,9.2859,9.521,9.2761,9.511
EDUC,2021-08-27,9.559,9.618,9.3737,9.3737
EDUC,2021-08-30,9.511,9.511,9.4102,9.4516
EDUC,2021-08-31,9.3835,9.494,9.3737,9.4516
EDUC,2021-09-01,9.618,9.657,9.569,9.657
EDUC,2021-09-02,9.764,10.243,9.74,10.106
EDUC,2021-09-03,10.165,10.263,9.871,10.263
EDUC,2021-09-07,10.263,10.712,10.175,10.712
EDUC,2021-09-08,10.702,10.741,10.253,10.389
EDUC,2021-09-09,10.448,10.614,10.057,10.497
EDUC,2021-09-10,10.428,10.428,10.301,10.301
EDUC,2021-09-13,10.331,10.472,10.321,10.331
EDUC,2021-09-14,10.477,10.477,10.106,10.155
EDUC,2021-09-15,10.057,10.175,9.998,10.175
EDUC,2021-09-16,10.087,10.389,10.048,10.048
EDUC,2021-09-17,9.98,10.155,9.94,10.155
EDUC,2021-09-20,9.823,10.094,9.823,9.92
EDUC,2021-09-21,10.067,10.145,9.872,9.98
EDUC,2021-09-22,9.918,10.008,9.817,9.832
EDUC,2021-09-23,9.764,9.882,9.677,9.677
EDUC,2021-09-24,9.774,9.839,9.677,9.764
EDUC,2021-09-27,9.832,9.832,9.618,9.774
EDUC,2021-09-28,9.735,9.735,9.3054,9.3054
EDUC,2021-09-29,9.3347,9.6,9.2761,9.4714
EDUC,2021-09-30,9.4714,9.564,9.423,9.4319
EDUC,2021-10-01,9.425,9.4516,9.364,9.3934
EDUC,2021-10-04,9.4418,9.549,9.4033,9.4615
EDUC,2021-10-05,9.728,9.901,9.529,9.755
EDUC,2021-10-06,9.813,9.832,9.53,9.764
EDUC,2021-10-07,9.569,9.862,9.1004,9.364
EDUC,2021-10-08,9.511,9.628,9.2859,9.4319
EDUC,2021-10-11,9.521,9.579,9.2859,9.579
EDUC,2021-10-12,9.609,9.91,9.3835,9.794
EDUC,2021-10-13,9.774,9.799,9.4319,9.774
EDUC,2021-10-14,9.804,10.072,9.691,9.94
EDUC,2021-10-15,9.93,9.93,9.735,9.852
EDUC,2021-10-18,9.756,9.764,9.4763,9.521
EDUC,2021-10-19,9.594,9.609,9.3054,9.423
EDUC,2021-10-20,9.423,9.501,9.1883,9.501
EDUC,2021-10-21,9.501,9.594,9.427,9.427
EDUC,2021-10-22,9.4714,9.548,9.3934,9.501
EDUC,2021-10-25,9.4418,9.589,9.3091,9.423
EDUC,2021-10-26,9.4615,9.53,9.4516,9.53
EDUC,2021-10-27,9.423,9.569,9.2956,9.4319
EDUC,2021-10-28,9.53,9.559,9.364,9.4566
EDUC,2021-10-29,9.4033,9.627,9.3737,9.539
EDUC,2021-11-01,9.539,9.627,9.4714,9.559
EDUC,2021-11-02,9.604,9.667,9.549,9.627
EDUC,2021-11-03,9.618,9.627,9.539,9.559
EDUC,2021-11-04,9.4812,9.618,9.4615,9.501
EDUC,2021-11-05,9.4615,9.651,9.4615,9.549
EDUC,2021-11-08,9.627,9.652,9.521,9.539
EDUC,2021-11-09,9.667,9.764,9.569,9.637
EDUC,2021-11-10,9.521,9.657,9.4615,9.4615
EDUC,2021-11-11,9.618,9.657,9.423,9.4714
EDUC,2021-11-12,9.53,9.657,9.3835,9.4714
EDUC,2021-11-15,9.511,9.585,9.3737,9.511
EDUC,2021-11-16,9.4033,9.559,9.3835,9.3835
EDUC,2021-11-17,9.4625,9.4625,9.0283,9.0283
EDUC,2021-11-18,9.0283,9.4033,8.9496,8.9593
EDUC,2021-11-19,8.9593,9.798,8.86,9.729
EDUC,2021-11-22,9.66,9.66,9.1665,9.2257
EDUC,2021-11-23,9.2257,9.4625,9.0088,9.0185
EDUC,2021-11-24,8.9001,9.4984,8.9001,9.2849
EDUC,2021-11-26,9.2651,9.2947,8.9002,9.2257
EDUC,2021-11-29,9.3145,9.3145,8.9385,8.9691
EDUC,2021-11-30,9.2378,9.2378,8.979,9.0431
EDUC,2021-12-01,8.9297,9.0579,8.7027,8.7027
EDUC,2021-12-02,8.7027,8.8198,8.0416,8.387
EDUC,2021-12-03,8.5448,8.8113,8.3475,8.7816
EDUC,2021-12-06,8.8455,8.8603,8.1897,8.3968
EDUC,2021-12-07,8.9395,8.9395,8.3968,8.4166
EDUC,2021-12-08,8.4363,8.4363,8.1896,8.4264
EDUC,2021-12-09,8.308,8.8507,8.308,8.4462
EDUC,2021-12-10,8.456,8.8705,8.2982,8.4363
EDUC,2021-12-13,8.3278,8.6623,8.1502,8.1699
EDUC,2021-12-14,8.1699,8.2686,7.4397,7.4693
EDUC,2021-12-15,7.4989,7.943,7.4003,7.42
EDUC,2021-12-16,7.4003,7.864,7.4003,7.6963
EDUC,2021-12-17,7.6765,8.0515,7.6765,8.0515
EDUC,2021-12-20,8.3475,8.3475,8.1403,8.2488
EDUC,2021-12-21,8.2523,8.3376,8.1896,8.3376
EDUC,2021-12-22,8.239,8.5251,8.239,8.3376
EDUC,2021-12-23,8.308,8.5941,8.308,8.4264
EDUC,2021-12-27,8.387,8.5942,8.387,8.3968
EDUC,2021-12-28,8.2883,8.4456,8.2588,8.4067
EDUC,2021-12-29,8.4955,8.9691,8.2587,8.8803
EDUC,2021-12-30,8.9395,8.979,8.4669,8.979
EDUC,2021-12-31,8.9691,8.9987,8.678,8.9297
EDUC,2022-01-03,8.9987,9.3539,8.9395,9.1369
EDUC,2022-01-04,9.0579,9.3046,8.8507,8.9889
EDUC,2022-01-05,9.0185,9.4625,9.0185,9.4526
EDUC,2022-01-06,8.7126,9.739,8.7126,9.541
EDUC,2022-01-07,9.0777,9.0777,8.239,8.3376
EDUC,2022-01-10,8.2291,8.3426,8.1995,8.2192
EDUC,2022-01-11,8.1896,8.387,8.1896,8.2488
EDUC,2022-01-12,8.2784,8.3278,8.1505,8.2883
EDUC,2022-01-13,8.2784,8.2784,8.1403,8.1699
EDUC,2022-01-14,8.091,8.1063,7.7061,7.7357
EDUC,2022-01-18,7.7259,7.7949,7.568,7.6371
EDUC,2022-01-19,7.6659,7.6963,7.4397,7.5187
EDUC,2022-01-20,7.3805,7.6469,7.3805,7.4003
EDUC,2022-01-21,7.3805,7.4003,7.3016,7.4003
EDUC,2022-01-24,7.3016,7.5877,7.203,7.4496
EDUC,2022-01-25,7.3115,7.5876,7.0155,7.1043
EDUC,2022-01-26,7.0845,7.5581,7.0845,7.3115
EDUC,2022-01-27,7.2227,7.3411,7.1141,7.3213
EDUC,2022-01-28,7.2029,7.2917,6.9563,7.1141
EDUC,2022-01-31,7.2128,7.4217,6.976,6.976
EDUC,2022-02-01,7.0747,7.4989,7.0747,7.4989
EDUC,2022-02-02,7.4101,7.5472,7.3312,7.3707
EDUC,2022-02-03,7.4595,7.5483,7.1635,7.3213
EDUC,2022-02-04,7.3904,7.4853,7.1635,7.3509
EDUC,2022-02-07,7.3016,7.3509,7.2177,7.2227
EDUC,2022-02-08,7.2227,7.2621,7.0661,7.2325
EDUC,2022-02-09,7.4496,7.4496,7.124,7.3016
EDUC,2022-02-10,7.1437,7.3016,7.1437,7.1832
EDUC,2022-02-11,7.1437,7.3987,6.9957,7.3987
EDUC,2022-02-14,7.3805,7.3805,7.0549,7.1536
EDUC,2022-02-15,7.1635,7.4003,7.0929,7.2029
EDUC,2022-02-16,7.3312,7.5764,7.3016,7.4101
EDUC,2022-02-17,7.4891,7.9923,7.3291,7.42
EDUC,2022-02-18,7.28,7.669,7.2617,7.28
EDUC,2022-02-22,6.96,7.3115,6.96,7.06
EDUC,2022-02-23,7.06,7.36,7.06,7.22
EDUC,2022-02-24,7.1,7.62,7.1,7.6
EDUC,2022-02-25,7.66,8.07,7.66,8.01
EDUC,2022-02-28,7.96,8.2,7.8,7.88
EDUC,2022-03-01,8.0,8.09,7.87,7.87
EDUC,2022-03-02,7.895,8.1,7.895,8.0
EDUC,2022-03-03,7.92,8.1,7.92,8.1
EDUC,2022-03-04,7.936,8.18,7.86,8.09
EDUC,2022-03-07,7.95,8.16,7.85,7.86
EDUC,2022-03-08,8.3,8.3,7.8785,8.17
EDUC,2022-03-09,8.0272,8.19,7.86,7.9476
EDUC,2022-03-10,8.16,8.4,7.8701,8.4
EDUC,2022-03-11,8.51,8.99,8.18,8.2917
EDUC,2022-03-14,8.21,8.6242,8.1551,8.17
EDUC,2022-03-15,8.17,8.55,8.15,8.19
EDUC,2022-03-16,8.2082,8.33,8.03,8.03
EDUC,2022-03-17,8.11,8.13,7.9401,7.97
EDUC,2022-03-18,7.97,8.1,7.88,8.1
EDUC,2022-03-21,8.1,8.1,7.88,7.88
EDUC,2022-03-22,7.88,7.99,7.86,7.9
EDUC,2022-03-23,7.8501,7.915,7.85,7.915
EDUC,2022-03-24,7.89,7.95,7.88,7.88
EDUC,2022-03-25,7.99,8.28,7.97,8.03
EDUC,2022-03-28,8.11,8.3448,7.96,8.22
EDUC,2022-03-29,8.02,8.1596,8.0001,8.01
EDUC,2022-03-30,8.04,8.04,7.8,7.8
EDUC,2022-03-31,7.63,7.9165,7.57,7.75
EDUC,2022-04-01,7.85,8.36,7.65,8.01
EDUC,2022-04-04,7.98,7.98,7.75,7.95
EDUC,2022-04-05,7.94,8.0,7.8,7.8
EDUC,2022-04-06,7.76,7.81,7.65,7.66
EDUC,2022-04-07,7.55,7.72,7.55,7.64
EDUC,2022-04-08,7.74,7.74,7.5,7.55
EDUC,2022-04-11,7.5099,7.53,7.48,7.51
EDUC,2022-04-12,7.51,7.51,7.45,7.5
EDUC,2022-04-13,7.41,7.46,7.4,7.4
EDUC,2022-04-14,7.47,7.5,7.4,7.4
EDUC,2022-04-18,7.3,7.34,7.3,7.305
EDUC,2022-04-19,7.33,7.33,7.27,7.27
EDUC,2022-04-20,7.2,7.32,7.2,7.27
EDUC,2022-04-21,7.32,7.32,7.03,7.03
EDUC,2022-04-22,7.1378,7.1378,7.0,7.015
EDUC,2022-04-25,7.06,7.0793,6.8,6.9
EDUC,2022-04-26,6.81,6.8649,6.65,6.65
EDUC,2022-04-27,6.55,6.73,6.55,6.65
EDUC,2022-04-28,6.69,6.7,6.5,6.5
EDUC,2022-04-29,6.66,6.69,6.5,6.55
EDUC,2022-05-02,6.5,6.5,6.35,6.37
EDUC,2022-05-03,6.44,6.63,6.25,6.25
EDUC,2022-05-04,6.48,6.48,6.21,6.2911
EDUC,2022-05-05,5.6,5.6,4.38,4.85
EDUC,2022-05-06,4.97,5.17,4.88,5.01
EDUC,2022-05-09,5.02,5.02,4.65,4.72
EDUC,2022-05-10,4.74,4.82,4.5,4.59
EDUC,2022-05-11,4.53,4.6,4.5,4.53
EDUC,2022-05-12,4.63,4.74,4.502,4.74
EDUC,2022-05-13,4.91,5.0112,4.78,4.98
EDUC,2022-05-16,5.08,5.12,4.86,4.95
EDUC,2022-05-17,4.77,4.95,4.77,4.93
EDUC,2022-05-18,5.04,5.04,4.922,4.95
EDUC,2022-05-19,4.8801,5.0,4.8368,4.865
EDUC,2022-05-20,4.76,4.8301,4.59,4.59
EDUC,2022-05-23,4.89,4.89,4.59,4.59
EDUC,2022-05-24,4.74,4.74,4.5613,4.57
EDUC,2022-05-25,4.58,4.58,4.53,4.53
EDUC,2022-05-26,4.62,4.74,4.55,4.55
EDUC,2022-05-27,4.5999,4.5999,4.385,4.5337
EDUC,2022-05-31,4.53,4.69,4.45,4.51
EDUC,2022-06-01,4.63,4.63,4.525,4.53
EDUC,2022-06-02,4.53,4.55,4.46,4.5499
EDUC,2022-06-03,4.55,4.79,4.55,4.73
EDUC,2022-06-06,4.87,4.9,4.7371,4.7371
EDUC,2022-06-07,4.8192,4.99,4.76,4.92
EDUC,2022-06-08,5.0,5.0,4.85,4.86
EDUC,2022-06-09,4.94,5.0,4.75,4.88
EDUC,2022-06-10,4.81,4.81,4.65,4.65
EDUC,2022-06-13,4.65,4.7736,4.56,4.69
EDUC,2022-06-14,4.78,4.78,4.698,4.75
EDUC,2022-06-15,4.75,4.99,4.75,4.91
EDUC,2022-06-16,4.78,4.83,4.7,4.82
EDUC,2022-06-17,4.7,4.75,4.7,4.75
EDUC,2022-06-21,4.72,4.74,4.3071,4.36
EDUC,2022-06-22,4.3,4.73,4.3,4.57
EDUC,2022-06-23,4.5,4.65,4.37,4.37
EDUC,2022-06-24,4.42,4.61,4.21,4.28
EDUC,2022-06-27,4.2888,4.5051,4.28,4.28
EDUC,2022-06-28,4.4499,4.4499,4.265,4.29
EDUC,2022-06-29,4.31,4.3699,4.3,4.3001
EDUC,2022-06-30,4.24,4.26,3.935,4.205
EDUC,2022-07-01,4.37,4.37,4.2,4.2
EDUC,2022-07-05,4.2,4.37,4.0,4.04
EDUC,2022-07-06,4.1,4.2999,4.1,4.15
EDUC,2022-07-07,4.23,4.32,4.04,4.07
EDUC,2022-07-08,4.01,4.068,3.9,3.98
EDUC,2022-07-11,4.0,4.0,3.9101,3.99
EDUC,2022-07-12,3.99,4.0299,3.94,3.94
EDUC,2022-07-13,3.961,4.03,3.9,3.9
EDUC,2022-07-14,3.9,3.97,3.75,3.75
EDUC,2022-07-15,3.75,3.7752,3.61,3.685
EDUC,2022-07-18,3.73,3.82,3.66,3.67
EDUC,2022-07-19,3.63,3.77,3.58,3.58
EDUC,2022-07-20,3.69,3.69,3.5001,3.51
EDUC,2022-07-21,3.63,3.76,3.51,3.5728
EDUC,2022-07-22,3.5,3.598,3.5,3.55
EDUC,2022-07-25,3.75,3.75,3.55,3.56
EDUC,2022-07-26,3.68,3.68,3.5,3.52
EDUC,2022-07-27,3.51,3.51,3.45,3.48
EDUC,2022-07-28,3.46,3.5706,3.39,3.39
EDUC,2022-07-29,3.44,3.4437,3.3295,3.385
EDUC,2022-08-01,3.39,3.39,3.27,3.2782
EDUC,2022-08-02,3.335,3.3899,3.28,3.35
EDUC,2022-08-03,3.4,3.4,3.37,3.4
EDUC,2022-08-04,3.36,3.49,3.35,3.4872
EDUC,2022-08-05,3.49,3.6,3.49,3.6
EDUC,2022-08-08,3.65,3.75,3.5,3.57
EDUC,2022-08-09,3.49,3.5374,3.29,3.32
EDUC,2022-08-10,3.23,3.58,3.23,3.4
EDUC,2022-08-11,3.48,3.5,3.35,3.35
EDUC,2022-08-12,3.34,3.4802,3.34,3.34
EDUC,2022-08-15,3.48,3.5,3.4168,3.45
EDUC,2022-08-16,3.4,3.5025,3.36,3.38
EDUC,2022-08-17,3.49,3.52,3.3299,3.35
EDUC,2022-08-18,3.38,3.38,3.31,3.31
EDUC,2022-08-19,3.29,3.36,3.21,3.28
EDUC,2022-08-22,3.21,3.3137,3.1671,3.2352
EDUC,2022-08-23,3.23,3.4,3.1,3.11
EDUC,2022-08-24,3.3,3.3,3.07,3.09
EDUC,2022-08-25,3.15,3.18,3.11,3.14
EDUC,2022-08-26,3.14,3.26,3.14,3.2
EDUC,2022-08-29,3.29,3.29,3.25,3.255
EDUC,2022-08-30,3.29,3.29,3.2,3.29
EDUC,2022-08-31,3.23,3.3,3.16,3.17
EDUC,2022-09-01,3.18,3.3,3.09,3.09
EDUC,2022-09-02,3.0337,3.11,3.03,3.09
EDUC,2022-09-06,3.1,3.1281,3.0737,3.11
EDUC,2022-09-07,3.12,3.1285,3.01,3.09
EDUC,2022-09-08,3.23,3.23,2.98,3.0191
EDUC,2022-09-09,3.02,3.08,2.94,3.0
EDUC,2022-09-12,3.0,3.02,2.94,2.94
EDUC,2022-09-13,2.81,2.9234,2.8,2.85
EDUC,2022-09-14,2.89,2.8961,2.82,2.83
EDUC,2022-09-15,2.82,2.8599,2.71,2.81
EDUC,2022-09-16,2.81,2.88,2.75,2.81
EDUC,2022-09-19,2.84,2.84,2.73,2.79
EDUC,2022-09-20,2.66,2.7499,2.66,2.71
EDUC,2022-09-21,2.72,2.72,2.65,2.69
EDUC,2022-09-22,2.65,2.66,2.59,2.62
EDUC,2022-09-23,2.69,2.69,2.5,2.52
EDUC,2022-09-26,2.52,2.58,2.4186,2.42
EDUC,2022-09-27,2.58,2.58,2.42,2.43
EDUC,2022-09-28,2.42,2.5089,2.4001,2.42
EDUC,2022-09-29,2.4,2.53,2.4,2.45
EDUC,2022-09-30,2.3899,2.4677,2.3899,2.41
EDUC,2022-10-03,2.4371,2.49,2.4285,2.4802
EDUC,2022-10-04,2.45,2.5255,2.44,2.44
EDUC,2022-10-05,2.42,2.55,2.42,2.44
EDUC,2022-10-06,2.54,2.55,2.45,2.49
EDUC,2022-10-07,2.53,2.53,2.375,2.375
EDUC,2022-10-10,2.39,2.39,2.21,2.224
EDUC,2022-10-11,2.2127,2.29,2.19,2.19
EDUC,2022-10-12,2.18,2.25,2.18,2.19
EDUC,2022-10-13,2.1393,2.25,2.1393,2.23
EDUC,2022-10-14,2.19,2.2899,2.19,2.2184
EDUC,2022-10-17,2.2,2.257,2.2,2.2
EDUC,2022-10-18,2.2,2.2323,2.0,2.08
EDUC,2022-10-19,2.07,2.15,2.07,2.09
EDUC,2022-10-20,2.12,2.22,2.0741,2.22
EDUC,2022-10-21,2.2037,2.29,2.2037,2.29
EDUC,2022-10-24,2.29,2.33,2.2675,2.2675
EDUC,2022-10-25,2.35,2.37,2.3351,2.37
EDUC,2022-10-26,2.3816,2.48,2.37,2.47
EDUC,2022-10-27,2.48,2.64,2.3614,2.55
EDUC,2022-10-28,2.6,2.6999,2.545,2.588
EDUC,2022-10-31,2.48,2.5399,2.48,2.5
EDUC,2022-11-01,2.32,2.5898,2.32,2.45
EDUC,2022-11-02,2.41,2.479,2.3732,2.3768
EDUC,2022-11-03,2.36,2.41,2.2601,2.31
EDUC,2022-11-04,2.43,2.43,2.31,2.3417
EDUC,2022-11-07,2.23,2.63,2.23,2.57
EDUC,2022-11-08,2.48,2.56,2.46,2.55
EDUC,2022-11-09,2.5001,2.61,2.4493,2.61
EDUC,2022-11-10,2.6,2.71,2.51,2.5103
EDUC,2022-11-11,2.67,2.67,2.45,2.52
EDUC,2022-11-14,2.62,2.94,2.53,2.92
EDUC,2022-11-15,2.95,3.015,2.77,2.9
EDUC,2022-11-16,2.99,2.99,2.745,2.78
EDUC,2022-11-17,2.84,2.84,2.78,2.84
EDUC,2022-11-18,2.84,2.9799,2.775,2.87
EDUC,2022-11-21,2.79,2.82,2.75,2.75
EDUC,2022-11-22,2.8083,2.8083,2.75,2.75
EDUC,2022-11-23,2.7697,2.7697,2.7574,2.7574
EDUC,2022-11-25,2.86,2.86,2.75,2.7605
EDUC,2022-11-28,2.75,3.09,2.75,3.03
EDUC,2022-11-29,3.03,3.03,2.91,2.9427
EDUC,2022-11-30,2.91,3.0,2.9,2.98
EDUC,2022-12-01,2.94,3.1899,2.92,3.17
EDUC,2022-12-02,3.1496,3.18,3.12,3.1707
EDUC,2022-12-05,3.17,3.3125,3.1459,3.31
EDUC,2022-12-06,3.37,3.45,3.302,3.4399
EDUC,2022-12-07,3.3554,3.4399,3.3254,3.3497
EDUC,2022-12-08,3.44,3.44,3.31,3.31
EDUC,2022-12-09,3.32,3.39,3.25,3.29
EDUC,2022-12-12,3.26,3.4199,3.25,3.25
EDUC,2022-12-13,3.2834,3.45,3.25,3.32
EDUC,2022-12-14,3.21,3.37,3.2,3.25
EDUC,2022-12-15,3.2501,3.275,3.13,3.165
EDUC,2022-12-16,3.47,3.91,3.13,3.36
EDUC,2022-12-19,3.35,3.35,3.1764,3.1764
EDUC,2022-12-20,3.19,3.33,3.14,3.15
EDUC,2022-12-21,3.1501,3.67,3.15,3.2
EDUC,2022-12-22,3.13,3.34,3.03,3.15
EDUC,2022-12-23,3.28,3.28,3.1001,3.13
EDUC,2022-12-27,3.2,3.28,3.12,3.12
EDUC,2022-12-28,3.01,3.1982,3.01,3.08
EDUC,2022-12-29,3.1,3.2399,3.08,3.1
EDUC,2022-12-30,3.21,3.29,3.01,3.1601
EDUC,2023-01-03,3.07,3.25,3.07,3.25
EDUC,2023-01-04,3.26,3.5,3.26,3.4755
EDUC,2023-01-05,3.5,3.75,3.5,3.7
EDUC,2023-01-06,3.62,3.62,3.34,3.34
EDUC,2023-01-09,3.34,3.42,3.2894,3.33
EDUC,2023-01-10,3.35,3.42,3.3395,3.3677
EDUC,2023-01-11,3.46,3.7,3.4,3.7
EDUC,2023-01-12,3.73,3.8,3.6229,3.79
EDUC,2023-01-13,3.86,3.9313,3.775,3.89
EDUC,2023-01-17,3.9,3.9,3.7,3.729
EDUC,2023-01-18,3.79,3.79,3.62,3.62
EDUC,2023-01-19,3.83,3.9,3.43,3.4489
EDUC,2023-01-20,3.3237,3.68,3.3,3.38
EDUC,2023-01-23,3.35,3.43,3.21,3.345
EDUC,2023-01-24,3.295,3.44,3.295,3.38
EDUC,2023-01-25,3.23,3.46,3.23,3.43
EDUC,2023-01-26,3.59,3.59,3.43,3.44
EDUC,2023-01-27,3.44,3.548,3.3009,3.38
EDUC,2023-01-30,3.45,3.4838,3.31,3.3897
EDUC,2023-01-31,3.2005,3.41,3.2005,3.32
EDUC,2023-02-01,3.23,3.4,3.23,3.34
EDUC,2023-02-02,3.43,3.45,3.35,3.3591
EDUC,2023-02-03,3.41,3.41,3.3207,3.41
EDUC,2023-02-06,3.4101,3.4399,3.38,3.39
EDUC,2023-02-07,3.34,4.0,3.34,4.0
EDUC,2023-02-08,4.0,4.0,3.6044,3.83
EDUC,2023-02-09,3.89,3.89,3.75,3.79
EDUC,2023-02-10,3.936,3.936,3.71,3.72
EDUC,2023-02-13,3.78,3.805,3.7,3.726
EDUC,2023-02-14,3.76,3.89,3.76,3.89
EDUC,2023-02-15,3.795,3.8639,3.7,3.75
EDUC,2023-02-16,3.75,3.79,3.6,3.6954
EDUC,2023-02-17,3.79,3.79,3.7001,3.73
EDUC,2023-02-21,3.82,3.82,3.5014,3.6
EDUC,2023-02-22,3.6009,3.7373,3.6,3.6
EDUC,2023-02-23,3.55,3.82,3.5004,3.63
EDUC,2023-02-24,3.5924,3.66,3.5924,3.63
EDUC,2023-02-27,3.71,3.73,3.665,3.7
EDUC,2023-02-28,3.654,3.72,3.64,3.68
EDUC,2023-03-01,3.697,3.75,3.67,3.67
EDUC,2023-03-02,3.71,3.75,3.6227,3.69
EDUC,2023-03-03,3.77,3.77,3.56,3.66
EDUC,2023-03-06,3.75,3.75,3.58,3.58
EDUC,2023-03-07,3.58,3.664,3.56,3.56
EDUC,2023-03-08,3.56,3.56,3.3786,3.4
EDUC,2023-03-09,3.4,3.555,3.35,3.35
EDUC,2023-03-10,3.27,3.3131,3.14,3.14
EDUC,2023-03-13,3.02,3.1,2.9684,2.98
EDUC,2023-03-14,3.165,3.165,3.02,3.02
EDUC,2023-03-15,2.97,3.03,2.85,2.85
EDUC,2023-03-16,2.85,3.15,2.846,3.15
EDUC,2023-03-17,3.1,3.31,3.095,3.18
EDUC,2023-03-20,3.1,3.401,3.1,3.11
EDUC,2023-03-21,3.257,3.2699,3.16,3.16
EDUC,2023-03-22,2.9896,3.1,2.9896,3.1
EDUC,2023-03-23,3.06,3.1101,2.8501,2.89
EDUC,2023-03-24,2.95,2.961,2.86,2.93
EDUC,2023-03-27,2.84,2.9354,2.84,2.925
EDUC,2023-03-28,2.99,3.0,2.91,2.91
EDUC,2023-03-29,2.99,2.99,2.92,2.92
EDUC,2023-03-30,2.96,2.98,2.92,2.97
EDUC,2023-03-31,2.92,2.94,2.81,2.94
EDUC,2023-04-03,2.83,2.98,2.81,2.9561
EDUC,2023-04-04,2.95,2.95,2.87,2.87
EDUC,2023-04-05,2.861,2.9,2.8359,2.8359
EDUC,2023-04-06,2.92,2.99,2.92,2.95
EDUC,2023-04-10,2.94,2.94,2.76,2.86
EDUC,2023-04-11,2.82,2.856,2.71,2.71
EDUC,2023-04-12,2.71,2.7867,2.51,2.57
EDUC,2023-04-13,2.63,2.72,2.63,2.72
EDUC,2023-04-14,2.64,2.7685,2.0,2.1
EDUC,2023-04-17,1.91,2.5,1.91,2.36
EDUC,2023-04-18,2.23,2.38,2.06,2.3
EDUC,2023-04-19,2.3,2.3,2.11,2.23
EDUC,2023-04-20,2.24,2.27,2.16,2.25
EDUC,2023-04-21,2.11,2.2,2.11,2.1701
EDUC,2023-04-24,2.17,2.44,2.17,2.23
EDUC,2023-04-25,2.26,2.31,2.16,2.16
EDUC,2023-04-26,2.29,2.29,2.12,2.12
EDUC,2023-04-27,2.2,2.29,2.19,2.29
EDUC,2023-04-28,2.3,2.35,2.1,2.11
EDUC,2023-05-01,2.2,2.2,2.03,2.03
EDUC,2023-05-02,2.09,2.095,1.97,1.9843
EDUC,2023-05-03,1.98,2.0,1.93,1.96
EDUC,2023-05-04,1.87,1.94,1.78,1.81
EDUC,2023-05-05,1.77,1.9199,1.77,1.9199
EDUC,2023-05-08,1.84,1.8992,1.84,1.84
EDUC,2023-05-09,1.78,1.9,1.78,1.85
EDUC,2023-05-10,1.8,1.85,1.77,1.77
EDUC,2023-05-11,1.9,1.9,1.7,1.7342
EDUC,2023-05-12,1.62,1.7021,1.54,1.5594
EDUC,2023-05-15,1.578,1.578,1.52,1.545
EDUC,2023-05-16,1.52,1.54,1.46,1.46
EDUC,2023-05-17,1.43,1.48,1.43,1.44
EDUC,2023-05-18,1.4407,1.4407,1.345,1.345
EDUC,2023-05-19,1.38,1.38,1.31,1.32
EDUC,2023-05-22,1.3,1.31,1.28,1.3
EDUC,2023-05-23,1.28,1.3,1.25,1.25
EDUC,2023-05-24,1.31,1.31,1.1901,1.2
EDUC,2023-05-25,1.21,1.3,0.9975,1.08
EDUC,2023-05-26,1.1,1.1,1.04,1.045
EDUC,2023-05-30,1.01,1.09,1.01,1.09
EDUC,2023-05-31,1.07,1.27,1.0501,1.22
EDUC,2023-06-01,1.25,1.27,1.2301,1.25
EDUC,2023-06-02,1.25,1.26,1.22,1.2599
EDUC,2023-06-05,1.23,1.27,1.19,1.24
EDUC,2023-06-06,1.21,1.21,1.11,1.13
EDUC,2023-06-07,1.17,1.18,1.15,1.17
EDUC,2023-06-08,1.2,1.23,1.17,1.19
EDUC,2023-06-09,1.2,1.22,1.18,1.19
EDUC,2023-06-12,1.16,1.2277,1.16,1.21
EDUC,2023-06-13,1.27,1.29,1.19,1.19
EDUC,2023-06-14,1.2,1.2,1.12,1.17
EDUC,2023-06-15,1.17,1.2,1.15,1.19
EDUC,2023-06-16,1.2,1.2,1.17,1.19
EDUC,2023-06-20,1.17,1.23,1.17,1.22
EDUC,2023-06-21,1.196,1.23,1.19,1.23
EDUC,2023-06-22,1.24,1.2435,1.18,1.18
EDUC,2023-06-23,1.1873,1.205,1.18,1.18
EDUC,2023-06-26,1.175,1.23,1.165,1.17
EDUC,2023-06-27,1.21,1.21,1.17,1.18
EDUC,2023-06-28,1.18,1.19,1.17,1.17
EDUC,2023-06-29,1.19,1.26,1.19,1.25
EDUC,2023-06-30,1.22,1.25,1.18,1.19
EDUC,2023-07-03,1.16,1.1884,1.16,1.18
EDUC,2023-07-05,1.18,1.2,1.16,1.1785
EDUC,2023-07-06,1.21,1.2267,1.2,1.2
EDUC,2023-07-07,1.21,1.23,1.2,1.2
EDUC,2023-07-10,1.24,1.24,1.2,1.21
EDUC,2023-07-11,1.209,1.21,1.2,1.2
EDUC,2023-07-12,1.2,1.2,1.16,1.19
EDUC,2023-07-13,1.1801,1.3297,1.1801,1.305
EDUC,2023-07-14,1.33,1.3401,1.1809,1.2103
EDUC,2023-07-17,1.22,1.3,1.2173,1.25
EDUC,2023-07-18,1.2712,1.368,1.2712,1.36
EDUC,2023-07-19,1.3496,1.3812,1.31,1.31
EDUC,2023-07-20,1.3,1.4,1.3,1.32
EDUC,2023-07-21,1.35,1.7018,1.32,1.55
EDUC,2023-07-24,1.62,2.03,1.61,1.75
EDUC,2023-07-25,1.75,1.85,1.75,1.83
EDUC,2023-07-26,1.82,1.9,1.77,1.86
EDUC,2023-07-27,1.8557,2.2,1.8557,2.0
EDUC,2023-07-28,1.95,2.12,1.9201,1.96
EDUC,2023-07-31,2.0,2.0,1.78,1.78
EDUC,2023-08-01,1.77,1.77,1.4355,1.54
EDUC,2023-08-02,1.47,1.65,1.47,1.61
EDUC,2023-08-03,1.63,1.74,1.59,1.67
EDUC,2023-08-04,1.71,1.73,1.65,1.7
EDUC,2023-08-07,1.72,1.72,1.54,1.54
EDUC,2023-08-08,1.575,1.6,1.566,1.6
EDUC,2023-08-09,1.6,1.61,1.47,1.47
EDUC,2023-08-10,1.535,1.62,1.535,1.55
EDUC,2023-08-11,1.5841,1.67,1.55,1.6
EDUC,2023-08-14,1.62,1.7,1.56,1.59
EDUC,2023-08-15,1.5301,1.539,1.48,1.52
EDUC,2023-08-16,1.46,1.57,1.4474,1.48
EDUC,2023-08-17,1.56,1.56,1.46,1.48
EDUC,2023-08-18,1.47,1.57,1.45,1.55
EDUC,2023-08-21,1.54,1.562,1.49,1.49
EDUC,2023-08-22,1.49,1.49,1.46,1.46
EDUC,2023-08-23,1.4652,1.5386,1.4652,1.5
EDUC,2023-08-24,1.47,1.5699,1.415,1.43
EDUC,2023-08-25,1.41,1.465,1.25,1.3499
EDUC,2023-08-28,1.34,1.42,1.34,1.41
EDUC,2023-08-29,1.45,1.48,1.43,1.45
EDUC,2023-08-30,1.4594,1.49,1.4594,1.49
EDUC,2023-08-31,1.49,1.55,1.47,1.52
EDUC,2023-09-01,1.5,1.54,1.5,1.5
EDUC,2023-09-05,1.525,1.55,1.51,1.55
EDUC,2023-09-06,1.55,1.555,1.46,1.46
EDUC,2023-09-07,1.589,1.589,1.44,1.44
EDUC,2023-09-08,1.3716,1.47,1.3716,1.44
EDUC,2023-09-11,1.45,1.45,1.34,1.395
EDUC,2023-09-12,1.41,1.5289,1.38,1.4
EDUC,2023-09-13,1.4,1.41,1.35,1.35
EDUC,2023-09-14,1.35,1.49,1.35,1.46
EDUC,2023-09-15,1.46,1.46,1.4005,1.43
EDUC,2023-09-18,1.43,1.43,1.35,1.36
EDUC,2023-09-19,1.4,1.4,1.25,1.25
EDUC,2023-09-20,1.25,1.25,1.13,1.16
EDUC,2023-09-21,1.11,1.16,1.0469,1.09
EDUC,2023-09-22,1.08,1.09,1.05,1.05
EDUC,2023-09-25,1.09,1.09,1.01,1.02
EDUC,2023-09-26,1.01,1.19,1.01,1.13
EDUC,2023-09-27,1.16,1.16,1.0663,1.08
EDUC,2023-09-28,1.11,1.16,1.08,1.08
EDUC,2023-09-29,1.0754,1.16,1.0501,1.06
EDUC,2023-10-02,1.04,1.19,1.04,1.19
EDUC,2023-10-03,1.19,1.19,1.0601,1.0869
EDUC,2023-10-04,1.15,1.15,1.06,1.112
EDUC,2023-10-05,1.12,1.13,1.06,1.06
EDUC,2023-10-06,1.07,1.17,1.06,1.1
EDUC,2023-10-09,1.06,1.09,1.05,1.08
EDUC,2023-10-10,1.05,1.0799,1.05,1.07
EDUC,2023-10-11,1.04,1.12,1.04,1.06
EDUC,2023-10-12,1.05,1.11,1.02,1.03
EDUC,2023-10-13,1.06,1.42,1.0499,1.16
EDUC,2023-10-16,1.14,1.19,1.11,1.11
EDUC,2023-10-17,1.06,1.13,1.0,1.05
EDUC,2023-10-18,1.06,1.18,1.05,1.18
EDUC,2023-10-19,1.155,1.18,1.13,1.15
EDUC,2023-10-20,1.1,1.15,1.04,1.06
EDUC,2023-10-23,1.12,1.145,0.9931,1.03
EDUC,2023-10-24,1.02,1.0495,0.96,0.9802
EDUC,2023-10-25,1.02,1.03,0.96,0.98
EDUC,2023-10-26,0.9401,1.01,0.9401,0.97495
EDUC,2023-10-27,0.951,0.9898,0.935,0.935
EDUC,2023-10-30,0.964,0.964,0.9005,0.92907
EDUC,2023-10-31,0.94,0.9997,0.94,0.94
EDUC,2023-11-01,0.9499,0.9499,0.91,0.94
EDUC,2023-11-02,0.9106,1.01,0.9101,0.95
EDUC,2023-11-03,0.9502,0.97,0.9502,0.9601
EDUC,2023-11-06,0.9601,0.97,0.91,0.9401
EDUC,2023-11-07,0.9401,0.95,0.9222,0.9451
EDUC,2023-11-08,0.930101,0.9367,0.9201,0.9367
EDUC,2023-11-09,0.9367,0.97,0.927,0.94
EDUC,2023-11-10,0.9638,1.16,0.9638,1.00515
EDUC,2023-11-13,0.9752,1.02,0.9601,0.985
EDUC,2023-11-14,0.985,0.99,0.9302,0.975
EDUC,2023-11-15,0.96,0.9914,0.86,0.8648
EDUC,2023-11-16,1.03,1.05,0.8901,0.921
EDUC,2023-11-17,0.92,0.920799,0.8,0.81
EDUC,2023-11-20,0.805,0.8995,0.805,0.849
EDUC,2023-11-21,0.8144,0.87,0.8144,0.85
EDUC,2023-11-22,0.85,0.8515,0.84,0.84
EDUC,2023-11-24,0.8499,0.9,0.829765,0.890951
EDUC,2023-11-27,0.9117,0.92,0.8484,0.87
EDUC,2023-11-28,0.87,0.899,0.87,0.882501
EDUC,2023-11-29,0.8825,0.8825,0.8432,0.86
EDUC,2023-11-30,0.875,0.875,0.8303,0.8501
EDUC,2023-12-01,0.875,0.9162,0.860301,0.8862
EDUC,2023-12-04,0.85,0.914801,0.85,0.8918
EDUC,2023-12-05,0.88,0.9259,0.8542,0.8542
EDUC,2023-12-06,0.83,0.865801,0.83,0.8379
EDUC,2023-12-07,0.84,0.897,0.84,0.87
EDUC,2023-12-08,0.8701,0.887501,0.869753,0.87
EDUC,2023-12-11,0.86,0.9725,0.83,0.8715
EDUC,2023-12-12,0.8715,0.899801,0.8002,0.85
EDUC,2023-12-13,0.8925,0.8925,0.8,0.886
EDUC,2023-12-14,0.867,0.89,0.835,0.89
EDUC,2023-12-15,0.9,0.9,0.84205,0.86
EDUC,2023-12-18,0.9,0.9698,0.8741,0.8741
EDUC,2023-12-19,0.893,0.9655,0.893,0.91812
EDUC,2023-12-20,0.87,0.96,0.87,0.94
EDUC,2023-12-21,0.92,0.9899,0.8841,0.9799
EDUC,2023-12-22,1.0,1.03,0.95,0.95
EDUC,2023-12-26,0.93,1.0,0.9046,0.9402
EDUC,2023-12-27,0.9145,1.02,0.9145,1.0
EDUC,2023-12-28,0.99,1.12,0.99,1.1
EDUC,2023-12-29,1.14,1.24,1.03,1.16
EDUC,2024-01-02,1.14,1.24,1.11,1.2
EDUC,2024-01-03,1.2,1.2,1.1542,1.18
EDUC,2024-01-04,1.11,1.28,1.11,1.24
EDUC,2024-01-05,1.25,1.2869,1.21,1.2203
EDUC,2024-01-08,1.2,1.26,1.113,1.17
EDUC,2024-01-09,1.22,1.22,1.1701,1.185
EDUC,2024-01-10,1.2,1.21,1.15,1.17
EDUC,2024-01-11,1.17,1.23,1.17,1.22
EDUC,2024-01-12,1.22,1.42,1.16,1.42
EDUC,2024-01-16,1.44,1.88,1.44,1.8
EDUC,2024-01-17,1.79,1.88,1.6001,1.69
EDUC,2024-01-18,1.755,2.0,1.69,1.93
EDUC,2024-01-19,1.99,2.0445,1.69,1.91
EDUC,2024-01-22,1.85,1.91,1.72,1.72
EDUC,2024-01-23,1.78,1.78,1.5863,1.63
EDUC,2024-01-24,1.62,1.63,1.448,1.52
EDUC,2024-01-25,1.58,1.5964,1.45,1.55
EDUC,2024-01-26,1.5,1.5799,1.36,1.49
EDUC,2024-01-29,1.49,1.65,1.49,1.62
EDUC,2024-01-30,1.62,1.62,1.56,1.56
EDUC,2024-01-31,1.5101,1.6199,1.5001,1.6
EDUC,2024-02-01,1.61,1.78,1.55,1.78
EDUC,2024-02-02,1.74,1.89,1.73,1.8884
EDUC,2024-02-05,1.86,1.92,1.7201,1.92
EDUC,2024-02-06,1.89,1.89,1.71,1.8
EDUC,2024-02-07,1.7,1.85,1.5001,1.84
EDUC,2024-02-08,1.835,1.835,1.7101,1.78
EDUC,2024-02-09,1.71,1.85,1.62,1.73
EDUC,2024-02-12,1.7074,1.84,1.7074,1.73
EDUC,2024-02-13,1.715,1.715,1.67,1.69
EDUC,2024-02-14,1.62,1.83,1.62,1.83
EDUC,2024-02-15,1.8399,1.8399,1.7301,1.76
EDUC,2024-02-16,1.7599,1.84,1.75,1.82
EDUC,2024-02-20,1.74,1.8002,1.72,1.766
EDUC,2024-02-21,1.77,1.9,1.66,1.8289
EDUC,2024-02-22,1.79,1.82,1.72,1.81
EDUC,2024-02-23,1.78,1.8601,1.7566,1.7908
EDUC,2024-02-26,1.8001,1.8798,1.8,1.82
EDUC,2024-02-27,1.8663,1.8735,1.74,1.82
EDUC,2024-02-28,1.802,2.0,1.77,1.92
EDUC,2024-02-29,1.97,2.05,1.83,1.84
EDUC,2024-03-01,1.84,1.885,1.71,1.71
EDUC,2024-03-04,1.81,1.81,1.46,1.72
EDUC,2024-03-05,1.735,1.735,1.67,1.67
EDUC,2024-03-06,1.67,1.85,1.67,1.785
EDUC,2024-03-07,1.6838,1.7999,1.6004,1.74
EDUC,2024-03-08,1.75,1.81,1.75,1.7514
EDUC,2024-03-11,1.7,1.7999,1.69,1.76
EDUC,2024-03-12,1.76,1.77,1.6404,1.76
EDUC,2024-03-13,1.85,2.25,1.816,2.07
EDUC,2024-03-14,2.06,2.18,1.9,1.91
EDUC,2024-03-15,1.86,1.9731,1.8479,1.87
EDUC,2024-03-18,1.82,1.92,1.82,1.87
EDUC,2024-03-19,1.9717,2.07,1.8291,1.9699
EDUC,2024-03-20,1.86,1.95,1.81,1.95
EDUC,2024-03-21,1.93,2.23,1.93,2.16
EDUC,2024-03-22,2.23,2.24,1.95,2.05
EDUC,2024-03-25,2.09,2.14,2.0701,2.13
EDUC,2024-03-26,2.0,2.25,1.715,2.01
EDUC,2024-03-27,1.99,2.09,1.84,2.02
EDUC,2024-03-28,2.08,2.16,1.95,2.07
EDUC,2024-04-01,2.08,2.24,2.08,2.23
EDUC,2024-04-02,2.28,2.29,2.1038,2.21
EDUC,2024-04-03,2.24,2.95,2.21,2.81
EDUC,2024-04-04,2.81,2.9244,2.51,2.51
EDUC,2024-04-05,2.52,2.7849,2.52,2.62
EDUC,2024-04-08,2.73,2.88,2.6452,2.88
EDUC,2024-04-09,2.81,2.81,2.671,2.69
EDUC,2024-04-10,2.59,2.68,2.57,2.57
EDUC,2024-04-11,2.65,2.78,2.65,2.69
EDUC,2024-04-12,2.79,2.79,2.55,2.62
EDUC,2024-04-15,2.66,2.81,2.3501,2.5
EDUC,2024-04-16,2.46,2.52,2.3201,2.4399
EDUC,2024-04-17,2.36,2.37,2.07,2.25
EDUC,2024-04-18,2.15,2.15,1.92,1.92
EDUC,2024-04-19,1.86,2.05,1.81,1.98
EDUC,2024-04-22,1.98,2.12,1.98,2.0946
EDUC,2024-04-23,2.09,2.2,2.09,2.14
EDUC,2024-04-24,2.2325,2.25,2.0307,2.06
EDUC,2024-04-25,2.17,2.27,2.1,2.11
EDUC,2024-04-26,2.25,2.3,2.135,2.18
EDUC,2024-04-29,2.12,2.261,2.12,2.175
EDUC,2024-04-30,2.18,2.2063,2.16,2.16
EDUC,2024-05-01,2.15,2.22,2.15,2.17
EDUC,2024-05-02,2.17,2.26,2.0001,2.04
EDUC,2024-05-03,2.05,2.0514,1.9,1.9
EDUC,2024-05-06,1.91,1.95,1.77,1.81
EDUC,2024-05-07,1.811,2.07,1.811,1.96
EDUC,2024-05-08,1.99,2.08,1.99,2.01
EDUC,2024-05-09,2.02,2.39,2.02,2.18
EDUC,2024-05-10,2.26,2.26,2.19,2.21
EDUC,2024-05-13,2.2709,2.315,2.1,2.18
EDUC,2024-05-14,2.2,2.2,2.1,2.12
EDUC,2024-05-15,2.28,2.36,2.14,2.14
EDUC,2024-05-16,2.2,2.21,1.96,2.0132
EDUC,2024-05-17,2.04,2.05,2.02,2.03
EDUC,2024-05-20,2.16,2.16,2.02,2.0648
EDUC,2024-05-21,2.13,2.18,2.078,2.18
EDUC,2024-05-22,2.07,2.18,1.975,2.0
EDUC,2024-05-23,2.0,2.03,1.9551,1.9551
EDUC,2024-05-24,1.95,1.9755,1.89,1.89
EDUC,2024-05-28,1.93,1.97,1.93,1.97
EDUC,2024-05-29,1.99,1.9901,1.82,1.9291
EDUC,2024-05-30,1.9618,1.9618,1.809,1.86
EDUC,2024-05-31,1.82,1.93,1.77,1.87
EDUC,2024-06-03,1.77,1.78,1.7,1.75
EDUC,2024-06-04,1.71,1.7447,1.68,1.69
EDUC,2024-06-05,1.68,1.69,1.4701,1.62
EDUC,2024-06-06,1.61,1.68,1.58,1.64
EDUC,2024-06-07,1.635,1.67,1.6153,1.67
EDUC,2024-06-10,1.71,1.7399,1.6834,1.6834
EDUC,2024-06-11,1.54,1.63,1.54,1.63
EDUC,2024-06-12,1.75,2.0,1.75,1.9893
EDUC,2024-06-13,1.88,2.035,1.88,2.035
EDUC,2024-06-14,1.9,2.18,1.8796,2.055
EDUC,2024-06-17,2.14,2.14,1.91,1.94
EDUC,2024-06-18,1.95,1.97,1.86,1.9
EDUC,2024-06-20,1.9,2.0,1.8992,1.92
EDUC,2024-06-21,1.99,2.0,1.93,2.0
EDUC,2024-06-24,1.94,1.95,1.92,1.92
EDUC,2024-06-25,1.91,1.98,1.91,1.91
EDUC,2024-06-26,1.89,1.92,1.89,1.92
EDUC,2024-06-27,1.9406,1.9715,1.9,1.9599
EDUC,2024-06-28,1.88,1.9299,1.76,1.8535
EDUC,2024-07-01,1.8,1.83,1.78,1.8122
EDUC,2024-07-02,1.76,1.93,1.73,1.855
EDUC,2024-07-03,1.885,1.885,1.8001,1.86
EDUC,2024-07-05,1.86,1.88,1.84,1.88
EDUC,2024-07-08,1.81,1.88,1.81,1.8767
EDUC,2024-07-09,1.84,1.94,1.8008,1.9
EDUC,2024-07-10,1.86,1.9,1.8201,1.85
EDUC,2024-07-11,1.8,1.94,1.8,1.92
EDUC,2024-07-12,1.8639,1.99,1.86,1.9001
EDUC,2024-07-15,1.9,1.93,1.9,1.9
EDUC,2024-07-16,1.85,1.95,1.85,1.93
EDUC,2024-07-17,1.91,1.95,1.9089,1.925
EDUC,2024-07-18,1.89,2.35,1.89,2.07
EDUC,2024-07-19,2.14,2.352,2.0627,2.31
EDUC,2024-07-22,2.3,2.3,2.17,2.17
EDUC,2024-07-23,2.215,2.215,2.1373,2.1456
EDUC,2024-07-24,2.12,2.16,2.12,2.135
EDUC,2024-07-25,2.13,2.14,2.13,2.14
EDUC,2024-07-26,2.065,2.25,1.8901,2.25
EDUC,2024-07-29,2.2,2.24,2.1,2.14
EDUC,2024-07-30,2.2,2.205,2.03,2.08
EDUC,2024-07-31,2.03,2.1,2.0101,2.07
EDUC,2024-08-01,2.19,2.38,2.19,2.36
EDUC,2024-08-02,2.45,2.45,2.17,2.17
EDUC,2024-08-05,2.03,2.15,2.03,2.15
EDUC,2024-08-06,2.03,2.09,2.02,2.09
EDUC,2024-08-07,2.0367,2.1,1.89,2.06
EDUC,2024-08-08,2.48,2.48,2.0,2.02
EDUC,2024-08-09,1.99,1.99,1.94,1.99
EDUC,2024-08-12,1.93,2.085,1.92,1.92
EDUC,2024-08-13,2.04,2.29,1.9701,2.05
EDUC,2024-08-14,2.09,2.09,2.01,2.04
EDUC,2024-08-15,2.19,2.19,2.07,2.12
EDUC,2024-08-16,2.07,2.115,2.0665,2.115
EDUC,2024-08-19,2.07,2.25,2.06,2.06
EDUC,2024-08-20,2.05,2.096,1.96,1.97
EDUC,2024-08-21,2.0,2.0,1.99,1.99
EDUC,2024-08-22,1.975,2.04,1.96,2.04
EDUC,2024-08-23,2.0758,2.0758,1.9401,2.0335
EDUC,2024-08-26,1.96,2.002,1.95,1.96
EDUC,2024-08-27,1.93,2.06,1.93,1.94
EDUC,2024-08-28,1.99,2.055,1.93,1.93
EDUC,2024-08-29,2.03,2.13,1.9401,2.0553
EDUC,2024-08-30,2.036,2.036,2.03,2.03
EDUC,2024-09-03,1.96,2.16,1.96,1.99
EDUC,2024-09-04,2.1036,2.1036,2.01,2.02
EDUC,2024-09-05,1.981,2.0182,1.9801,2.0182
EDUC,2024-09-06,2.01,2.1001,2.01,2.0176
EDUC,2024-09-09,2.0,2.12,1.96,2.0259
EDUC,2024-09-10,1.99,2.02,1.99,2.01
EDUC,2024-09-11,2.03,2.0736,2.03,2.05
EDUC,2024-09-12,2.1025,2.34,2.0217,2.2
EDUC,2024-09-13,2.175,2.175,2.09,2.15
EDUC,2024-09-16,2.15,2.15,2.0007,2.02
EDUC,2024-09-17,1.99,2.12,1.99,2.01
EDUC,2024-09-18,2.01,2.155,1.95,1.95
EDUC,2024-09-19,1.92,1.97,1.82,1.97
EDUC,2024-09-20,1.97,1.97,1.8383,1.97
EDUC,2024-09-23,2.0,2.05,2.0,2.01
EDUC,2024-09-24,2.11,2.37,1.88,2.16
EDUC,2024-09-25,2.08,2.44,2.08,2.4
EDUC,2024-09-26,2.36,2.48,2.31,2.38
EDUC,2024-09-27,2.32,2.43,2.26,2.38
EDUC,2024-09-30,2.34,2.38,2.26,2.282
EDUC,2024-10-01,2.22,2.22,2.2,2.22
EDUC,2024-10-02,2.2,2.27,2.17,2.24
EDUC,2024-10-03,2.1961,2.28,2.1608,2.23
EDUC,2024-10-04,2.28,2.28,2.1,2.17
EDUC,2024-10-07,2.12,2.25,2.12,2.13
EDUC,2024-10-08,2.16,2.23,2.1301,2.19
EDUC,2024-10-09,2.12,2.17,2.12,2.15
EDUC,2024-10-10,2.2375,2.25,2.1804,2.2
EDUC,2024-10-11,2.11,2.25,2.04,2.06
EDUC,2024-10-14,2.1,2.18,2.05,2.06
EDUC,2024-10-15,2.07,2.19,2.07,2.07
EDUC,2024-10-16,2.16,2.16,2.06,2.13
EDUC,2024-10-17,2.08,2.15,2.07,2.07
EDUC,2024-10-18,2.11,2.11,2.045,2.06
EDUC,2024-10-21,2.02,2.07,2.02,2.0201
EDUC,2024-10-22,2.045,2.105,2.02,2.04
EDUC,2024-10-23,2.0201,2.058,2.02,2.02
EDUC,2024-10-24,2.08,2.1,2.02,2.02
EDUC,2024-10-25,2.01,2.1,2.01,2.1
EDUC,2024-10-28,2.02,2.02,2.02,2.02
EDUC,2024-10-29,2.02,2.05,2.02,2.02
EDUC,2024-10-30,2.02,2.06,2.02,2.06
EDUC,2024-10-31,2.1,2.12,2.0999,2.0999
EDUC,2024-11-01,2.021,2.1,2.0,2.055
EDUC,2024-11-04,2.05,2.1,2.05,2.07
EDUC,2024-11-05,1.98,2.07,1.98,2.03
EDUC,2024-11-06,2.11,2.11,2.0328,2.0643
EDUC,2024-11-07,2.07,2.1,2.0091,2.0215
EDUC,2024-11-08,2.055,2.055,2.0,2.025
EDUC,2024-11-11,2.01,2.11,1.87,1.93
EDUC,2024-11-12,1.9104,2.0227,1.91,1.9101
EDUC,2024-11-13,1.91,1.95,1.91,1.9387
EDUC,2024-11-14,1.94,1.945,1.89,1.945
EDUC,2024-11-15,1.94,1.95,1.88,1.94
EDUC,2024-11-18,1.89,1.95,1.88,1.9
EDUC,2024-11-19,1.89,1.95,1.881,1.9
EDUC,2024-11-20,1.89,1.89,1.81,1.855
EDUC,2024-11-21,1.78,1.82,1.78,1.82
EDUC,2024-11-22,1.89,1.99,1.81,1.81
EDUC,2024-11-25,1.885,1.9673,1.85,1.92
EDUC,2024-11-26,1.87,1.87,1.82,1.87
EDUC,2024-11-27,1.87,1.9,1.83,1.88
EDUC,2024-11-29,1.841,1.9,1.8315,1.8315
EDUC,2024-12-02,1.83,1.97,1.83,1.8401
EDUC,2024-12-03,1.81,1.96,1.65,1.9499
EDUC,2024-12-04,1.8301,1.9423,1.8301,1.865
EDUC,2024-12-05,1.83,1.95,1.83,1.87
EDUC,2024-12-06,1.8535,1.9,1.8,1.89
EDUC,2024-12-09,1.83,1.95,1.8,1.8773
EDUC,2025-01-27,1.69,1.71,1.58,1.5906
EDUC,2025-01-28,1.6,1.91,1.6,1.6509
EDUC,2025-01-29,1.65,1.8058,1.6,1.75
EDUC,2025-01-30,1.685,1.8,1.6101,1.6101
EDUC,2025-01-31,1.73,1.73,1.615,1.63
EDUC,2025-02-03,1.6142,1.62,1.58,1.59
EDUC,2025-02-04,1.645,1.6899,1.6,1.62
EDUC,2025-02-05,1.58,1.64,1.57,1.5801
EDUC,2025-02-06,1.51,1.67,1.51,1.585
EDUC,2025-02-07,1.56,1.6168,1.56,1.59
EDUC,2025-02-10,1.56,1.58,1.52,1.58
EDUC,2025-02-11,1.58,1.65,1.511,1.575
EDUC,2025-02-12,1.6071,1.6071,1.57,1.58
EDUC,2025-02-13,1.58,1.67,1.52,1.6
EDUC,2025-02-14,1.575,1.6,1.54,1.55
EDUC,2025-02-18,1.5991,1.6,1.51,1.53
EDUC,2025-02-19,1.57,1.57,1.52,1.53
EDUC,2025-02-20,1.534,1.59,1.5139,1.5139
EDUC,2025-02-21,1.51,1.59,1.5,1.54
EDUC,2025-02-24,1.5,1.57,1.5,1.51
EDUC,2025-02-25,1.51,1.55,1.42,1.475
EDUC,2025-02-26,1.41,1.4992,1.41,1.42
EDUC,2025-02-27,1.48,1.58,1.45,1.46
EDUC,2025-02-28,1.42,1.47,1.42,1.45
EDUC,2025-03-03,1.42,1.4667,1.42,1.42
EDUC,2025-03-04,1.42,1.42,1.35,1.3564
EDUC,2025-03-05,1.3,1.3999,1.3,1.36
EDUC,2025-03-06,1.3338,1.3475,1.3,1.34
EDUC,2025-03-07,1.2939,1.34,1.2939,1.3384
EDUC,2025-03-10,1.28,1.28,1.28,1.28
EDUC,2025-03-11,1.2504,1.2504,1.25,1.2504
EDUC,2025-03-12,1.3399,1.34,1.2682,1.285
EDUC,2025-03-13,1.24,1.29,1.24,1.25
EDUC,2025-03-14,1.2474,1.34,1.2474,1.34
EDUC,2025-03-17,1.33,1.33,1.267,1.278
EDUC,2025-03-18,1.265,1.3,1.26,1.26
EDUC,2025-03-19,1.261,1.31,1.2605,1.27
EDUC,2025-03-20,1.305,1.3388,1.2709,1.2755
EDUC,2025-03-21,1.25,1.3213,1.25,1.26
EDUC,2025-03-24,1.26,1.28,1.26,1.27
EDUC,2025-03-25,1.21,1.3,1.21,1.26
EDUC,2025-03-26,1.29,1.3499,1.28,1.28
EDUC,2025-03-27,1.24,1.45,1.24,1.375
EDUC,2025-03-28,1.38,1.38,1.37,1.38
EDUC,2025-03-31,1.37,1.4999,1.37,1.4199
EDUC,2025-04-01,1.3757,1.4,1.28,1.31
EDUC,2025-04-02,1.35,1.35,1.27,1.27
EDUC,2025-04-03,1.29,1.35,1.2609,1.3
EDUC,2025-04-04,1.26,1.3,1.26,1.26
EDUC,2025-04-07,1.266,1.266,1.22,1.23
EDUC,2025-04-08,1.22,1.2386,1.15,1.1589
EDUC,2025-04-09,1.0907,1.1719,1.0131,1.0907
EDUC,2025-04-10,1.27,1.27,1.19,1.19
EDUC,2025-04-11,1.19,1.25,1.16,1.1789
EDUC,2025-04-14,1.21,1.261,1.17,1.24
EDUC,2025-04-15,1.1799,1.18,1.16,1.17
EDUC,2025-04-16,1.16,1.2099,1.16,1.16
EDUC,2025-04-17,1.2,1.3287,1.135,1.3287
EDUC,2025-04-21,1.245,1.33,1.17,1.1962
EDUC,2025-04-22,1.2616,1.2616,1.2,1.2
EDUC,2025-04-23,1.2,1.2,1.19,1.2
EDUC,2025-04-24,1.23,1.33,1.19,1.1977
EDUC,2025-04-25,1.23,1.3,1.1901,1.2
EDUC,2025-04-28,1.2,1.28,1.2,1.28
EDUC,2025-04-29,1.28,1.28,1.23,1.23
EDUC,2025-04-30,1.25,1.25,1.23,1.23
EDUC,2025-05-01,1.24,1.24,1.22,1.235
EDUC,2025-05-02,1.281,1.59,1.23,1.26
EDUC,2025-05-05,1.3,1.47,1.3,1.3031
EDUC,2025-05-06,1.3098,1.4999,1.25,1.2945
EDUC,2025-05-07,1.33,1.33,1.2461,1.27
EDUC,2025-05-08,1.31,1.34,1.27,1.3
EDUC,2025-05-09,1.3267,1.3377,1.27,1.27
EDUC,2025-05-12,1.34,1.6163,1.32,1.32
EDUC,2025-05-13,1.54,1.54,1.32,1.32
EDUC,2025-05-14,1.2883,1.3194,1.19,1.26
EDUC,2025-05-15,1.2601,1.3199,1.2,1.3
EDUC,2025-05-16,1.29,1.309,1.2168,1.27
EDUC,2025-05-19,1.2111,1.34,1.21,1.34
EDUC,2025-05-20,1.45,1.535,1.29,1.3
EDUC,2025-05-21,1.27,1.39,1.27,1.39
EDUC,2025-05-22,1.38,1.445,1.32,1.3363
EDUC,2025-05-23,1.37,1.41,1.3,1.35
EDUC,2025-05-27,1.31,1.49,1.29,1.3286
EDUC,2025-05-28,1.31,1.38,1.31,1.32
EDUC,2025-05-29,1.31,1.4,1.31,1.4
EDUC,2025-05-30,1.35,1.38,1.33,1.36
EDUC,2025-06-02,1.47,1.5499,1.37,1.41
EDUC,2025-06-03,1.37,1.4,1.34,1.35
EDUC,2025-06-04,1.37,1.37,1.3144,1.3175
EDUC,2025-06-05,1.41,1.64,1.323,1.323
EDUC,2025-06-06,1.4925,1.4925,1.3525,1.3525
EDUC,2025-06-09,1.43,1.43,1.35,1.3806
EDUC,2025-06-10,1.39,1.5002,1.3501,1.39
EDUC,2025-06-11,1.373,1.385,1.37,1.37
EDUC,2025-06-12,1.37,1.42,1.36,1.36
EDUC,2025-06-13,1.4,1.4,1.4,1.4
EDUC,2025-06-16,1.3381,1.3993,1.32,1.33
EDUC,2025-06-17,1.3777,1.3777,1.33,1.33
EDUC,2025-06-18,1.3404,1.3404,1.32,1.32
EDUC,2025-06-20,1.4,1.46,1.3,1.32
EDUC,2025-06-23,1.31,1.33,1.3,1.32
EDUC,2025-06-24,1.34,1.3469,1.3,1.32
EDUC,2025-06-25,1.3,1.35,1.3,1.31
EDUC,2025-06-26,1.35,1.37,1.3,1.37
EDUC,2025-06-27,1.34,1.36,1.3301,1.34
EDUC,2025-06-30,1.36,1.36,1.27,1.34
EDUC,2025-07-01,1.32,1.3484,1.32,1.34
EDUC,2025-07-02,1.35,1.3699,1.33,1.3345
EDUC,2025-07-03,1.37,1.4,1.33,1.33
EDUC,2025-07-07,1.3211,1.4,1.32,1.35
EDUC,2025-07-08,1.3802,1.3835,1.25,1.3
EDUC,2025-07-09,1.29,1.3494,1.25,1.31
EDUC,2025-07-10,1.3405,1.3467,1.296,1.3
EDUC,2025-07-11,1.3,1.335,1.3,1.335
EDUC,2025-07-14,1.3487,1.35,1.29,1.32
EDUC,2025-07-15,1.269,1.35,1.269,1.3001
EDUC,2025-07-16,1.32,1.35,1.26,1.3
EDUC,2025-07-17,1.35,1.35,1.29,1.29
EDUC,2025-07-18,1.3176,1.3499,1.3,1.325
EDUC,2025-07-21,1.316,1.35,1.316,1.328
EDUC,2025-07-22,1.3699,1.3699,1.2968,1.3
EDUC,2025-07-23,1.32,1.35,1.31,1.3476
EDUC,2025-07-24,1.345,1.36,1.3101,1.32
EDUC,2025-07-25,1.33,1.34,1.33,1.34
EDUC,2025-07-28,1.34,1.34,1.33,1.34
EDUC,2025-07-29,1.37,1.4,1.36,1.37
EDUC,2025-07-30,1.3296,1.3296,1.3296,1.3296
EDUC,2025-07-31,1.335,1.4,1.33,1.34
EDUC,2025-08-01,1.3912,1.3912,1.3,1.3001
EDUC,2025-08-04,1.3,1.3,1.3,1.3
EDUC,2025-08-05,1.3269,1.355,1.3,1.3233
EDUC,2025-08-07,1.3004,1.3108,1.2606,1.2606
EDUC,2025-08-08,1.3,1.3,1.26,1.26
EDUC,2025-08-11,1.26,1.2989,1.005,1.17
EDUC,2025-08-12,1.1482,1.1499,1.0903,1.0903
EDUC,2025-08-13,1.09,1.1892,1.035,1.0999
EDUC,2025-08-14,1.13,1.13,1.08,1.08
EDUC,2025-08-15,1.13,1.13,1.0705,1.0768
EDUC,2025-08-18,1.06,1.11,1.06,1.11
EDUC,2025-08-19,1.1165,1.1165,1.0942,1.105
EDUC,2025-08-20,1.085,1.085,1.05,1.05
EDUC,2025-08-21,1.045,1.056,1.04,1.05
EDUC,2025-08-22,1.26,1.33,1.01,1.08
EDUC,2025-08-25,1.09,1.13,1.01,1.09
EDUC,2025-08-26,1.11,1.14,1.0609,1.07
EDUC,2025-08-27,1.07,1.11,1.07,1.08
EDUC,2025-08-28,1.1,1.14,1.0925,1.11
EDUC,2025-08-29,1.1084,1.18,1.05,1.16
EDUC,2025-09-02,1.1,1.15,1.09,1.13
EDUC,2025-09-03,1.11,1.14,1.08,1.14
EDUC,2025-09-04,1.14,1.14,1.0914,1.11
EDUC,2025-09-05,1.11,1.13,1.1,1.1
EDUC,2025-09-08,1.08,1.15,1.08,1.12
EDUC,2025-09-09,1.1,1.16,1.09,1.09
EDUC,2025-09-10,1.1,1.12,1.09,1.1052
EDUC,2025-09-11,1.14,1.14,1.09,1.09
EDUC,2025-09-12,1.15,1.15,1.1,1.12
EDUC,2025-09-15,1.1,1.28,1.1,1.265
EDUC,2025-09-16,1.35,1.39,1.26,1.3659
EDUC,2025-09-17,1.55,1.84,1.4301,1.8092
EDUC,2025-09-18,1.46,1.55,1.37,1.47
EDUC,2025-09-19,1.37,1.51,1.3501,1.42
EDUC,2025-09-22,1.33,1.47,1.33,1.46
EDUC,2025-09-23,1.48,1.48,1.33,1.42
EDUC,2025-09-24,1.38,1.3986,1.35,1.38
EDUC,2025-09-25,1.345,1.39,1.33,1.36
EDUC,2025-09-26,1.32,1.37,1.32,1.36
EDUC,2025-09-29,1.31,1.41,1.3005,1.38
EDUC,2025-09-30,1.3223,1.3695,1.31,1.33
EDUC,2025-10-01,1.31,1.35,1.31,1.33
EDUC,2025-10-02,1.31,1.32,1.25,1.3
EDUC,2025-10-03,1.33,1.375,1.3,1.33
EDUC,2025-10-06,1.34,1.44,1.32,1.39
EDUC,2025-10-07,1.44,1.65,1.43,1.63
EDUC,2025-10-08,1.59,1.59,1.51,1.52
EDUC,2025-10-09,1.58,1.6826,1.52,1.61
EDUC,2025-10-10,1.56,1.6155,1.44,1.45
EDUC,2025-10-13,1.47,1.47,1.3783,1.42
EDUC,2025-10-14,1.38,1.48,1.36,1.44
EDUC,2025-10-15,1.42,1.5071,1.3982,1.47
EDUC,2025-10-16,1.43,1.4999,1.3808,1.46
EDUC,2025-10-17,1.45,1.57,1.431,1.51
EDUC,2025-10-20,1.51,1.6295,1.46,1.47
EDUC,2025-10-21,1.45,1.51,1.4,1.475
EDUC,2025-10-22,1.38,1.52,1.38,1.43
EDUC,2025-10-23,1.49,1.52,1.4413,1.47
EDUC,2025-10-24,1.42,1.505,1.42,1.44
EDUC,2025-10-27,1.46,1.5307,1.42,1.51
EDUC,2025-10-28,1.44,1.53,1.35,1.49
EDUC,2025-10-29,1.56,1.73,1.49,1.68
EDUC,2025-10-30,1.63,1.63,1.52,1.53
EDUC,2025-10-31,1.47,1.62,1.44,1.56
EDUC,2025-11-03,1.53,1.5873,1.51,1.51
EDUC,2025-11-04,1.49,1.51,1.29,1.36
EDUC,2025-11-05,1.34,1.43,1.3378,1.41
EDUC,2025-11-06,1.41,1.42,1.3,1.35
EDUC,2025-11-07,1.35,1.4,1.3,1.35
EDUC,2025-11-10,1.32,1.4,1.32,1.36
EDUC,2025-11-11,1.33,1.35,1.3,1.35
EDUC,2025-11-12,1.33,1.38,1.3,1.35
EDUC,2025-11-13,1.4234,1.4234,1.33,1.36
EDUC,2025-11-14,1.36,1.415,1.285,1.41
EDUC,2025-11-17,1.312,1.3728,1.25,1.26
EDUC,2025-11-18,1.24,1.32,1.24,1.26
EDUC,2025-11-19,1.24,1.2923,1.22,1.255
EDUC,2025-11-20,1.3,1.3,1.21,1.25
EDUC,2025-11-21,1.2,1.29,1.2,1.2405
EDUC,2025-11-24,1.2367,1.29,1.21,1.24
EDUC,2025-11-25,1.24,1.29,1.215,1.2525
EDUC,2025-11-26,1.3069,1.3069,1.24,1.265
EDUC,2025-11-28,1.26,1.26,1.23,1.26
EDUC,2025-12-01,1.2776,1.3,1.24,1.29
EDUC,2025-12-02,1.28,1.29,1.25,1.28
EDUC,2025-12-03,1.29,1.29,1.21,1.29
EDUC,2025-12-04,1.31,1.35,1.24,1.31
EDUC,2025-12-05,1.27,1.33,1.23,1.3
EDUC,2025-12-08,1.26,1.3266,1.26,1.32
EDUC,2025-12-09,1.36,1.36,1.26,1.29
EDUC,2025-12-10,1.27,1.33,1.23,1.3
EDUC,2025-12-11,1.28,1.34,1.2732,1.34
EDUC,2025-12-12,1.34,1.34,1.27,1.34
EDUC,2025-12-15,1.29,1.3333,1.2701,1.32
EDUC,2025-12-16,1.305,1.34,1.2345,1.33
EDUC,2025-12-17,1.31,1.32,1.24,1.275
EDUC,2025-12-18,1.28,1.32,1.2616,1.32
EDUC,2025-12-19,1.31,1.3456,1.29,1.33
EDUC,2025-12-22,1.26,1.34,1.245,1.28
EDUC,2025-12-23,1.3,1.3299,1.2847,1.3299
EDUC,2025-12-24,1.29,1.345,1.29,1.33
EDUC,2025-12-26,1.26,1.3347,1.26,1.33
EDUC,2025-12-29,1.28,1.32,1.27,1.32
EDUC,2025-12-30,1.28,1.3497,1.27,1.32
EDUC,2025-12-31,1.3,1.35,1.28,1.32
EDUC,2026-01-02,1.23,1.35,1.23,1.35
EDUC,2026-01-05,1.3,1.385,1.3,1.37
EDUC,2026-01-06,1.35,1.39,1.35,1.37
EDUC,2026-01-07,1.38,1.3867,1.35,1.37
EDUC,2026-01-08,1.35,1.43,1.35,1.43
EDUC,2026-01-09,1.37,1.47,1.35,1.42
EDUC,2026-01-12,1.44,1.44,1.41,1.42
EDUC,2026-01-13,1.395,1.44,1.35,1.44
EDUC,2026-01-14,1.48,1.58,1.4,1.44
EDUC,2026-01-15,1.46,1.485,1.435,1.45
EDUC,2026-01-16,1.45,1.46,1.39,1.44
EDUC,2026-01-20,1.35,1.45,1.35,1.383
EDUC,2026-01-21,1.4,1.46,1.34,1.457
EDUC,2026-01-22,1.43,1.47,1.42,1.45
EDUC,2026-01-23,1.46,1.46,1.365,1.41
EDUC,2026-01-26,1.42,1.4299,1.38,1.39
EDUC,2026-01-27,1.3898,1.42,1.36,1.42
EDUC,2026-01-28,1.42,1.44,1.4,1.41
EDUC,2026-01-29,1.45,1.45,1.365405,1.42
EDUC,2026-01-30,1.43,1.43,1.3803,1.4
EDUC,2026-02-02,1.41,1.4299,1.39,1.39
